           1501
       temp [K]   eff_v [cm/s]
                      100	     2.06003275359619e-07
                      101	     2.73101624168049e-07
                      102	     3.60043664424233e-07
                      103	     4.72103764625384e-07
                      104	     6.15799170539445e-07
                      105	     7.99144720196158e-07
                      106	     1.03195165473401e-06
                      107	     1.32617666093786e-06
                      108	     1.69632789940716e-06
                      109	     2.15993542184003e-06
                      110	     2.73809406010602e-06
                      111	     3.45608757643591e-06
                      112	     4.34410359562714e-06
                      113	     5.43804959373336e-06
                      114	      6.7804809900067e-06
                      115	     8.42165317629369e-06
                      116	     1.04207101167363e-05
                      117	     1.28470229563106e-05
                      118	     1.57816928849958e-05
                      119	     1.93192333105406e-05
                      120	     2.35694471920377e-05
                      121	     2.86595161738276e-05
                      122	     3.47363189295272e-05
                      123	     4.19689968740621e-05
                      124	     5.05517861222642e-05
                      125	     6.07071352607225e-05
                      126	     7.26891291500126e-05
                      127	     8.67872395822021e-05
                      128	     0.000103330424178696
                      129	     0.000122691595421455
                      130	     0.000145292482161783
                      131	     0.000171608906341139
                      132	      0.00020217649798375
                      133	     0.000237596871777493
                      134	     0.000278544288744512
                      135	     0.000325772826612981
                      136	     0.000380124082534194
                      137	     0.000442535431742205
                      138	     0.000514048865625052
                      139	     0.000595820432465545
                      140	     0.000689130303815117
                      141	     0.000795393489085278
                      142	      0.00091617122047835
                      143	      0.00105318302983194
                      144	      0.00120831953832157
                      145	      0.00138365597925349
                      146	       0.0015814664733868
                      147	      0.00180423907535268
                      148	       0.0020546916087905
                      149	      0.00233578830679896
                      150	       0.0026507572732081
                      151	      0.00300310877901767
                      152	      0.00339665440712363
                      153	      0.00383552705716927
                      154	      0.00432420182101784
                      155	      0.00486751773794931
                      156	      0.00547070043724424
                      157	      0.00613938567433353
                      158	      0.00687964376516995
                      159	      0.00769800492192229
                      160	      0.00860148549150671
                      161	      0.00959761509686173
                      162	       0.0106944646792441
                      163	       0.0119006754381823
                      164	         0.01322548866407
                      165	       0.0146787764567295
                      166	       0.0162710733216164
                      167	       0.0180136086336887
                      168	       0.0199183399573233
                      169	        0.021997987209035
                      170	       0.0242660676481487
                      171	       0.0267369316789885
                      172	       0.0294257994465953
                      173	       0.0323487982064526
                      174	       0.0355230004472148
                      175	       0.0389664627439784
                      176	       0.0426982653182227
                      177	       0.0467385522791898
                      178	       0.0511085725201434
                      179	       0.0558307212416934
                      180	       0.0609285820731483
                      181	       0.0664269697617083
                      182	       0.0723519733982019
                      183	       0.0787310001470423
                      184	       0.0855928194470859
                      185	       0.0929676076491702
                      186	        0.100886993055246
                      187	        0.109384101323243
                      188	        0.118493601201071
                      189	        0.128251750552519
                      190	         0.13869644263721
                      191	         0.14986725260627
                      192	        0.161805484174881
                      193	        0.174554216432533
                      194	        0.188158350751464
                      195	        0.202664657753484
                      196	        0.218121824295261
                      197	         0.23458050043194
                      198	        0.252093346318978
                      199	        0.270715079012036
                      200	        0.290502519124834
                      201	        0.311514637305035
                      202	        0.333812600488357
                      203	        0.357459817891395
                      204	        0.382521986703912
                      205	        0.409067137441688
                      206	         0.43716567892148
                      207	        0.466890442820027
                      208	        0.498316727779587
                      209	        0.531522343023023
                      210	        0.566587651442046
                      211	        0.603595612122877
                      212	        0.642631822274247
                      213	        0.683784558523381
                      214	        0.727144817546373
                      215	        0.772806356000126
                      216	        0.820865729723893
                      217	        0.871422332179222
                      218	        0.924578432098118
                      219	        0.980439210309988
                      220	         1.03911279571902
                      221	         1.10071030040446
                      222	         1.16534585381729
                      223	         1.23313663604784
                      224	         1.30420291013984
                      225	         1.37866805342727
                      226	         1.45665858787179
                      227	         1.53830420937915
                      228	         1.62373781607438
                      229	         1.71309553551627
                      230	         1.80651675083308
                      231	         1.90414412576226
                      232	         2.00612362857806
                      233	         2.11260455489195
                      234	         2.22373954931205
                      235	         2.33968462594849
                      236	         2.46059918775303
                      237	         2.58664604468199
                      238	         2.71799143067294
                      239	         2.85480501942634
                      240	          2.9972599389845
                      241	         3.14553278510121
                      242	         3.29980363339651
                      243	         3.46025605029179
                      244	         3.62707710272177
                      245	         3.80045736662052
                      246	         3.98059093417986
                      247	         4.16767541987942
                      248	         4.36191196528839
                      249	         4.56350524264002
                      250	         4.77266345718081
                      251	         4.98959834829719
                      252	          5.2145251894234
                      253	         5.44766278673472
                      254	         5.68923347663179
                      255	         5.93946312202168
                      256	         6.19858110740276
                      257	         6.46682033276078
                      258	         6.74441720628457
                      259	         7.03161163591033
                      260	         7.32864701970407
                      261	         7.63577023509263
                      262	         7.95323162695423
                      263	         8.28128499458007
                      264	         8.62018757751904
                      265	         8.97020004031857
                      266	         9.33158645617454
                      267	          9.7046142895042
                      268	         10.0895543774564
                      269	         10.4866809103739
                      270	         10.8962714112227
                      271	         11.3186067140046
                      272	         11.7539709411683
                      273	         12.2026514800365
                      274	         12.6649389582645
                      275	         13.1411272183487
                      276	         13.6315132912018
                      277	         14.1363973688125
                      278	          14.656082776008
                      279	         15.1908759413381
                      280	         15.7410863670975
                      281	         16.3070265985084
                      282	         16.8890121920791
                      283	         17.4873616831602
                      284	          18.102396552716
                      285	          18.734441193332
                      286	         19.3838228744778
                      287	          20.050871707044
                      288	         20.7359206071754
                      289	         21.4393052594171
                      290	         22.1613640791972
                      291	         22.9024381746633
                      292	         23.6628713078942
                      293	         24.4430098555068
                      294	         25.2432027686777
                      295	         26.0638015326011
                      296	         26.9051601254008
                      297	         27.7676349765191
                      298	         28.6515849245998
                      299	         29.5573711748878
                      300	         30.4853572561629
                      301	           31.43590897723
                      302	         32.4093943829827
                      303	         33.4061837100627
                      304	         34.4266493421318
                      305	         35.4711657647781
                      306	         36.5401095200742
                      307	         37.6338591608068
                      308	         38.7527952043977
                      309	         39.8973000865321
                      310	         41.0677581145169
                      311	         42.2645554203839
                      312	         43.4880799137574
                      313	         44.7387212345051
                      314	         46.0168707051883
                      315	         47.3229212833307
                      316	         48.6572675135227
                      317	         50.0203054793773
                      318	         51.4124327553567
                      319	         52.8340483584843
                      320	         54.2855526999602
                      321	         55.7673475366953
                      322	         57.2798359227808
                      323	         58.8234221609084
                      324	         60.3985117537579
                      325	          62.005511355365
                      326	         63.6448287224881
                      327	         65.3168726659846
                      328	         67.0220530022155
                      329	          68.760780504489
                      330	         70.5334668545595
                      331	         72.3405245941947
                      332	         74.1823670768241
                      333	         76.0594084192835
                      334	         77.9720634536669
                      335	         79.9207476792984
                      336	         81.9058772148398
                      337	         83.9278687505398
                      338	         85.9871395006439
                      339	         88.0841071559706
                      340	         90.2191898366695
                      341	         92.3928060451699
                      342	         94.6053746193312
                      343	         96.8573146858068
                      344	         99.1490456136307
                      345	         101.480986968037
                      346	          103.85355846452
                      347	         106.267179923153
                      348	          108.72227122316
                      349	         111.219252257765
                      350	         113.758542889314
                      351	         116.340562904693
                      352	         118.965731971034
                      353	         121.634469591728
                      354	         124.347195062752
                      355	         127.104327429309
                      356	           129.9062854428
                      357	         132.753487518127
                      358	         135.646351691334
                      359	           138.5852955776
                      360	         141.570736329578
                      361	         144.603090596094
                      362	         147.682774481219
                      363	         150.810203503696
                      364	         153.985792556757
                      365	         157.209955868314
                      366	          160.48310696153
                      367	         163.805658615792
                      368	         167.178022828071
                      369	         170.600610774681
                      370	         174.073832773443
                      371	         177.598098246255
                      372	         181.173815682073
                      373	         184.801392600305
                      374	         188.481235514622
                      375	         192.213749897191
                      376	         195.999340143328
                      377	         199.838409536579
                      378	         203.731360214229
                      379	         207.678593133244
                      380	         211.680508036637
                      381	          215.73750342028
                      382	         219.849976500144
                      383	         224.018323179983
                      384	         228.242938019455
                      385	         232.524214202679
                      386	         236.862543507248
                      387	         241.258316273667
                      388	         245.711921375253
                      389	         250.223746188462
                      390	         254.794176563679
                      391	         259.423596796438
                      392	           264.1123895991
                      393	         268.860936072967
                      394	         273.669615680852
                      395	         278.538806220087
                      396	         283.468883795982
                      397	         288.460222795724
                      398	         293.513195862731
                      399	         298.628173871435
                      400	         303.805525902526
                      401	         309.045619218624
                      402	         314.348819240402
                      403	         319.715489523145
                      404	         325.145991733755
                      405	         330.640685628185
                      406	         336.199929029318
                      407	         341.824077805279
                      408	         347.513485848183
                      409	          353.26850505331
                      410	         359.089485298717
                      411	         364.976774425276
                      412	         370.930718217143
                      413	         376.951660382646
                      414	         383.039942535601
                      415	         389.195904177049
                      416	         395.419882677408
                      417	         401.712213259049
                      418	         408.073228979278
                      419	         414.503260713737
                      420	         421.002637140212
                      421	         427.571684722848
                      422	         434.210727696765
                      423	         440.920088053088
                      424	         447.700085524362
                      425	         454.551037570371
                      426	         461.473259364353
                      427	           468.4670637796
                      428	          475.53276137645
                      429	         482.670660389665
                      430	          489.88106671619
                      431	         497.164283903291
                      432	         504.520613137072
                      433	         511.950353231358
                      434	         519.453800616964
                      435	         527.031249331311
                      436	         534.682991008421
                      437	         542.409314869268
                      438	         550.210507712489
                      439	         558.086853905441
                      440	         566.038635375621
                      441	         574.066131602425
                      442	         582.169619609258
                      443	         590.349373955979
                      444	         598.605666731692
                      445	          606.93876754786
                      446	         615.348943531762
                      447	         623.836459320274
                      448	         632.401577053969
                      449	         641.044556371546
                      450	         649.765654404569
                      451	         658.565125772531
                      452	         667.443222578216
                      453	         676.400194403376
                      454	         685.436288304713
                      455	         694.551748810154
                      456	         703.746817915431
                      457	         713.021735080952
                      458	         722.376737228955
                      459	         731.812058740964
                      460	         741.327931455512
                      461	         750.924584666151
                      462	         760.602245119742
                      463	          770.36113701501
                      464	         780.201482001373
                      465	         790.123499178033
                      466	          800.12740509334
                      467	         810.213413744395
                      468	          820.38173657693
                      469	          830.63258248543
                      470	         840.966157813502
                      471	          851.38266635449
                      472	         861.882309352339
                      473	          872.46528550269
                      474	          883.13179095421
                      475	         893.882019310163
                      476	         904.716161630198
                      477	         915.634406432367
                      478	         926.636939695372
                      479	         937.723944861015
                      480	         948.895602836877
                      481	         960.152091999206
                      482	         971.493588196007
                      483	         982.920264750349
                      484	         994.432292463861
                      485	         1006.02983962044
                      486	         1017.71307199015
                      487	         1029.48215283331
                      488	         1041.33724290477
                      489	          1053.2785004584
                      490	         1065.30608125169
                      491	         1077.42013855067
                      492	         1089.62082313482
                      493	         1101.90828330231
                      494	         1114.28266487537
                      495	         1126.74411120575
                      496	         1139.29276318045
                      497	         1151.92875922759
                      498	         1164.65223532237
                      499	         1177.46332499326
                      500	         1190.36215932834
                      501	         1203.34886698173
                      502	         1216.42357418025
                      503	         1229.58640473013
                      504	         1242.83748002399
                      505	         1256.17691904783
                      506	         1269.60483838821
                      507	         1283.12135223961
                      508	         1296.72657241183
                      509	         1310.42060833762
                      510	          1324.2035670803
                      511	          1338.0755533417
                      512	         1352.03666946999
                      513	         1366.08701546783
                      514	          1380.2266890005
                      515	         1394.45578540423
                      516	         1408.77439769457
                      517	         1423.18261657493
                      518	         1437.68053044519
                      519	          1452.2682254104
                      520	         1466.94578528965
                      521	         1481.71329162494
                      522	         1496.57082369023
                      523	         1511.51845850051
                      524	         1526.55627082107
                      525	         1541.68433317672
                      526	         1556.90271586122
                      527	          1572.2114869467
                      528	         1587.61071229323
                      529	         1603.10045555846
                      530	         1618.68077820728
                      531	         1634.35173952164
                      532	         1650.11339661035
                      533	         1665.96580441909
                      534	         1681.90901574031
                      535	         1697.94308122336
                      536	         1714.06804938458
                      537	          1730.2839666175
                      538	         1746.59087720311
                      539	         1762.98882332014
                      540	         1779.47784505546
                      541	         1796.05798041447
                      542	         1812.72926533164
                      543	         1829.49173368096
                      544	          1846.3454172866
                      545	         1863.29034593348
                      546	         1880.32654737799
                      547	         1897.45404735868
                      548	         1914.67286960705
                      549	         1931.98303585834
                      550	         1949.38456586238
                      551	         1966.87747739447
                      552	         1984.46178626633
                      553	         2002.13750633701
                      554	          2019.9046495239
                      555	         2037.76322581378
                      556	         2055.71324327379
                      557	         2073.75470806261
                      558	         2091.88762444149
                      559	         2110.11199478542
                      560	         2128.42781959426
                      561	         2146.83509750394
                      562	         2165.33382529764
                      563	         2183.92399791705
                      564	         2202.60560847353
                      565	         2221.37864825945
                      566	          2240.2431067594
                      567	         2259.19897166149
                      568	         2278.24622886866
                      569	         2297.38486250999
                      570	         2316.61485495199
                      571	         2335.93618680996
                      572	          2355.3488369593
                      573	         2374.85278254687
                      574	         2394.44799900235
                      575	         2414.13446004956
                      576	         2433.91213771784
                      577	          2453.7810023534
                      578	         2473.74102263067
                      579	         2493.79216556368
                      580	         2513.93439651741
                      581	         2534.16767921911
                      582	         2554.49197576973
                      583	         2574.90724665519
                      584	         2595.41345075774
                      585	         2616.01054536733
                      586	          2636.6984861929
                      587	         2657.47722737373
                      588	         2678.34672149072
                      589	          2699.3069195777
                      590	         2720.35777113273
                      591	         2741.49922412938
                      592	         2762.73122502798
                      593	         2784.05371878685
                      594	         2805.46664887359
                      595	         2826.96995727625
                      596	         2848.56358451456
                      597	         2870.24746965112
                      598	         2892.02155030253
                      599	         2913.88576265059
                      600	          2935.8400414534
                      601	          2957.8843200565
                      602	          2980.0185304039
                      603	         3002.24260304921
                      604	         3024.55646716666
                      605	         3046.96005056213
                      606	         3069.45327968414
                      607	         3092.03607963481
                      608	         3114.70837418084
                      609	         3137.47008576444
                      610	         3160.32113551419
                      611	         3183.26144325592
                      612	          3206.2909275236
                      613	         3229.40950557008
                      614	         3252.61709337793
                      615	         3275.91360567021
                      616	         3299.29895592113
                      617	         3322.77305636682
                      618	         3346.33581801596
                      619	         3369.98715066041
                      620	         3393.72696288585
                      621	         3417.55516208231
                      622	         3441.47165445476
                      623	         3465.47634503354
                      624	         3489.56913768491
                      625	         3513.74993512145
                      626	         3538.01863891247
                      627	         3562.37514949437
                      628	           3586.819366181
                      629	         3611.35118717394
                      630	         3635.97050957275
                      631	         3660.67722938521
                      632	         3685.47124153753
                      633	         3710.35243988446
                      634	         3735.32071721944
                      635	         3760.37596528464
                      636	         3785.51807478104
                      637	         3810.74693537838
                      638	         3836.06243572519
                      639	         3861.46446345864
                      640	         3886.95290521446
                      641	         3912.52764663677
                      642	          3938.1885723879
                      643	         3963.93556615814
                      644	         3989.76851067545
                      645	         4015.68728771515
                      646	         4041.69177810958
                      647	         4067.78186175767
                      648	         4093.95741763452
                      649	         4120.21832380088
                      650	         4146.56445741268
                      651	         4172.99569473041
                      652	         4199.51191112853
                      653	         4226.11298110483
                      654	         4252.79877828971
                      655	         4279.56917545545
                      656	         4306.42404452544
                      657	         4333.36325658335
                      658	         4360.38668188224
                      659	          4387.4941898537
                      660	         4414.68564911682
                      661	         4441.96092748728
                      662	         4469.31989198623
                      663	         4496.76240884924
                      664	         4524.28834353518
                      665	         4551.89756073503
                      666	         4579.58992438064
                      667	         4607.36529765352
                      668	         4635.22354299349
                      669	         4663.16452210731
                      670	         4691.18809597738
                      671	         4719.29412487017
                      672	         4747.48246834483
                      673	         4775.75298526162
                      674	         4804.10553379032
                      675	         4832.53997141866
                      676	         4861.05615496059
                      677	         4889.65394056466
                      678	         4918.33318372213
                      679	         4947.09373927532
                      680	         4975.93546142565
                      681	         5004.85820374179
                      682	         5033.86181916777
                      683	         5062.94616003089
                      684	         5092.11107804981
                      685	         5121.35642434241
                      686	         5150.68204943368
                      687	          5180.0878032636
                      688	         5209.57353519488
                      689	         5239.13909402073
                      690	         5268.78432797259
                      691	         5298.50908472774
                      692	         5328.31321141694
                      693	         5358.19655463202
                      694	         5388.15896043334
                      695	         5418.20027435735
                      696	         5448.32034142396
                      697	         5478.51900614394
                      698	         5508.79611252629
                      699	         5539.15150408552
                      700	         5569.58502384892
                      701	         5600.09651436373
                      702	         5630.68581770437
                      703	         5661.35277547948
                      704	         5692.09722883909
                      705	         5722.91901848157
                      706	         5753.81798466067
                      707	         5784.79396719243
                      708	         5815.84680546211
                      709	           5846.976338431
                      710	         5878.18240464332
                      711	         5909.46484223287
                      712	         5940.82348892985
                      713	         5972.25818206748
                      714	         6003.76875858868
                      715	         6035.35505505265
                      716	         6067.01690764139
                      717	         6098.75415216623
                      718	         6130.56662407432
                      719	         6162.45415845502
                      720	         6194.41659004625
                      721	         6226.45375324088
                      722	         6258.56548209301
                      723	         6290.75161032419
                      724	         6323.01197132962
                      725	         6355.34639818438
                      726	          6387.7547236495
                      727	         6420.23678017803
                      728	          6452.7923999211
                      729	         6485.42141473393
                      730	         6518.12365618175
                      731	         6550.89895554575
                      732	         6583.74714382892
                      733	         6616.66805176186
                      734	         6649.66150980864
                      735	         6682.72734817249
                      736	         6715.86539680152
                      737	         6749.07548539439
                      738	         6782.35744340592
                      739	         6815.71110005271
                      740	         6849.13628431863
                      741	         6882.63282496038
                      742	         6916.20055051292
                      743	         6949.83928929487
                      744	         6983.54886941397
                      745	         7017.32911877234
                      746	         7051.17986507185
                      747	         7085.10093581934
                      748	         7119.09215833185
                      749	         7153.15335974185
                      750	         7187.28436700234
                      751	         7221.48500689198
                      752	         7255.75510602015
                      753	         7290.09449083199
                      754	          7324.5029876134
                      755	         7358.98042249598
                      756	         7393.52662146195
                      757	         7428.14141034905
                      758	         7462.82461485537
                      759	         7497.57606054412
                      760	         7532.39557284846
                      761	         7567.28297707619
                      762	         7602.23809841445
                      763	         7637.26076193437
                      764	         7672.35079259571
                      765	         7707.50801525143
                      766	         7742.73225465224
                      767	         7778.02333545109
                      768	         7813.38108220768
                      769	         7848.80531939287
                      770	          7884.2958713931
                      771	         7919.85256251476
                      772	         7955.47521698849
                      773	         7991.16365897351
                      774	         8026.91771256189
                      775	         8062.73720178272
                      776	         8098.62195060639
                      777	         8134.57178294864
                      778	          8170.5865226748
                      779	         8206.66599360378
                      780	         8242.81001951218
                      781	          8279.0184241383
                      782	         8315.29103118613
                      783	         8351.62766432927
                      784	         8388.02814721493
                      785	         8424.49230346772
                      786	         8461.01995669357
                      787	         8497.61093048354
                      788	          8534.2650484176
                      789	         8570.98213406839
                      790	         8607.76201100494
                      791	         8644.60450279636
                      792	         8681.50943301553
                      793	         8718.47662524267
                      794	         8755.50590306902
                      795	          8792.5970901003
                      796	         8829.75000996035
                      797	         8866.96448629456
                      798	         8904.24034277336
                      799	         8941.57740309569
                      800	         8978.97549099236
                      801	         9016.43443022948
                      802	         9053.95404461178
                      803	         9091.53415798594
                      804	         9129.17459424386
                      805	         9166.87517732596
                      806	         9204.63573122437
                      807	         9242.45607998616
                      808	         9280.33604771649
                      809	         9318.27545858175
                      810	         9356.27413681273
                      811	          9394.3319067076
                      812	         9432.44859263509
                      813	         9470.62401903739
                      814	         9508.85801043326
                      815	         9547.15039142093
                      816	         9585.50098668109
                      817	         9623.90962097976
                      818	         9662.37611917121
                      819	         9700.90030620083
                      820	         9739.48200710791
                      821	         9778.12104702851
                      822	          9816.8172511982
                      823	         9855.57044495483
                      824	         9894.38045374124
                      825	         9933.24710310797
                      826	         9972.17021871594
                      827	         10011.1496263391
                      828	         10050.1851518669
                      829	         10089.2766213073
                      830	         10128.4238607888
                      831	         10167.6266965634
                      832	         10206.8849550089
                      833	         10246.1984626315
                      834	         10285.5670460681
                      835	         10324.9905320891
                      836	         10364.4687476003
                      837	         10404.0015196458
                      838	         10443.5886754102
                      839	         10483.2300422206
                      840	         10522.9254475495
                      841	         10562.6747190167
                      842	         10602.4776843917
                      843	         10642.3341715958
                      844	         10682.2440087048
                      845	         10722.2070239507
                      846	         10762.2230457237
                      847	         10802.2919025754
                      848	         10842.4134232195
                      849	         10882.5874365353
                      850	         10922.8137715686
                      851	         10963.0922575347
                      852	         11003.4227238199
                      853	         11043.8049999835
                      854	         11084.2389157602
                      855	         11124.7243010617
                      856	          11165.260985979
                      857	         11205.8488007838
                      858	         11246.4875759312
                      859	         11287.1771420607
                      860	         11327.9173299987
                      861	         11368.7079707603
                      862	         11409.5488955507
                      863	         11450.4399357675
                      864	         11491.3809230022
                      865	         11532.3716890422
                      866	         11573.4120658721
                      867	          11614.501885676
                      868	         11655.6409808389
                      869	         11696.8291839482
                      870	         11738.0663277959
                      871	         11779.3522453796
                      872	         11820.6867699049
                      873	         11862.0697347861
                      874	         11903.5009736485
                      875	         11944.9803203297
                      876	         11986.5076088813
                      877	         12028.0826735701
                      878	           12069.70534888
                      879	         12111.3754695132
                      880	         12153.0928703919
                      881	         12194.8573866595
                      882	         12236.6688536825
                      883	         12278.5271070514
                      884	         12320.4319825824
                      885	         12362.3833163187
                      886	         12404.3809445319
                      887	         12446.4247037233
                      888	         12488.5144306253
                      889	         12530.6499622028
                      890	         12572.8311356542
                      891	         12615.0577884131
                      892	         12657.3297581492
                      893	         12699.6468827697
                      894	         12742.0090004206
                      895	         12784.4159494877
                      896	         12826.8675685982
                      897	         12869.3636966214
                      898	         12911.9041726702
                      899	         12954.4888361022
                      900	         12997.1175265207
                      901	         13039.7900837759
                      902	         13082.5063479662
                      903	         13125.2661594388
                      904	         13168.0693587913
                      905	         13210.9157868726
                      906	         13253.8052847836
                      907	         13296.7376938789
                      908	          13339.712855767
                      909	          13382.730612312
                      910	         13425.7908056343
                      911	         13468.8932781115
                      912	         13512.0378723795
                      913	         13555.2244313333
                      914	          13598.452798128
                      915	         13641.7228161798
                      916	         13685.0343291668
                      917	         13728.3871810297
                      918	         13771.7812159733
                      919	         13815.2162784664
                      920	         13858.6922132436
                      921	         13902.2088653054
                      922	         13945.7660799195
                      923	         13989.3637026214
                      924	         14033.0015792151
                      925	          14076.679555774
                      926	         14120.3974786417
                      927	         14164.1551944328
                      928	         14207.9525500334
                      929	          14251.789392602
                      930	           14295.66556957
                      931	          14339.580928643
                      932	         14383.5353178006
                      933	         14427.5285852979
                      934	         14471.5605796655
                      935	         14515.6311497107
                      936	         14559.7401445178
                      937	         14603.8874134488
                      938	         14648.0728061441
                      939	          14692.296172523
                      940	         14736.5573627842
                      941	         14780.8562274068
                      942	         14825.1926171504
                      943	         14869.5663830559
                      944	          14913.977376446
                      945	         14958.4254489256
                      946	         15002.9104523826
                      947	         15047.4322389882
                      948	         15091.9906611975
                      949	         15136.5855717499
                      950	         15181.2168236698
                      951	         15225.8842702668
                      952	         15270.5877651361
                      953	         15315.3271621595
                      954	         15360.1023155052
                      955	         15404.9130796285
                      956	         15449.7593092723
                      957	         15494.6408594675
                      958	         15539.5575855332
                      959	         15584.5093430771
                      960	         15629.4959879963
                      961	          15674.517376477
                      962	         15719.5733649956
                      963	         15764.6638103184
                      964	         15809.7885695023
                      965	          15854.947499895
                      966	         15900.1404591356
                      967	         15945.3673051542
                      968	         15990.6278961733
                      969	          16035.922090707
                      970	         16081.2497475619
                      971	         16126.6107258374
                      972	         16172.0048849257
                      973	         16217.4320845121
                      974	         16262.8921845754
                      975	          16308.385045388
                      976	         16353.9105275164
                      977	         16399.4684918211
                      978	         16445.0587994568
                      979	         16490.6813118729
                      980	         16536.3358908137
                      981	         16582.0223983181
                      982	         16627.7406967204
                      983	         16673.4906486501
                      984	         16719.2721170322
                      985	         16765.0849650874
                      986	         16810.9290563319
                      987	         16856.8042545782
                      988	         16902.7104239348
                      989	         16948.6474288061
                      990	         16994.6151338931
                      991	         17040.6134041932
                      992	         17086.6421050003
                      993	          17132.701101905
                      994	         17178.7902607945
                      995	         17224.9094478529
                      996	         17271.0585295612
                      997	         17317.2373726974
                      998	         17363.4458443366
                      999	         17409.6838118507
                     1000	         17455.9511429091
                     1001	         17502.2477054782
                     1002	         17548.5733678215
                     1003	         17594.9279985001
                     1004	         17641.3114663721
                     1005	          17687.723640593
                     1006	         17734.1643906155
                     1007	         17780.6335861898
                     1008	         17827.1310973633
                     1009	         17873.6567944806
                     1010	         17920.2105481837
                     1011	         17966.7922294119
                     1012	         18013.4017094017
                     1013	         18060.0388596867
                     1014	         18106.7035520979
                     1015	         18153.3956587631
                     1016	         18200.1150521075
                     1017	         18246.8616048532
                     1018	          18293.635190019
                     1019	          18340.435680921
                     1020	         18387.2629511719
                     1021	          18434.116874681
                     1022	         18480.9973256546
                     1023	         18527.9041785952
                     1024	         18574.8373083019
                     1025	         18621.7965898703
                     1026	          18668.781898692
                     1027	         18715.7931104549
                     1028	         18762.8301011429
                     1029	         18809.8927470359
                     1030	         18856.9809247093
                     1031	         18904.0945110344
                     1032	          18951.233383178
                     1033	         18998.3974186021
                     1034	          19045.586495064
                     1035	         19092.8004906161
                     1036	         19140.0392836057
                     1037	         19187.3027526749
                     1038	         19234.5907767602
                     1039	         19281.9032350927
                     1040	         19329.2400071976
                     1041	         19376.6009728944
                     1042	         19423.9860122961
                     1043	         19471.3950058097
                     1044	         19518.8278341355
                     1045	         19566.2843782672
                     1046	         19613.7645194915
                     1047	         19661.2681393881
                     1048	         19708.7951198293
                     1049	         19756.3453429799
                     1050	         19803.9186912969
                     1051	         19851.5150475293
                     1052	         19899.1342947179
                     1053	         19946.7763161952
                     1054	         19994.4409955847
                     1055	         20042.1282168014
                     1056	         20089.8378640507
                     1057	         20137.5698218291
                     1058	          20185.323974923
                     1059	         20233.1002084091
                     1060	         20280.8984076539
                     1061	         20328.7184583135
                     1062	         20376.5602463333
                     1063	         20424.4236579476
                     1064	         20472.3085796798
                     1065	         20520.2148983413
                     1066	         20568.1425010323
                     1067	         20616.0912751404
                     1068	         20664.0611083411
                     1069	         20712.0518885973
                     1070	         20760.0635041588
                     1071	         20808.0958435623
                     1072	         20856.1487956308
                     1073	         20904.2222494737
                     1074	         20952.3160944862
                     1075	         21000.4302203488
                     1076	         21048.5645170275
                     1077	         21096.7188747731
                     1078	         21144.8931841211
                     1079	         21193.0873358913
                     1080	         21241.3012211873
                     1081	         21289.5347313964
                     1082	         21337.7877581894
                     1083	         21386.0601935197
                     1084	         21434.3519296238
                     1085	           21482.66285902
                     1086	          21530.992874509
                     1087	         21579.3418691729
                     1088	          21627.709736375
                     1089	         21676.0963697597
                     1090	         21724.5016632519
                     1091	         21772.9255110566
                     1092	          21821.367807659
                     1093	         21869.8284478234
                     1094	         21918.3073265935
                     1095	         21966.8043392916
                     1096	         22015.3193815186
                     1097	         22063.8523491534
                     1098	         22112.4031383524
                     1099	         22160.9716455495
                     1100	         22209.5577674555
                     1101	         22258.1614010577
                     1102	         22306.7824436196
                     1103	         22355.4207926803
                     1104	         22404.0763460547
                     1105	         22452.7490018323
                     1106	         22501.4386583775
                     1107	         22550.1452143289
                     1108	         22598.8685685988
                     1109	          22647.608620373
                     1110	         22696.3652691106
                     1111	          22745.138414543
                     1112	         22793.9279566742
                     1113	         22842.7337957796
                     1114	         22891.5558324066
                     1115	         22940.3939673733
                     1116	         22989.2481017684
                     1117	          23038.118136951
                     1118	         23087.0039745501
                     1119	         23135.9055164638
                     1120	         23184.8226648594
                     1121	         23233.7553221727
                     1122	         23282.7033911078
                     1123	         23331.6667746363
                     1124	         23380.6453759973
                     1125	         23429.6390986968
                     1126	          23478.647846507
                     1127	         23527.6715234665
                     1128	         23576.7100338793
                     1129	         23625.7632823147
                     1130	         23674.8311736067
                     1131	         23723.9136128536
                     1132	         23773.0105054175
                     1133	         23822.1217569243
                     1134	         23871.2472732625
                     1135	         23920.3869605834
                     1136	         23969.5407253006
                     1137	          24018.708474089
                     1138	         24067.8901138852
                     1139	         24117.0855518863
                     1140	         24166.2946955498
                     1141	         24215.5174525934
                     1142	         24264.7537309941
                     1143	         24314.0034389878
                     1144	         24363.2664850693
                     1145	         24412.5427779913
                     1146	         24461.8322267643
                     1147	         24511.1347406561
                     1148	         24560.4502291911
                     1149	         24609.7786021501
                     1150	         24659.1197695699
                     1151	         24708.4736417427
                     1152	         24757.8401292155
                     1153	         24807.2191427899
                     1154	         24856.6105935216
                     1155	         24906.0143927199
                     1156	         24955.4304519472
                     1157	         25004.8586830184
                     1158	         25054.2989980009
                     1159	         25103.7513092136
                     1160	         25153.2155292269
                     1161	         25202.6915708617
                     1162	         25252.1793471896
                     1163	         25301.6787715319
                     1164	         25351.1897574593
                     1165	         25400.7122187915
                     1166	         25450.2460695966
                     1167	         25499.7912241908
                     1168	         25549.3475971379
                     1169	         25598.9151032485
                     1170	         25648.4936575801
                     1171	         25698.0831754361
                     1172	         25747.6835723657
                     1173	         25797.2947641633
                     1174	         25846.9166668678
                     1175	         25896.5491967625
                     1176	         25946.1922703744
                     1177	         25995.8458044739
                     1178	          26045.509716074
                     1179	         26095.1839224302
                     1180	         26144.8683410396
                     1181	         26194.5628896411
                     1182	         26244.2674862141
                     1183	         26293.9820489786
                     1184	         26343.7064963945
                     1185	         26393.4407471611
                     1186	         26443.1847202169
                     1187	         26492.9383347386
                     1188	          26542.701510141
                     1189	         26592.4741660766
                     1190	         26642.2562224349
                     1191	         26692.0475993418
                     1192	         26741.8482171595
                     1193	         26791.6579964857
                     1194	         26841.4768581532
                     1195	         26891.3047232296
                     1196	         26941.1415130165
                     1197	         26990.9871490492
                     1198	         27040.8415530964
                     1199	         27090.7046471591
                     1200	         27140.5763534711
                     1201	         27190.4565944973
                     1202	         27240.3452929344
                     1203	         27290.2423717096
                     1204	         27340.1477539804
                     1205	         27390.0613631342
                     1206	         27439.9831227876
                     1207	         27489.9129567862
                     1208	         27539.8507892039
                     1209	         27589.7965443422
                     1210	         27639.7501467305
                     1211	         27689.7115211245
                     1212	         27739.6805925069
                     1213	         27789.6572860858
                     1214	          27839.641527295
                     1215	         27889.6332417933
                     1216	         27939.6323554638
                     1217	         27989.6387944138
                     1218	         28039.6524849737
                     1219	         28089.6733536974
                     1220	         28139.7013273609
                     1221	         28189.7363329626
                     1222	         28239.7782977221
                     1223	         28289.8271490803
                     1224	         28339.8828146986
                     1225	         28389.9452224585
                     1226	         28440.0143004611
                     1227	         28490.0899770267
                     1228	         28540.1721806942
                     1229	         28590.2608402204
                     1230	         28640.3558845803
                     1231	         28690.4572429655
                     1232	         28740.5648447847
                     1233	         28790.6786196626
                     1234	         28840.7984974398
                     1235	          28890.924408172
                     1236	         28941.0562821297
                     1237	         28991.1940497977
                     1238	         29041.3376418746
                     1239	         29091.4869892722
                     1240	         29141.6420231153
                     1241	         29191.8026747408
                     1242	         29241.9688756977
                     1243	         29292.1405577463
                     1244	         29342.3176528577
                     1245	         29392.5000932135
                     1246	         29442.6878112052
                     1247	         29492.8807394337
                     1248	          29543.078810709
                     1249	         29593.2819580494
                     1250	         29643.4901146812
                     1251	         29693.7032140386
                     1252	         29743.9211897623
                     1253	         29794.1439756999
                     1254	         29844.3715059049
                     1255	         29894.6037146367
                     1256	         29944.8405363594
                     1257	          29995.081905742
                     1258	         30045.3277576577
                     1259	         30095.5780271832
                     1260	         30145.8326495985
                     1261	         30196.0915603865
                     1262	          30246.354695232
                     1263	         30296.6219900218
                     1264	          30346.893380844
                     1265	         30397.1688039876
                     1266	         30447.4481959416
                     1267	         30497.7314933953
                     1268	         30548.0186332371
                     1269	         30598.3095525545
                     1270	         30648.6041886334
                     1271	         30698.9024789576
                     1272	         30749.2043612084
                     1273	         30799.5097732643
                     1274	         30849.8186532003
                     1275	         30900.1309392872
                     1276	         30950.4465699919
                     1277	         31000.7654839761
                     1278	         31051.0876200962
                     1279	          31101.412917403
                     1280	         31151.7413151408
                     1281	         31202.0727527474
                     1282	         31252.4071698531
                     1283	         31302.7445062809
                     1284	         31353.0847020453
                     1285	         31403.4276973524
                     1286	         31453.7734325992
                     1287	         31504.1218483731
                     1288	         31554.4728854517
                     1289	         31604.8264848018
                     1290	         31655.1825875796
                     1291	         31705.5411351296
                     1292	         31755.9020689846
                     1293	         31806.2653308652
                     1294	          31856.630862679
                     1295	         31906.9986065204
                     1296	         31957.3685046702
                     1297	         32007.7404995949
                     1298	         32058.1145339464
                     1299	         32108.4905505617
                     1300	          32158.868492462
                     1301	         32209.2483028525
                     1302	         32259.6299251222
                     1303	          32310.013302843
                     1304	         32360.3983797693
                     1305	         32410.7850998379
                     1306	         32461.1734071672
                     1307	         32511.5632460569
                     1308	         32561.9545609875
                     1309	         32612.3472966197
                     1310	         32662.7413977944
                     1311	         32713.1368095316
                     1312	         32763.5334770306
                     1313	         32813.9313456691
                     1314	         32864.3303610028
                     1315	         32914.7304687653
                     1316	          32965.131614867
                     1317	         33015.5337453955
                     1318	         33065.9368066144
                     1319	         33116.3407449633
                     1320	         33166.7455070569
                     1321	         33217.1510396854
                     1322	         33267.5572898129
                     1323	         33317.9642045781
                     1324	         33368.3717312929
                     1325	         33418.7798174427
                     1326	         33469.1884106854
                     1327	         33519.5974588514
                     1328	         33570.0069099428
                     1329	         33620.4167121331
                     1330	         33670.8268137669
                     1331	         33721.2371633593
                     1332	         33771.6477095954
                     1333	         33822.0584013301
                     1334	         33872.4691875873
                     1335	         33922.8800175599
                     1336	         33973.2908406092
                     1337	          34023.701606264
                     1338	         34074.1122642211
                     1339	          34124.522764344
                     1340	         34174.9330566629
                     1341	         34225.3430913743
                     1342	         34275.7528188402
                     1343	         34326.1621895881
                     1344	         34376.5711543104
                     1345	         34426.9796638638
                     1346	         34477.3876692692
                     1347	         34527.7951217109
                     1348	         34578.2019725366
                     1349	         34628.6081732567
                     1350	         34679.0136755437
                     1351	         34729.4184312322
                     1352	         34779.8223923182
                     1353	         34830.2255109588
                     1354	         34880.6277394717
                     1355	         34931.0290303348
                     1356	         34981.4293361856
                     1357	         35031.8286098213
                     1358	         35082.2268041978
                     1359	         35132.6238724296
                     1360	         35183.0197677892
                     1361	         35233.4144437069
                     1362	         35283.8078537703
                     1363	         35334.1999517236
                     1364	         35384.5906914677
                     1365	         35434.9800270594
                     1366	         35485.3679127112
                     1367	         35535.7543027905
                     1368	           35586.13915182
                     1369	         35636.5224144761
                     1370	         35686.9040455898
                     1371	         35737.2840001452
                     1372	         35787.6622332798
                     1373	         35838.0387002835
                     1374	          35888.413356599
                     1375	         35938.7861578204
                     1376	         35989.1570596937
                     1377	         36039.5260181157
                     1378	         36089.8929891342
                     1379	          36140.257928947
                     1380	         36190.6207939019
                     1381	         36240.9815404963
                     1382	         36291.3401253764
                     1383	         36341.6965053374
                     1384	         36392.0506373226
                     1385	          36442.402478423
                     1386	         36492.7519858776
                     1387	         36543.0991170719
                     1388	         36593.4438295385
                     1389	         36643.7860809561
                     1390	         36694.1258291494
                     1391	         36744.4630320883
                     1392	         36794.7976478882
                     1393	          36845.129634809
                     1394	          36895.458951255
                     1395	         36945.7855557743
                     1396	         36996.1094070587
                     1397	         37046.4304639429
                     1398	         37096.7486854047
                     1399	          37147.064030564
                     1400	         37197.3764586827
                     1401	         37247.6859291643
                     1402	         37297.9924015537
                     1403	         37348.2958355363
                     1404	         37398.5961909383
                     1405	         37448.8934277255
                     1406	         37499.1875060037
                     1407	          37549.478386018
                     1408	         37599.7660281522
                     1409	         37650.0503929287
                     1410	          37700.331441008
                     1411	         37750.6091331885
                     1412	         37800.8834304059
                     1413	         37851.1542937329
                     1414	         37901.4216843788
                     1415	         37951.6855636892
                     1416	         38001.9458931454
                     1417	         38052.2026343646
                     1418	         38102.4557490988
                     1419	         38152.7051992347
                     1420	         38202.9509467937
                     1421	          38253.192953931
                     1422	         38303.4311829354
                     1423	          38353.665596229
                     1424	          38403.896156367
                     1425	         38454.1228260368
                     1426	         38504.3455680582
                     1427	         38554.5643453828
                     1428	         38604.7791210936
                     1429	         38654.9898584045
                     1430	         38705.1965206602
                     1431	          38755.399071336
                     1432	         38805.5974740368
                     1433	         38855.7916924973
                     1434	         38905.9816905814
                     1435	          38956.167432282
                     1436	         39006.3488817203
                     1437	         39056.5260031459
                     1438	         39106.6987609362
                     1439	         39156.8671195959
                     1440	          39207.031043757
                     1441	         39257.1904981781
                     1442	         39307.3454477442
                     1443	         39357.4958574663
                     1444	         39407.6416924814
                     1445	         39457.7829180514
                     1446	         39507.9194995635
                     1447	         39558.0514025293
                     1448	         39608.1785925848
                     1449	         39658.3010354899
                     1450	         39708.4186971281
                     1451	         39758.5315435062
                     1452	         39808.6395407538
                     1453	         39858.7426551229
                     1454	          39908.840852988
                     1455	         39958.9341008452
                     1456	         40009.0223653123
                     1457	         40059.1056131281
                     1458	         40109.1838111523
                     1459	          40159.256926365
                     1460	         40209.3249258665
                     1461	          40259.387776877
                     1462	          40309.445446736
                     1463	         40359.4979029022
                     1464	          40409.545112953
                     1465	         40459.5870445843
                     1466	         40509.6236656102
                     1467	         40559.6549439624
                     1468	         40609.6808476901
                     1469	         40659.7013449598
                     1470	         40709.7164040544
                     1471	         40759.7259933736
                     1472	         40809.7300814329
                     1473	         40859.7286368639
                     1474	         40909.7216284133
                     1475	         40959.7090249433
                     1476	         41009.6907954305
                     1477	         41059.6669089662
                     1478	         41109.6373347559
                     1479	         41159.6020421187
                     1480	         41209.5610004873
                     1481	         41259.5141794076
                     1482	         41309.4615485381
                     1483	         41359.4030776502
                     1484	         41409.3387366272
                     1485	         41459.2684954643
                     1486	         41509.1923242684
                     1487	         41559.1101932575
                     1488	         41609.0220727605
                     1489	          41658.927933217
                     1490	         41708.8277451768
                     1491	         41758.7214792996
                     1492	         41808.6091063548
                     1493	         41858.4905972213
                     1494	         41908.3659228866
                     1495	         41958.2350544473
                     1496	         42008.0979631081
                     1497	         42057.9546201821
                     1498	         42107.8049970897
                     1499	         42157.6490653592
                     1500	         42207.4867966258
                     1501	         42257.3181626315
                     1502	         42307.1431352249
                     1503	         42356.9616863608
                     1504	            42406.7737881
                     1505	         42456.5794126087
                     1506	         42506.3785321586
                     1507	         42556.1711191263
                     1508	          42605.957145993
                     1509	         42655.7365853443
                     1510	         42705.5094098701
                     1511	         42755.2755923638
                     1512	         42805.0351057225
                     1513	         42854.7879229463
                     1514	         42904.5340171381
                     1515	         42954.2733615038
                     1516	         43004.0059293512
                     1517	           43053.73169409
                     1518	          43103.450629232
                     1519	         43153.1627083901
                     1520	         43202.8679052782
                     1521	         43252.5661937113
                     1522	         43302.2575476047
                     1523	          43351.941940974
                     1524	         43401.6193479347
                     1525	         43451.2897427018
                     1526	         43500.9530995898
                     1527	         43550.6093930122
                     1528	         43600.2585974812
                     1529	         43649.9006876077
                     1530	         43699.5356381004
                     1531	         43749.1634237662
                     1532	         43798.7840195095
                     1533	          43848.397400332
                     1534	         43898.0035413325
                     1535	         43947.6024177064
                     1536	         43997.1940047458
                     1537	         44046.7782778389
                     1538	         44096.3552124696
                     1539	         44145.9247842177
                     1540	         44195.4869687583
                     1541	         44245.0417418614
                     1542	         44294.5890793918
                     1543	          44344.128957309
                     1544	         44393.6613516667
                     1545	         44443.1862386122
                     1546	         44492.7035943868
                     1547	         44542.2133953253
                     1548	         44591.7156178552
                     1549	         44641.2102384972
                     1550	         44690.6972338644
                     1551	         44740.1765806622
                     1552	         44789.6482556883
                     1553	         44839.1122358317
                     1554	         44888.5684980732
                     1555	         44938.0170194848
                     1556	         44987.4577772292
                     1557	         45036.8907485601
                     1558	         45086.3159108214
                     1559	         45135.7332414472
                     1560	         45185.1427179615
                     1561	         45234.5443179778
                     1562	          45283.938019199
                     1563	         45333.3237994172
                     1564	         45382.7016365132
                     1565	         45432.0715084562
                     1566	          45481.433393304
                     1567	         45530.7872692022
                     1568	         45580.1331143842
                     1569	         45629.4709071709
                     1570	         45678.8006259706
                     1571	         45728.1222492783
                     1572	          45777.435755676
                     1573	         45826.7411238319
                     1574	         45876.0383325007
                     1575	         45925.3273605229
                     1576	         45974.6081868246
                     1577	         46023.8807904174
                     1578	         46073.1451503983
                     1579	          46122.401245949
                     1580	         46171.6490563359
                     1581	         46220.8885609098
                     1582	         46270.1197391059
                     1583	          46319.342570443
                     1584	         46368.5570345239
                     1585	         46417.7631110346
                     1586	         46466.9607797443
                     1587	         46516.1500205052
                     1588	         46565.3308132521
                     1589	         46614.5031380022
                     1590	         46663.6669748552
                     1591	         46712.8223039922
                     1592	         46761.9691056764
                     1593	         46811.1073602524
                     1594	         46860.2370481458
                     1595	         46909.3581498633
                     1596	         46958.4706459924
                     1597	         47007.5745172009
                     1598	         47056.6697442369
                     1599	         47105.7563079285
                     1600	         47154.8341891836
