              107227                 370
                 160
    5339499999.99999    5006048181.56798    4694834386.17908     4404375551.9889    4133287523.08679    3880278453.42319    3644142650.63143    3423754830.40722    3218064754.06581     3026092223.7223    2846922411.24519    2679701498.72381    2523632609.67446    2377972011.59593    2242025571.77804    2115145449.47348    1996727008.66999    1886205936.75086    1783055555.31303    1686784310.32767    1596933429.68293    1513074736.94594    1434808610.92584    1361762081.31434    1293587051.32867    1229958638.88707    1170573628.41199    1115149025.88302    1063420710.25388    1015142174.80693    970083352.447181    928029519.337887    888780271.653059     852148570.57075    817959850.956071    786051189.486468     756270528.25502    728475950.151918    702535002.571022    678324066.218666    655727766.016837    634638421.293436    614955532.639546    596585302.988383    579440190.633658    563438492.057314    548503952.578627    534565402.969263    521556420.302608    509415011.421182    498083317.513724    487507338.394137    477636675.168376    468424290.062966    459826282.270656    451801678.744993    444312238.946896    437322272.612741    430798469.675567    424709741.528891    419027072.876705    413723383.463642    408773399.026417    404153530.851552    399841763.365451    395817549.221131    392061711.381647    388556351.733625    385284765.795381     382231363.11319    379381592.966356    376721875.027037    374239534.644394    371922742.444663    369760457.959318    367742377.012693    365858882.618348    364100999.150164     362460349.56979    360929115.506614           359500000    359348101.265823    359196202.531646    359044303.797468    358892405.063291    358740506.329114    358588607.594937    358436708.860759    358284810.126582    358132911.392405    357981012.658228    357829113.924051    357677215.189873    357525316.455696    357373417.721519    357221518.987342    357069620.253165    356917721.518987     356765822.78481    356613924.050633    356462025.316456    356310126.582278    356158227.848101    356006329.113924    355854430.379747     355702531.64557    355550632.911392    355398734.177215    355246835.443038    355094936.708861    354943037.974684    354791139.240506    354639240.506329    354487341.772152    354335443.037975    354183544.303797     354031645.56962    353879746.835443    353727848.101266    353575949.367089    353424050.632911    353272151.898734    353120253.164557     352968354.43038    352816455.696203    352664556.962025    352512658.227848    352360759.493671    352208860.759494    352056962.025316    351905063.291139    351753164.556962    351601265.822785    351449367.088608     351297468.35443    351145569.620253    350993670.886076    350841772.151899    350689873.417722    350537974.683544    350386075.949367     350234177.21519    350082278.481013    349930379.746835    349778481.012658    349626582.278481    349474683.544304    349322784.810127    349170886.075949    349018987.341772    348867088.607595    348715189.873418    348563291.139241    348411392.405063    348259493.670886    348107594.936709    347955696.202532    347803797.468354    347651898.734177           347500000
                  17
                   0   0.196349540849363   0.392699081698725   0.589048622548088    0.78539816339745   0.981747704246813    1.17809724509618    1.37444678594554     1.5707963267949    1.76714586764426    1.96349540849363    2.15984494934299    2.35619449019235    2.55254403104171    2.74889357189108    2.94524311274044     3.1415926535898
                   2
                   0     6.2831853071796
                   044.3049924386833
                   044.2679204648872
                   044.1939360056779
                   044.0819066284517
                   043.9278359904131
                   043.7228014337664
                   043.4584398630977
                   043.1094284537015
                   042.6586147570745
                   042.0510663668418
                   041.1976442957983
                   039.9059923693387
                   037.7739271095735
                   033.7373593713455
                   024.3177198790895
                   03.76490751057047
                   051.9001820784888
                   051.8540352535774
                   051.7617175731125
                   051.6200299052227
                   051.4238230661071
                   051.1619147889691
                   050.8225104184018
                   050.3769670782016
                   049.8028674127546
                   049.0275632518108
                   047.9391702220557
                   046.2966949572163
                   043.5930311664309
                   038.5030581728188
                   026.8923028060447
                   04.19072063436713
                   060.7630605660641
                   060.7053359033438
                   060.5892263858908
                   060.410096261126
                   060.1602190258286
                   059.8252864881334
                   059.3904510471693
                   058.8216386017541
                   058.0899588189215
                   057.1014275533205
                   055.7153067618431
                   053.6268449977041
                   050.2026886109469
                   043.8141902814371
                   029.5959550586516
                   04.73632225588146
                   071.1316340619215
                   071.0591137231409
                   070.9122195975521
                   070.6850670166843
                   070.3668876882512
                   069.9384805219538
                   069.3827956179746
                   068.6574471282108
                   067.7259774430217
                   066.4674988410646
                   064.7047524736495
                   062.0525265447428
                   057.7190874503976
                   049.7303478961383
                   032.4110852271399
                   05.42850164400078
                   083.2843363660339
                   083.1929405265069
                   083.0069063067523
                   082.717595745891
                   082.3117362347248
                   081.7630548871429
                   081.0560552779255
                   080.133477161924
                   078.9467002352256
                   077.3449030673356
                   075.106200498667
                   071.7407743150233
                   066.275981575506
                   056.3108855366797
                   035.3357038582067
                   06.30583597762006
                   097.5319613281882
                   097.4160653212872
                   097.1796619117638
                   096.8112216599523
                   096.2933936825827
                   095.5901711156652
                   094.692289776285
                   093.5198812016548
                   092.007973797268
                   089.9712003355198
                   087.1294274166098
                   082.8646394563546
                   075.9946955653725
                   063.603621856976
                   038.3575394009727
                   07.40911406814995
                   0114.250368953121
                   0114.102227918089
                   0113.801478201292
                   0113.331499634903
                   0112.670838377254
                   0111.770363241717
                   0110.631281675002
                   0109.143325961553
                   0107.219954338097
                   0104.63308469423
                   0101.029378616587
                   095.6362512504915
                   087.0149530908683
                   071.6534481866895
                   041.4823801960502
                   07.27724757418476
                   0133.873449611992
                   0133.685816594223
                   0133.303607294708
                   0132.703822632867
                   0131.859213420455
                   0130.708637165107
                   0129.263704604876
                   0127.375925124351
                   0124.932576982655
                   0121.648782279326
                   0117.082640113237
                   0110.277124404106
                   099.4826070663731
                   080.4986317818513
                   044.7292420235295
                   09.13419786740939
                   0156.916360551776
                   0156.677551457379
                   0156.190822667713
                   0155.427020373512
                   0154.348169725526
                   0152.881249635695
                   0151.049126071243
                   0148.655806188626
                   0145.555136080809
                   0141.391037415105
                   0135.607754603651
                   0127.041538847582
                   0113.560449308977
                   090.1802856199794
                   048.1517841348272
                   011.4430559701641
                   0183.973333280252
                   0183.669665063001
                   0183.048577519054
                   0182.076274016453
                   0180.701929472931
                   0178.83088353628
                   0176.509941410741
                   0173.476803879001
                   0169.546693846991
                   0164.27390162757
                   0156.962456362904
                   0146.200763063517
                   0129.403100106627
                   0100.743985969682
                   051.829339693579
                   014.2933994712035
                   0215.770381624683
                   0215.383984268298
                   0214.592475409002
                   0213.35407446234
                   0211.601169813829
                   0209.222871258271
                   0206.285693256122
                   0202.442281706838
                   0197.464440561358
                   0190.793545653761
                   0181.565819610944
                   0168.066933877659
                   0147.189277769242
                   0112.227762342953
                   055.8885044482995
                   017.8250731904526
                   0253.127138253459
                   0252.635224104695
                   0251.625848132968
                   0250.048775676713
                   0247.812793612307
                   0244.803422876201
                   0241.087764950459
                   0236.220290283426
                   0229.921136555215
                   0221.494230190954
                   0209.866646210422
                   0192.968991999026
                   0167.096069475069
                   0124.674490538251
                   060.4902121258425
                   022.1635086601303
                   0296.981211408631
                   0296.355036101287
                   0295.071171953315
                   0293.060646650255
                   0290.216642301826
                   0286.405300928832
                   0281.711026239188
                   0275.552720256042
                   0267.589062962174
                   0256.950127334118
                   0242.335657352526
                   0221.237438977126
                   0189.283345388197
                   0138.102813529691
                   065.8331686121032
                   027.4616264365691
                   0348.558850867232
                   0347.758900303606
                   0346.127086860983
                   0343.549252359656
                   0339.929562590393
                   0335.092325373948
                   0329.150965047028
                   0321.351618897146
                   0311.277907831143
                   0297.846126665102
                   0279.516257854436
                   0253.196366116204
                   0213.883639046122
                   0152.52875657569
                   072.1179230903342
                   033.8753227118664
                   0408.98447112753
                   0407.972206559758
                   0405.881070390591
                   0402.625268658042
                   0398.019362958194
                   0391.920025577393
                   0384.422321119036
                   0374.570301205321
                   0361.868393023555
                   0344.954530588311
                   0321.987780694425
                   0289.338122355733
                   0241.15162549364
                   0168.167634362347
                   079.7813837198186
                   041.7444840998343
                   0479.925268680232
                   0478.630185411241
                   0475.995825959515
                   0471.843528748047
                   0466.031091105712
                   0458.308337392727
                   0448.860179640312
                   0436.445544055775
                   0420.430811551927
                   0399.19409688487
                   0370.531730204517
                   0330.084431739522
                   0271.250590665239
                   0185.111601954097
                   089.1393336457346
                   051.2905953927067
                   0564.463947766446
                   0562.828154402705
                   0559.459212982356
                   0554.160096450586
                   0546.761929160855
                   0536.98310685924
                   0525.005125319997
                   0509.291435977893
                   0489.054368508167
                   0462.283592061348
                   0426.553051781524
                   0376.561336523248
                   0305.06213527484
                   0204.183887440799
                   0101.094726462536
                   063.3182708932153
                   0663.099072959104
                   0661.024364584173
                   0656.778180237475
                   0650.074112991986
                   0640.668334863053
                   0628.295227490471
                   0613.210498510725
                   0593.367705035466
                   0567.906068771957
                   0534.310602086465
                   0489.935143864584
                   0428.363888088316
                   0341.935421460688
                   0224.884418352334
                   0115.392017311374
                   077.5398507956052
                   0778.541808312684
                   0775.881012117746
                   0770.498993992627
                   0762.019915320235
                   0750.156811375375
                   0734.586362764691
                   0715.503309698348
                   0690.541352657245
                   0658.584613687464
                   0616.593939434181
                   0561.570154715669
                   0486.053252284823
                   0382.196400271533
                   0247.702250015829
                   0132.491368678279
                   094.3514435608689
                   0913.663052649021
                   0910.323530565058
                   0903.463456200188
                   0892.746727207427
                   0877.841074454502
                   0858.22227143245
                   0834.235496969532
                   0802.846548190506
                   0762.815411425426
                   0710.472682713892
                   0642.524455061333
                   0550.28741065785
                   0426.308802470203
                   0273.288810988938
                   0152.975513882252
                   0114.312609214684
                   01071.32130757738
                   01067.11461997409
                   01058.45451558352
                   01044.97634646696
                   01026.25286961786
                   01001.6260132288
                   0971.506394922417
                   0932.152480435654
                   0882.16119248337
                   0817.060543375199
                   0733.444152235671
                   0621.348678876817
                   0474.416834120368
                   0302.050238125299
                   0177.169664646813
                   0137.704837623609
                   01255.23190149558
                   01249.93307815346
                   01239.07671124469
                   01222.09533500851
                   01198.56772538101
                   01167.77706564065
                   01130.0104829907
                   01080.78806445018
                   01018.50074816555
                   0937.872943015851
                   0835.401245690529
                   0699.825974939522
                   0526.915035704123
                   0334.701581437176
                   0205.60001836424
                   0165.047793398454
                   01471.15381358678
                   01464.43867626038
                   01450.79387257212
                   01429.35176882095
                   01399.90837200998
                   01361.29132851588
                   01313.97742095335
                   01252.50245419609
                   01174.9060686812
                   01075.31104097418
                   0950.168402740673
                   0786.965629767688
                   0585.102210337078
                   0372.833191357218
                   0239.34049237712
                   0197.494796149381
                   01724.79209693928
                   01716.32461460079
                   01699.11372905155
                   01672.19022743783
                   01635.22084251817
                   01586.77879900112
                   01527.5511695583
                   01450.8550657017
                   01354.31473403815
                   01231.55810798984
                   01079.33893020096
                   0883.919104248886
                   0649.921098514435
                   0417.767877147009
                   0279.334037504426
                   0236.000140649479
                   02017.09389513371
                   02006.50010878785
                   01984.88948256034
                   01951.27005786587
                   01905.04443860129
                   01844.70340271298
                   01770.93967459363
                   01675.63666436408
                   01556.19215618504
                   01405.80767132705
                   01221.57625497991
                   0989.324525732779
                   0720.386030982542
                   0468.757847763518
                   0324.671725142837
                   0279.722390825184
                   02354.35437664842
                   02341.11835443015
                   02314.08243483327
                   02272.23628659049
                   02214.78983466969
                   02139.77041767025
                   02048.3301000262
                   01930.46439527018
                   01783.53047928188
                   01600.21280464177
                   01378.47427336101
                   01104.24098024548
                   0797.992136472823
                   0526.953566395597
                   0349.822247248112
                   0329.272643212866
                   02742.32772840435
                   02725.90221158121
                   02692.37812377288
                   02640.38278595821
                   02569.31019681375
                   02476.61137775238
                   02363.68788455315
                   02218.34925669603
                   02038.30889195832
                   01815.86526673463
                   01550.44494731934
                   01229.35517373418
                   0883.47606999476
                   0593.270342039255
                   0409.399138764766
                   0385.028770804612
                   03198.98672535987
                   03178.59512042083
                   03136.84889495019
                   03072.31483052296
                   02983.98813547258
                   02868.75354016658
                   02729.16682110497
                   02550.07096238942
                   02329.77024682041
                   02060.58604078395
                   01744.08293554738
                   01369.24326374967
                   0981.758865195577
                   0672.013765253078
                   0479.691013238639
                   0451.242456972868
                   03718.28912652345
                   03692.95250269487
                   03641.40546827553
                   03561.7910219078
                   03452.7152994395
                   03310.90332736926
                   03139.57510927844
                   02920.55676238236
                   02652.46841259974
                   02329.00708642699
                   01954.60455571418
                   01521.2279174918
                   01090.07066531672
                   0760.271569034624
                   0558.111690041982
                   0524.488583330382
                   04308.20957153581
                   04277.0392996972
                   04213.73945222159
                   04115.98983443166
                   03982.38929402771
                   03808.46192986918
                   03599.35544194299
                   03332.7623251488
                   03009.09970026839
                   02622.55997960908
                   02183.20245781622
                   01686.03521013425
                   01209.87885101896
                   0858.847642286331
                   0645.443296710525
                   0606.168594587962
                   04994.07055867188
                   04955.65100577275
                   04877.79239929372
                   04757.52415398334
                   04593.78042256491
                   04380.75544515453
                   04125.46135664038
                   03801.95207290622
                   03412.17423513253
                   02952.48155336122
                   02439.0344799991
                   01872.04381180334
                   01348.72674453253
                   0973.828986657732
                   0746.998862053028
                   0701.623130309746
                   05765.5951586035
                   05718.70968549358
                   05623.6572215944
                   05477.02030272089
                   05277.52674188952
                   05018.20392216837
                   04708.92291136955
                   04319.08348356712
                   03853.11698882231
                   03310.39997492968
                   02715.04275729712
                   02073.67292642748
                   01501.64554040496
                   01100.53149365936
                   0858.435751092946
                   0806.291985804701
                   06646.14918893184
                   06588.99359499617
                   06473.21815599141
                   06294.77462584763
                   06052.2073501951
                   05738.28793019362
                   05364.50408696702
                   04896.82926458559
                   04342.85157477672
                   03705.61099256896
                   03019.341480455
                   02298.57656713678
                   01675.14662868508
                   01243.74176442986
                   0984.657339833395
                   0924.411440978363
                   07637.1517383423
                   07567.9032374829
                   07427.8139234061
                   07211.57072808889
                   06918.37156035493
                   06539.81401049363
                   06091.46164782932
                   05533.6215326685
                   04878.69647485871
                   04135.23506019931
                   03350.44920492621
                   02545.30909413753
                   01867.97931886674
                   01401.65277995928
                   01123.65202037099
                   01053.91548221023
                   08754.61417938257
                   08670.99322326746
                   08501.94666755372
                   08241.02898518332
                   07888.19453841836
                   07433.93922770723
                   06898.23270088778
                   06236.92400221506
                   05466.93969499867
                   04605.2717997338
                   03712.55822778837
                   02818.42497152425
                   02083.31552231288
                   01576.32651169129
                   01277.9808517164
                   01197.01472787047
                   010000.2508421745
                   09900.15889784392
                   09696.87122187073
                   09384.22352815566
                   08961.58683663592
                   08419.89802204599
                   07783.79079559532
                   07004.3896129816
                   06106.22100165898
                   05113.9033603613
                   04104.49988283483
                   03116.97380302427
                   02319.29366868238
                   01766.8718493063
                   01445.98875609901
                   01354.09748778328
                   011400.8481993013
                   011280.2400830975
                   011037.2185602177
                   010663.432030285
                   010159.7312131602
                   09516.46919585108
                   08764.89979763919
                   07851.33801271967
                   06808.08754200708
                   05671.66257776827
                   04536.80138629137
                   03449.05272425596
                   02582.29591178898
                   01855.82753332482
                   01632.31594745126
                   01529.62943175079
                   012951.8046755348
                   012808.9424921486
                   012519.2305697722
                   012074.9719870241
                   011478.0923388338
                   010718.7845487996
                   09835.65896396035
                   08771.51384585341
                   07567.96384272221
                   06275.14644633251
                   05006.48008696774
                   03811.81104241884
                   02869.11799893692
                   02087.78515414526
                   01833.80121938236
                   01720.85266361498
                   014667.26049598
                   014498.1876616721
                   014156.0679836213
                   013630.2138622058
                   012926.380935036
                   012034.9795447159
                   011004.3970082426
                   09771.06071925121
                   08389.69821069204
                   06928.95023449242
                   05518.28037496583
                   04208.13061133247
                   03183.18754991583
                   02340.04194170032
                   02055.76638869299
                   01925.90635666444
                   016554.1530005731
                   016355.0166211256
                   015952.6541452782
                   015334.4652888941
                   014509.1512050201
                   013468.7927434608
                   012271.6718453118
                   010850.6949984923
                   09276.41252817142
                   07633.13679840452
                   06071.79502966726
                   04637.54918442273
                   03522.7825935778
                   02612.09420169409
                   02294.59018434069
                   02147.30354687872
                   018614.6935974819
                   018381.5603926732
                   017910.1872324416
                   017189.0562217904
                   016226.4625533776
                   015019.3498404424
                   013637.5420448098
                   012012.3901843314
                   010227.2285176279
                   08389.21553344412
                   06668.88134083563
                   05102.95000750742
                   03889.21122423773
                   02906.7282157581
                   02553.33570436962
                   02387.62133024918
                   020863.7690032201
                   020592.283799252
                   020044.647814057
                   019206.1821759747
                   018090.2256646163
                   016697.2756090151
                   015110.2097770358
                   013260.7325868581
                   011248.5022499085
                   09201.33349327937
                   07311.70894334333
                   05605.09943171934
                   04280.82353421798
                   03223.17474101357
                   02831.92337179012
                   02647.07167628412
                   023306.4553156581
                   022992.5419010865
                   022357.8447742884
                   021388.8048968491
                   020102.3728388383
                   018504.3125563441
                   016691.7926769827
                   014597.7093796131
                   012342.5364919696
                   010072.0132627961
                   08000.97904578984
                   06145.73371545752
                   04697.31648554284
                   03563.72876033338
                   03129.64921862173
                   02925.26805033326
                   025932.984440903
                   025571.3210783452
                   024840.7842880539
                   023727.5049460777
                   022255.9582977051
                   020430.6516609102
                   018373.0763708789
                   016015.7627357077
                   013501.3102946506
                   010995.6886938156
                   08733.18365831428
                   06718.1752947188
                   05134.02055314992
                   03923.80299986618
                   03444.35787539377
                   03219.13552680985
                   028753.7689555466
                   028339.6935691642
                   027503.0988365562
                   026231.180815262
                   024554.3006388553
                   022484.3877904119
                   020160.7597046828
                   017519.8702270394
                   014729.6901505072
                   011977.0399617189
                   09509.19851823169
                   07323.32037452307
                   05591.22020421964
                   04304.29617375362
                   03776.3229691269
                   03529.37136346983
                   031763.2781515524
                   031291.5432543336
                   030339.8750961263
                   028894.6086615884
                   026994.8676939579
                   024658.4406688178
                   022050.9799000285
                   019107.7231360832
                   016024.2210552617
                   013011.0008759345
                   010328.516049788
                   07954.23210043797
                   05823.94651680178
                   04700.26323451447
                   04124.7277269741
                   03855.57278430241
                   034953.3289718445
                   034419.0927816769
                   033342.2119041687
                   031709.1715577608
                   029568.752096119
                   026948.2350971373
                   024034.8399150244
                   020773.1544658233
                   017378.1885686664
                   014095.064296272
                   011181.9168052325
                   08604.59668404203
                   06190.65438657086
                   05104.51854568204
                   04485.2993130918
                   04193.79632766905
                   038420.9208184206
                   037815.2643228875
                   036597.89707665
                   034751.5250670565
                   032335.2720829565
                   029388.0645364191
                   026148.041428824
                   022526.7765848761
                   018792.4200638782
                   015206.1307074638
                   012043.3312453424
                   09241.57282049811
                   06652.32858937608
                   05481.15541990286
                   04813.1188434602
                   04499.62425744972
                   041915.4484233363
                   041239.8212909733
                   039866.0025886258
                   037807.233660441
                   035123.1261773471
                   031859.6822024194
                   028260.8038221079
                   024288.8608979787
                   020219.9754651529
                   016343.5193602078
                   012920.5303705003
                   09903.24930038773
                   07156.21916117069
                   05900.08385275504
                   05173.14344467429
                   04839.77849315876
                   045569.3289725104
                   044818.8068483551
                   043302.4313776895
                   041021.065756734
                   038038.6458761263
                   034437.9825178753
                   030474.7355093127
                   026132.520387384
                   021718.0625498883
                   017526.6967611111
                   013836.9394768243
                   010592.0627369357
                   07678.23831535701
                   06335.12936216884
                   05552.35245361374
                   05198.33106473706
                   049384.371872055
                   048540.7239907428
                   046873.3131260356
                   044331.6200052568
                   041056.1194727574
                   037102.732884901
                   032758.7760882873
                   028034.6463720799
                   023262.1947469631
                   018748.0567961086
                   014782.2354412593
                   011298.5349015522
                   08227.90797865067
                   06783.6015786507
                   05943.62923031503
                   05563.04978932567
                   053321.4849557401
                   052400.7447021714
                   050548.9345707674
                   047759.3393454874
                   044162.110547833
                   039848.3716562716
                   035115.6822420227
                   030002.4571858941
                   024852.459676488
                   020007.1203376299
                   015757.9395841037
                   012025.5505500218
                   08791.60212366792
                   07250.88599327969
                   06343.83833495131
                   05940.02544614049
                   057365.9658692725
                   056357.9070246477
                   054323.7466118101
                   051276.184375579
                   047344.4146118401
                   042643.5374894643
                   037491.584447364
                   032004.4410879842
                   026476.5174479952
                   021301.4706576306
                   016750.9166077336
                   012756.8064994315
                   09364.56452089854
                   07722.61122397543
                   06752.59717854907
                   06320.97826568942
                   061513.1936440693
                   060411.1180641594
                   058194.126292915
                   054892.4991591542
                   050627.3020490973
                   045542.6997569407
                   039977.0264172407
                   034011.4939575529
                   028118.1662818067
                   022557.9634810906
                   017726.0979628256
                   013475.4813010771
                   09929.20089257163
                   08191.91400292188
                   07163.29579738817
                   06702.3814817695
                   065753.9721407505
                   064565.1394325762
                   062151.196454602
                   058563.944082941
                   053950.1759280938
                   048465.9767923452
                   042482.2042777809
                   036107.8036721279
                   029747.1872629143
                   023854.3072083444
                   018721.6314094848
                   013539.4451064314
                   010501.7224700024
                   08662.54507249381
                   07572.24090735783
                   07084.39704626043
                   070053.1904880792
                   068762.055289256
                   066152.6135752416
                   062284.4218437338
                   057315.8471541806
                   051431.4559396874
                   045058.5600501016
                   038202.7749165956
                   031388.2525320999
                   025115.8714041987
                   019683.3740607676
                   014018.7264335437
                   011052.8279738329
                   09132.87393634877
                   07983.75790143058
                   07465.85539709454
                   074391.8214374494
                   072990.4783195783
                   070184.4697660296
                   066029.0043206989
                   060718.8795741491
                   054453.4826107516
                   047607.4950292481
                   040300.1602460736
                   033057.3260971118
                   026416.7055576733
                   020623.9920364469
                   014705.8168720722
                   011603.9454770425
                   09604.82424462156
                   08397.07395014705
                   07846.76548966061
                   078738.2100701132
                   077236.3251442726
                   074238.7439010294
                   069819.0057499549
                   064151.8175622973
                   057438.7664216285
                   050157.2488964612
                   042395.8915346992
                   034716.3125913994
                   027705.1852987767
                   021575.2606391477
                   015387.2951136115
                   012143.3752034843
                   010067.7350531342
                   08805.27665652542
                   08225.89445892427
                   083094.4719335347
                   081488.7111076871
                   078319.4673695006
                   073597.8589496227
                   067549.2582827277
                   060422.0990447443
                   052700.7465333932
                   044481.0757746463
                   036366.0925781375
                   028981.9294314974
                   022509.9781539526
                   016077.6139911657
                   012688.5432537043
                   010512.0058981037
                   09207.80687208347
                   08599.70274978071
                   087457.1422023689
                   085743.0983939647
                   082382.8446482091
                   077351.8822856534
                   070936.7239902199
                   063389.0844228993
                   055227.1823229679
                   046550.5584915555
                   037993.6439518333
                   030235.9230490738
                   023427.2635995255
                   016754.8058615334
                   013230.7301102954
                   010953.1268346997
                   09600.74695011289
                   08964.64172676649
                   091786.1747771558
                   090002.7906640662
                   086406.8937708075
                   081083.1681898486
                   074301.1038879607
                   066337.5634605112
                   057732.9786576735
                   048598.7914719459
                   039594.3044129907
                   031460.9575813161
                   024318.3159523738
                   017420.0283945807
                   013763.3109959671
                   011391.0804008274
                   09979.2908016408
                   09324.69081103929
                   096071.4540181754
                   094184.8417202429
                   090389.6584849519
                   084773.2012656219
                   077622.6352172262
                   069244.516501375
                   060202.1841107266
                   050612.3620606453
                   041161.6155619638
                   032646.022393825
                   025180.7436543913
                   018067.4230076632
                   014282.7521104682
                   011817.5342763441
                   010355.7239381664
                   09675.40634309628
                   0100303.895427371
                   098296.0189095879
                   094310.1169759206
                   088407.8041300459
                   080899.0159930159
                   072106.5054795731
                   062629.6153852328
                   052584.9762049389
                   042694.2429448409
                   033791.9761697521
                   025982.9293573294
                   018694.6987622666
                   014787.3946252394
                   012232.3272409254
                   010723.7476391556
                   010013.1456921822
                   0104492.310334632
                   0102344.087555575
                   098159.7668080721
                   091976.0883114872
                   084114.0903148722
                   074918.669113317
                   065011.7549512415
                   054518.8559846439
                   044184.3594403614
                   034897.0552487862
                   026256.2600141851
                   019308.7831186159
                   015280.6093672577
                   012639.3628776655
                   011082.1136521419
                   010339.1488783521
                   0108577.095711321
                   0106338.377003598
                   0101924.565383764
                   095440.9824859256
                   087225.3857980174
                   077636.4750071754
                   067323.8779872857
                   056404.4046201361
                   045576.3878158633
                   035942.7285072806
                   025909.0142736904
                   019893.2149166602
                   015759.8074804423
                   013030.5768674277
                   011420.1520209696
                   010657.5921879142
                   0112581.708794628
                   0110288.107242605
                   0105703.677555446
                   098944.8374783342
                   090376.1406212991
                   080378.8612711252
                   069631.6943945787
                   058243.9578516329
                   046895.3823058014
                   036899.9330742409
                   026484.2730512111
                   020393.4153800442
                   016183.183153465
                   013380.2896332608
                   011732.434567065
                   010959.3731246887
                   0116513.522670495
                   0114108.089078438
                   0109332.673406288
                   0102299.244730266
                   093388.6183552069
                   083005.1889555332
                   071846.3865336007
                   060023.6315832344
                   048190.8773955616
                   037839.3518540793
                   027130.8198905273
                   020907.1085423771
                   016610.4332992243
                   013733.7381135151
                   012042.7608706982
                   011245.8093053494
                   0120320.755376552
                   0117822.083104922
                   0112860.215183134
                   0105558.579416547
                   096317.633474482
                   085553.3371602442
                   073993.1392052275
                   061736.1091275516
                   049409.1891439303
                   038739.690325751
                   027759.5221059667
                   021401.0040429758
                   017019.1226818263
                   014071.8276477022
                   012339.6934969838
                   011523.5537037671
                   0124007.209869733
                   0121415.256835305
                   0116272.838372747
                   0108713.324495449
                   099149.2978607657
                   088019.6013103176
                   076066.8267168067
                   063382.3118796122
                   050609.6207244548
                   039605.818300237
                   028374.8525565113
                   021882.5353610928
                   017413.6207644153
                   014400.3234538191
                   012627.4956927071
                   011792.2889959904
                   0127573.735321418
                   0124892.397181126
                   0119577.696590161
                   0111765.759161828
                   0101892.395831283
                   090399.8824608066
                   078063.7885401971
                   064967.0672527107
                   051752.3622734925
                   040430.2422964106
                   028967.693263523
                   022345.9873102859
                   017790.0189198137
                   014713.8016646589
                   012902.2345427817
                   012049.2398288957
                   0131015.402198096
                   0128248.253876949
                   0122763.914568724
                   0114708.131967438
                   0104532.091250815
                   092693.9547910222
                   079984.271753402
                   066481.9857220664
                   052839.2344135135
                   041204.8831660837
                   029529.8240641799
                   022789.7949551696
                   018146.5958370439
                   015011.6809989651
                   013163.067647225
                   012293.1273740228
                   0134355.718167122
                   0131504.285951905
                   0125855.176281416
                   0117562.40559627
                   0107091.33672041
                   094914.7697120791
                   081841.3091387625
                   067943.8804386813
                   053874.4765871707
                   041926.9003760848
                   030070.8970998843
                   023216.844101529
                   018487.7091512965
                   015296.9076773243
                   013413.2740670431
                   012526.6655531268
                   0137568.217857812
                   0134635.47350963
                   0128827.388953382
                   0120305.548961724
                   0109549.388632439
                   097048.0297299568
                   083620.4821299843
                   069338.9761171872
                   054854.0077154494
                   042414.9203868877
                   030582.8770357644
                   023625.0495630358
                   018811.1760479403
                   015567.6828201527
                   013650.357109858
                   012747.8272198577
                   0140674.100037586
                   0137663.061070144
                   0131701.062462659
                   0122957.461992069
                   0111925.183796472
                   099105.6582073307
                   085333.7466690312
                   070677.3131610229
                   055783.5055781116
                   042424.5780828988
                   031071.6256363338
                   024014.2020609354
                   019119.9892935162
                   015825.9043446278
                   013876.7357430539
                   012959.094587678
                   0143654.87849123
                   0140568.87732653
                   0134457.578643447
                   0125499.896967246
                   0114201.812090559
                   0101075.796099693
                   086973.4955268551
                   071953.1253277034
                   056652.7184372121
                   041867.1398126089
                   031528.1289908362
                   024382.8189784544
                   019412.7026344761
                   016069.5808840242
                   014090.8536177436
                   013158.9743842278
                   0146575.659470132
                   0143415.687150415
                   0137158.483393028
                   0127992.095385791
                   0116430.164698728
                   0103006.826253638
                   088575.2544411369
                   073197.4398572074
                   057483.6082415839
                   041608.4303506392
                   031960.8662043361
                   024744.2551429722
                   019697.7848511088
                   016307.9117744517
                   014299.3312801095
                   013353.3789701947
                   0149455.028678324
                   0146221.606098293
                   0139821.300592395
                   0130445.451610699
                   0118629.370473011
                   0104908.342536501
                   090153.4484125146
                   074418.671670218
                   058284.7087656513
                   041983.0848426081
                   032378.3305527033
                   025097.5780464342
                   019979.6546512072
                   016541.1229084619
                   014503.861541831
                   013544.325448556
                   0152389.676833521
                   0149080.617102124
                   0142536.199486832
                   0132951.321361321
                   0120873.088609909
                   0106852.212525886
                   091768.5392611242
                   075668.1176035308
                   059102.6273464527
                   042524.6061108164
                   032811.5236649688
                   025464.2517744835
                   020270.2594631956
                   016782.7146704829
                   014715.3440697035
                   013741.5362895151
                   0155612.695944957
                   0152224.7133836
                   0145522.024439175
                   0135710.648145168
                   0123347.351344901
                   0109001.916945777
                   093557.2417021095
                   077060.3677085768
                   060032.0006131644
                   043175.9404041313
                   033320.0530130476
                   025883.9807484444
                   020603.0370794577
                   017058.7179859075
                   014956.8187422264
                   013967.031818374
                   0159632.989464833
                   0156147.444219509
                   0149255.035693355
                   0139166.967702086
                   0126457.2415407
                   0111711.58455126
                   095829.3636345868
                   078846.8435799437
                   061197.025106536
                   044066.5358698896
                   034012.3335854673
                   026442.1904751909
                   021046.4137875871
                   017425.9052578672
                   015278.2460641706
                   014266.8216782645
                   0163829.999210349
                   0160247.859269029
                   0153164.14074288
                   0142798.784232868
                   0129738.223701616
                   0114588.992049276
                   098270.7842041449
                   080810.6086297248
                   062530.2461004927
                   045115.8107439302
                   034824.3625492876
                   027081.1756844096
                   021554.8586307756
                   017846.8266602841
                   015646.9818817427
                   014610.8426068163
                   0166583.362504777
                   0162939.850215562
                   0155734.195661544
                   0145192.253731622
                   0131910.799099334
                   0116500.097899213
                   099902.8786813381
                   082139.9093169565
                   063507.9751492646
                   045844.6521045955
                   035387.3553290192
                   027521.3367774275
                   021904.405630994
                   018136.5358104751
                   015900.6290313496
                   014847.8441845886
                   0169524.806629589
                   0165815.644479531
                   0158480.489942621
                   0147749.239338112
                   0134230.481766418
                   0118547.218952246
                   0101647.428431754
                   083564.195432579
                   064552.8444528876
                   046624.0574407228
                   035989.1546733394
                   027991.2266484646
                   022278.7244126806
                   018445.8454677067
                   016172.0067187723
                   015101.0260292303
                   0172701.732962266
                   0168921.63332877
                   0161446.84076881
                   0150511.553359731
                   0136736.596783855
                   0120754.301030436
                   0103530.749448402
                   085100.4741608781
                   065924.4734144786
                   047466.0270028416
                   036639.4463106053
                   028498.2622241496
                   022682.027319621
                   018779.6207142579
                   016464.4720771016
                   015373.8529432704
                   0176129.940591706
                   0172272.708575135
                   0164640.681659318
                   0153485.384535078
                   0139434.215567835
                   0123130.256636206
                   0105562.786835004
                   086753.2653621815
                   066905.2703946926
                   048372.7468795664
                   037339.6516808853
                   029044.006795964
                   023116.2747467309
                   019138.6916178562
                   016779.2202223669
                   015667.6965462187
                   0179849.395046055
                   0175910.295571765
                   0168119.952404769
                   0156724.785217384
                   0142366.200933648
                   0125713.539106751
                   0107768.709091465
                   088549.3561799285
                   068215.5980452009
                   049355.8138139096
                   038099.2396536082
                   029636.632845562
                   023587.433504366
                   019528.6609320979
                   017120.8087525467
                   015986.6542638387
                   0183866.716529009
                   0179836.584668445
                   0171871.03571367
                   0160217.530421678
                   0145537.420042793
                   0128503.583153977
                   0110149.280320393
                   090489.0213504182
                   069633.4256142072
                   050418.4379918502
                   038919.28162022
                   030276.3031577124
                   024095.8227720904
                   019948.9820309685
                   017489.0384902914
                   016330.5507737102
                   0188216.383786529
                   0184090.521099282
                   0175931.85161738
                   0163998.454684089
                   0148966.324940961
                   0131525.945364548
                   0112727.181570817
                   092587.7436845284
                   071167.2322939639
                   051567.3319969431
                   039807.2894683505
                   030968.0271144255
                   024645.4496091166
                   020404.1046468827
                   017887.9869278623
                   016702.5846436387
                   0192956.78039792
                   0188724.408485979
                   0180357.43755358
                   0168118.553467909
                   0152701.938788289
                   0134815.607339242
                   0115536.221998774
                   094874.0641502337
                   072835.793746879
                   052819.3434361168
                   040774.8276646206
                   031722.1967781607
                   025244.6444747606
                   020899.1106465577
                   018322.2012609406
                   017107.7278483602
                   0198115.339080636
                   0193767.583204415
                   0185173.325829288
                   0172603.016871475
                   0156768.795275798
                   0138397.057999673
                   0118591.84998161
                   097360.1750595941
                   074648.1304838318
                   054180.2321032663
                   041825.6344804473
                   032540.6988362566
                   025895.0952402283
                   021437.4402891805
                   018793.5288658292
                   017547.7932246867
                   0203721.698113249
                   0199249.199047829
                   0190407.198605705
                   0177477.133739591
                   0161188.160855118
                   0142287.604857881
                   0121911.93459791
                   0100061.046538644
                   076615.3380585313
                   055659.2043302326
                   042968.0195995319
                   033430.47552968
                   026601.7337731036
                   022021.9208933344
                   019305.4927845719
                   018025.5844218465
                   0209830.290784709
                   0205221.620928013
                   0196111.624889266
                   0182788.911085593
                   0166003.404827736
                   0146528.662036248
                   0125528.66790675
                   0103002.9404394
                   078753.85864332
                   057269.3331825197
                   044210.5431477531
                   034398.4048236725
                   027370.5066644461
                   022657.5492653008
                   019862.8937632388
                   018545.6754258745
                   0216485.78930685
                   0211728.126182008
                   0202324.390837197
                   0188573.13492296
                   0171248.125464958
                   0151147.493812755
                   0129467.463430605
                   0106203.977587647
                   081078.3963500126
                   059020.4389148613
                   045561.9838891244
                   035450.9516982074
                   028207.5869057617
                   023349.4483835865
                   020468.7481565052
                   019110.9950967398
                   0223759.792974298
                   0218839.882305318
                   0209115.454886393
                   0194894.622542811
                   0176979.525745311
                   0156194.242685697
                   0133771.369491421
                   0109700.898399932
                   083611.2386765264
                   060931.5175835173
                   047037.1656005149
                   036600.2662930541
                   029120.8180727436
                   024104.0501266177
                   021129.8998241928
                   019727.9479121619
                   0231720.264187441
                   0226622.606098193
                   0216547.544054328
                   0201812.339532281
                   0183252.113887672
                   0161715.8343888
                   0138479.916325449
                   0113524.978828653
                   086376.2837361878
                   063022.0317067806
                   048650.5556239308
                   037855.4925621996
                   030118.0094079668
                   024928.6195900027
                   021852.5571090564
                   020402.2357924141
                   0240439.031814833
                   0235146.326002508
                   0224685.263453876
                   0209388.243251318
                   0190120.746203629
                   0167762.001826593
                   0143635.925674225
                   0117711.379884822
                   089395.5481476345
                   065308.8845146201
                   050416.8350161668
                   039229.7110551304
                   031209.5185979838
                   025830.5382856531
                   022642.5157397648
                   021139.6667566638
                   0250001.499146839
                   0244494.042402763
                   0233610.603968931
                   0217699.296460931
                   0197653.382502499
                   0174390.766010755
                   0149289.204623369
                   0122295.683085994
                   092697.9343527938
                   067812.207740554
                   052349.9414483743
                   040733.3055542741
                   032402.8681018279
                   026817.4233839111
                   023506.9614085699
                   021946.2253647696
                   0260521.517101284
                   0254778.655963742
                   0243429.318763634
                   0226831.157134096
                   0205930.704127585
                   0181675.837869255
                   0155496.515444079
                   0127329.639609971
                   096314.9929533008
                   070560.2789004526
                   054469.9939651413
                   042383.0297870215
                   033713.5922337327
                   027900.2611831084
                   024455.0662028077
                   022830.913929034
                   0272088.820964332
                   0266086.922137461
                   0254224.193379785
                   0236884.780560559
                   0215036.541345539
                   0189690.420427495
                   0162323.711420728
                   0132865.207265608
                   0100280.737768914
                   073577.7212520778
                   056798.472849833
                   044195.2585788957
                   035152.5095541451
                   029089.114985069
                   025496.710569194
                   023802.4202888997
                   0284854.240519696
                   0278564.906325059
                   0266136.546851836
                   0247972.4667156
                   0225085.11650137
                   0198529.986546432
                   0169852.992398304
                   0138964.133566701
                   0104641.514084765
                   076901.8855130695
                   059364.4404470687
                   046189.5282730318
                   036736.6170526298
                   030398.2762005648
                   026643.1217311423
                   024871.9765285669
                   0298943.163749762
                   0292336.531286505
                   0279284.112433905
                   0260207.726128511
                   0236171.083927318
                   0208282.451187281
                   0178159.576807603
                   0145685.553407492
                   0109437.156723748
                   080562.0040066316
                   062190.3210119557
                   048387.6235666702
                   038481.3125224892
                   031838.974426931
                   027904.8847482032
                   026049.0417285062
                   0314530.638622186
                   0307574.259554542
                   0293830.32134042
                   0273744.98508057
                   0248436.225134723
                   0219068.566130312
                   0187341.080139464
                   0153111.724695554
                   0114721.370919487
                   084606.1534630397
                   065310.5572148374
                   050813.8871617166
                   040406.8811577638
                   033429.1732382599
                   029297.3385528323
                   027348.2461040891
                   0331787.123466986
                   0324442.937752508
                   0309931.691578344
                   0288728.938900735
                   0262014.426461704
                   0231004.830843265
                   0197498.091648649
                   0161321.177037581
                   0120547.293763181
                   089072.7237806305
                   068757.0226337245
                   053493.3971135407
                   042533.0280315891
                   035184.8531333957
                   030834.7399074859
                   028782.0914518786
                   0350977.085988239
                   0343199.891270894
                   0327835.087647876
                   0305386.276171363
                   0277103.792744157
                   0244270.189859266
                   0208782.049112626
                   0170431.836659851
                   0126998.356828774
                   094026.5372833085
                   072579.3698496804
                   056464.2204738223
                   044889.8570736782
                   037130.7560230487
                   032538.7209552761
                   030371.5529673076
                   0372330.870513904
                   0364071.657796186
                   0347756.728315136
                   0323919.867634758
                   0293890.039122068
                   0259024.717469572
                   0221327.482156809
                   0180553.89656199
                   0134144.108263205
                   099526.0874977202
                   076822.1004926431
                   059761.8144600202
                   047506.0561081321
                   039290.048801228
                   034429.3551608739
                   032134.4623821377
                   0396160.122135564
                   0387359.667092242
                   0369983.738946544
                   0344596.972016081
                   0312613.443718595
                   0275482.154140501
                   0235311.494215702
                   0191823.372661393
                   0142083.05883679
                   0105645.93878086
                   081545.8564183897
                   063430.2738724056
                   050415.2554004541
                   041691.2312741466
                   036531.3654212512
                   034094.6456178709
                   0422795.076262517
                   0413392.904876743
                   0394826.625773343
                   0367706.611516185
                   0333537.46791086
                   0293864.783539258
                   0250926.883889366
                   0204395.108104479
                   0150916.908463337
                   0112469.414277325
                   086809.4843616256
                   067518.2173906095
                   053656.6336109214
                   044365.8570916709
                   038872.3595649636
                   036277.7512358631
                   0452645.524021161
                   0442565.843328928
                   0422663.567036045
                   0393597.721604586
                   0356975.15646524
                   0314450.500229629
                   0268404.451157105
                   0218448.472794817
                   0160771.305056735
                   0120092.887377894
                   092689.2849417269
                   072084.6944748922
                   057276.7168190554
                   047352.6377575198
                   041486.4243890355
                   038715.0614717428
                   0486173.781936976
                   0475331.037453756
                   0453915.711744861
                   0422661.441631336
                   0383280.606561505
                   0337548.395220598
                   0288005.771161644
                   0234191.882549011
                   0171785.638681147
                   0128628.750752249
                   099272.3317221814
                   077195.7421611827
                   061328.1794398961
                   050694.4353405502
                   044410.6177143456
                   041441.6586746389
                   0523963.907517376
                   0512261.461625083
                   0489146.628884633
                   0455421.27119842
                   0412924.044973647
                   0363568.683797201
                   0310073.072055049
                   0251889.111345732
                   0184148.054400039
                   0138222.0407082
                   0106669.280456334
                   082938.9162927843
                   065877.6100577367
                   054446.7923397358
                   047694.2755966774
                   044502.4031493073
                   0566636.46722203
                   0553962.939210471
                   0528940.464549007
                   0492401.740479271
                   0446381.007295594
                   0392925.993927324
                   0334958.894834191
                   0271820.720186289
                   0198040.094595018
                   0149020.193246302
                   0114993.068319322
                   089397.7902232744
                   070995.6935947912
                   058666.0443203118
                   051384.9422433431
                   047943.6830392731
                   0614943.430430786
                   0601164.948460911
                   0573967.978999268
                   0534267.291195124
                   0484232.984436886
                   0426129.202698585
                   0363081.954970301
                   0294311.640083571
                   0213692.479587927
                   0161201.735624559
                   0124383.205830544
                   096684.6300750802
                   076765.282786925
                   063422.3648354351
                   055546.1747243323
                   051821.9900718095
                   0669727.638378387
                   0654694.410558665
                   0625023.823600921
                   0581719.206855025
                   0527137.379490415
                   0463749.063112853
                   0394924.240329035
                   0319733.376871288
                   0231367.666217152
                   0174969.350975504
                   0134994.970991978
                   0104918.179584857
                   083284.3481961457
                   068794.4404653724
                   060245.1561125427
                   056201.0362746325
                   0732169.473120246
                   0715702.622384717
                   0683204.720082666
                   0635782.035906401
                   0576019.294085141
                   0506577.606651515
                   0431143.629377691
                   0348601.817952661
                   0251413.79705949
                   0190600.789943169
                   0147040.108169797
                   0114261.429115449
                   090681.2952385608
                   074888.8420094196
                   065574.6236154904
                   061168.1330751974
                   0803397.281745337
                   0785290.027907589
                   0749562.40519522
                   0697429.539460941
                   0631729.552729899
                   0555378.378452151
                   0472380.603334394
                   0381405.311110923
                   0274180.243601715
                   0208361.658942179
                   0160727.713337737
                   0124876.578584658
                   099080.8631722292
                   081808.2322859303
                   071625.8180216459
                   066806.5862971911
                   0884985.025531407
                   0864995.677594616
                   0825554.162537627
                   0768012.127540744
                   0695493.350050136
                   0611203.9937358
                   0519510.877431787
                   0418823.412532822
                   0300141.617866609
                   0228625.887386433
                   0176340.472836151
                   0136983.861107352
                   0108660.189937769
                   089697.3130634869
                   078521.9321539395
                   073233.2337917491
                   0978721.950866297
                   0956563.271928976
                   0912841.624263183
                   0849067.690100595
                   0768693.19895707
                   0675272.389721506
                   0573528.457251159
                   0461618.698824127
                   0329827.708588169
                   0251803.240732339
                   0194195.14735138
                   0150828.520645186
                   0119613.069871547
                   098715.3428803787
                   086404.8482113502
                   080576.6024579473
                   01086537.92195088
                   01061878.01247197
                   01013215.49978231
                   0942253.813383187
                   0852812.498682865
                   0748838.459766167
                   0635504.035401014
                   0510606.72236246
                   0363854.324783856
                   0278333.051671152
                   0214637.764625958
                   0166677.34113418
                   0132146.596791306
                   0109034.08232708
                   095424.0403085856
                   088978.5589133913
                   01210897.14193138
                   01183301.20143409
                   01128927.87145921
                   01049645.43617423
                   0949715.718143492
                   0833532.423878707
                   0706765.030313727
                   0566797.617587555
                   0402796.746159194
                   0308772.256296858
                   0238085.052033099
                   0184856.761921513
                   0146524.256398909
                   0120867.551905888
                   0105764.72824404
                   098611.3381670918
                   01354867.26768657
                   01323930.02888515
                   01262870.14026369
                   01173915.89854898
                   01061794.90101604
                   0931413.435053743
                   0789021.107290812
                   0631484.73336882
                   0447674.333840014
                   0343801.171905625
                   0265081.957269892
                   0205783.917992019
                   0163070.71169573
                   0134485.169110806
                   0117662.181762541
                   0109694.316372367
                   01522021.88617914
                   01487156.59786909
                   01418377.8298253
                   01318107.58563968
                   01191770.61077117
                   01044835.393664
                   0884194.031750347
                   0706121.373101003
                   0499450.394120474
                   0384211.993582866
                   0296225.666083327
                   0229930.38413259
                   0182161.024112416
                   0150195.04021909
                   0131386.69281459
                   0122475.946347816
                   01716296.12617978
                   01676836.01843616
                   01599009.15328229
                   01485597.31544191
                   01342615.7984863
                   01176349.34732989
                   0994405.625062677
                   0792276.309337546
                   0559175.307253342
                   0430821.498431371
                   0332164.178443901
                   0257795.907208957
                   0204186.87756604
                   0168316.893337563
                   0147216.652748057
                   0137219.158137864
                   01942610.39848334
                   01897773.09503386
                   01809338.66490067
                   01680503.8303913
                   01518072.50015561
                   01329162.85467008
                   01122218.0103181
                   0891857.627214245
                   0628212.426146618
                   0484662.925540846
                   0373692.132180056
                   0289994.843724076
                   0229639.117430695
                   0189256.546452823
                   0165505.222607672
                   0154249.263935391
                   02206440.02755234
                   02155300.2606598
                   02054429.33628072
                   01907510.96492503
                   01722322.68133833
                   01506811.86587581
                   01270515.40080105
                   01006979.19805719
                   0707956.07636598
                   0546830.547693666
                   0421657.796494099
                   0327189.96511899
                   0259042.201944677
                   0213439.86337756
                   0186628.492727158
                   0173920.73797221
                   02515731.74502017
                   02457134.58629717
                   02341578.7804829
                   02173320.05148496
                   01961238.48410376
                   01714370.58197758
                   01443391.4769375
                   01140625.99715876
                   0800320.368911389
                   0618888.009881257
                   0477279.543811864
                   0370332.302529959
                   0293142.055565328
                   0241487.428957871
                   0211121.2985571
                   0196725.368182684
                   02876783.18412305
                   02809427.01917483
                   02676603.11602157
                   02483259.38392642
                   02239556.7436008
                   01955812.94094797
                   01644005.3286014
                   01295025.54606782
                   0906771.867603481
                   0701966.762119215
                   0541449.511510236
                   0420110.448100195
                   0332485.469694062
                   0273847.215755208
                   0239377.02507827
                   0223034.263543138
                   03300793.69674325
                   03223051.01844443
                   03069771.52527236
                   02846715.31447571
                   02565571.62046843
                   02238209.04209884
                   01877936.60632941
                   01474157.83209431
                   01029835.04801848
                   0798099.14257266
                   0615744.817376657
                   0477760.903646849
                   0378050.834751797
                   0311314.94646637
                   0272090.37233979
                   0253491.4041418
                   03797353.86181649
                   03707239.8737705
                   03529765.1779962
                   03271603.55592001
                   02946222.30989503
                   02567256.12530798
                   02149678.81388826
                   01681067.13687716
                   01171391.44225406
                   0908780.589203497
                   0701344.69108042
                   0544194.083638972
                   0430559.353474199
                   0354490.75853439
                   0309784.930997104
                   0288580.943962812
                   04378535.87025038
                   04273967.38313756
                   04067843.54440277
                   03768062.70374013
                   03390356.50580347
                   02950340.65447995
                   02464886.06584416
                   01919527.13445023
                   01333743.82049944
                   01035834.36953927
                   0799680.986873923
                   0620539.010176738
                   0490901.207538673
                   0404100.710188488
                   0353093.925480808
                   0328888.677969234
                   05056182.83099294
                   04934443.05784397
                   04694529.15729849
                   04345733.20929657
                   03906296.08760905
                   03394240.99937247
                   02828586.35570412
                   02192660.09919565
                   01518704.02970796
                   01180684.64870295
                   0911883.595736908
                   0707678.143457925
                   0559770.697267579
                   0460717.694225871
                   0402504.242630133
                   0374876.95991506
                   05843639.86653471
                   05701684.42485957
                   05421914.02345596
                   05015528.41854508
                   04503272.6122597
                   03906338.7348095
                   03246153.78728047
                   02503567.08983677
                   01727833.77597121
                   01344639.00807777
                   01039012.19765268
                   0806434.439462565
                   0637820.52551058
                   0524870.968902789
                   0458489.056670323
                   0426975.194142941
                   06751938.35560511
                   06586292.79661561
                   06259821.15982086
                   05785872.86113541
                   05188428.29914509
                   04492057.22143539
                   03720963.7040102
                   02853645.16466342
                   01961436.6092089
                   01528034.5930308
                   01181373.4901994
                   0917072.201862864
                   0725256.538770222
                   0596728.263951772
                   0521184.218218569
                   0485309.029335628
                   07785670.47017874
                   07592563.62368467
                   07211925.27761863
                   06659691.38848519
                   05963694.73839187
                   05151960.94646894
                   04252177.92774083
                   03240734.43854388
                   02217239.43827183
                   01729217.58969921
                   01337715.04739835
                   01038628.56702019
                   0821331.933200978
                   0675658.867244656
                   0590041.10068793
                   0549363.167306353
                   07746412.97507585
                   07552056.63416565
                   07168900.16548684
                   06613865.03181248
                   05913571.6059415
                   05096758.2916855
                   04190512.85656915
                   03173004.50827555
                   02160625.80299513
                   01686738.0521377
                   01305675.71193921
                   01013967.10668705
                   0801779.476917709
                   0659480.489140393
                   0575833.611868642
                   0536079.452165594
                   07487477.62796183
                   07297602.06834852
                   06923162.70913381
                   06380795.96554791
                   05697261.20048927
                   04899495.09676675
                   04013729.56728077
                   03020687.159243
                   02047765.46997189
                   01600008.93266346
                   01239256.81770983
                   0962582.956522929
                   0761119.716565013
                   0625958.005592355
                   0546500.449376396
                   0508724.262161106
                   07211939.89364903
                   07027232.92360776
                   06663298.43973845
                   06135284.80438856
                   05470191.96181726
                   04694291.29176262
                   03831977.0325858
                   02867400.15449033
                   01935787.74178479
                   01513668.63253543
                   01173012.04893252
                   0911306.136470945
                   0720547.052992871
                   0592527.285352746
                   0517262.831979689
                   0481462.201231178
                   06922887.88963068
                   06743892.0117257
                   06390588.43625432
                   05879317.28020271
                   05234915.99829918
                   04483074.34198519
                   03647417.56365821
                   02714047.48150583
                   01825238.29591887
                   01428206.6980935
                   01107334.72933933
                   0860437.210917863
                   0680307.15499638
                   0559382.785716067
                   0488280.68470428
                   0454448.667663386
                   06619044.42942143
                   06446369.98643471
                   06105490.521843
                   05611900.61351552
                   04990317.03834623
                   04264855.79872226
                   03457909.479621
                   02559643.50191379
                   01715337.26791004
                   01343063.19129043
                   01041793.33232656
                   0809645.890338613
                   0640137.133689536
                   0526304.546022825
                   0459364.861787804
                   0427505.471536199
                   06300411.9251439
                   06138282.63510967
                   05806746.39785975
                   05333252.05259086
                   04735981.8489572
                   04041867.37181394
                   03264464.56190065
                   02403917.60211274
                   01605831.0175864
                   01258059.28440151
                   0976270.55864048
                   0758844.215042405
                   0599956.846915897
                   0493228.593168912
                   0430459.007304988
                   0400576.983806617
                   05967038.54279287
                   05808406.48179844
                   05495186.98280454
                   05042693.84543212
                   04472215.88386181
                   03806804.39978301
                   03066492.64423335
                   02246601.4964375
                   01496455.9553029
                   01173010.97928994
                   0910635.048030781
                   0707927.448091959
                   0559691.341736424
                   0460089.160153629
                   0401505.523331607
                   0373607.678053679
                   05619237.19479307
                   05468248.11500502
                   05170784.91082748
                   04740983.1693507
                   04199133.76290327
                   03567011.06298976
                   02864029.08420755
                   02087652.45470556
                   01387129.75820038
                   01087875.18287136
                   0844851.765701962
                   0656877.84962402
                   0519320.941897355
                   0426870.541246385
                   0372488.746475556
                   0346584.985288705
                   05257950.82378823
                   05115068.41419344
                   04834399.97100905
                   04428917.63897439
                   03917448.911786
                   03320719.71173414
                   02657779.69205384
                   01927285.849657
                   01277923.11050034
                   01002706.89070882
                   0778978.150590669
                   0605743.222052679
                   0478883.190533352
                   0393604.236101034
                   0343434.035907708
                   0319531.577825986
                   04885981.10270127
                   04751823.30669342
                   04488629.51704202
                   04108384.67746891
                   03629097.67109632
                   03069785.1612869
                   02448546.74294412
                   01766541.99826498
                   01169437.73808704
                   0917997.349322492
                   0713403.310320097
                   0554816.083773792
                   0438613.835493521
                   0360479.843508345
                   0314510.570608785
                   0292603.288699628
                   04504405.4133812
                   04378639.28729502
                   04133582.05415819
                   03780104.00957542
                   03334201.30916527
                   02814149.85173858
                   02236916.67846468
                   01605327.57047025
                   01061539.41148464
                   0833651.768233455
                   0648057.106141382
                   0504056.043058751
                   0398475.131758875
                   0327469.890525245
                   0285689.525913566
                   0265773.757102087
                   04114421.87270764
                   03998831.4564464
                   03773022.62844409
                   03447056.01795426
                   03035935.88664979
                   02556448.12266721
                   02024694.81885809
                   01445153.73620883
                   0955114.240136962
                   0750378.126326198
                   0583495.13644742
                   0453888.390973167
                   0358807.584568889
                   0294849.807491322
                   0257213.912092839
                   0239270.147000208
                   03721483.88840536
                   03615561.2365638
                   03409368.83344746
                   03111562.62572282
                   02736144.88901006
                   02298250.55314398
                   01813175.03277827
                   01286907.42366383
                   0850650.84820452
                   0668566.278106229
                   0520025.760442524
                   0404559.864472481
                   0319804.369444665
                   0262780.653353185
                   0229222.549249445
                   0213219.341668954
                   03332640.01025807
                   03233754.99690282
                   03047409.85515988
                   02778099.49979193
                   02438504.28124581
                   02042797.22897953
                   01604984.21383133
                   01132529.80717447
                   0749266.39130624
                   0589105.400347149
                   0458343.323919538
                   0356610.716936656
                   0281893.617853971
                   0231614.624421672
                   0202022.838659925
                   0187908.190911177
                   02943693.62568164
                   02857253.42335829
                   02690264.10929972
                   02449927.76318288
                   02146274.44563586
                   01792510.72280866
                   01402031.95943415
                   0983330.387247502
                   0651705.933896499
                   0512587.491111053
                   0398917.495116965
                   0310405.28366002
                   0245364.611634433
                   0201588.009229692
                   0175820.767918246
                   0163527.956732798
                   02566605.88132281
                   02490731.83658881
                   02343517.90380176
                   02130749.24801926
                   01862712.76776508
                   01550728.06889663
                   01206933.19452067
                   0841324.276815305
                   0559064.107223636
                   0439879.600797237
                   0342423.175339732
                   0266473.137903278
                   0210633.186762423
                   0173042.148185466
                   0150913.833500115
                   0140354.740613946
                   02206240.55470299
                   02140275.95634901
                   02011574.37022292
                   01826139.44403296
                   01592487.2378735
                   01320803.06659359
                   01022428.64504077
                   0708369.236850785
                   0472391.440170911
                   0371815.49298298
                   0289516.253121206
                   0225322.017506321
                   0178101.368442919
                   0146308.361692412
                   0127590.598543478
                   0118657.150755103
                   01865699.60910311
                   01808711.6843123
                   01698182.39200177
                   01538659.63986661
                   01337992.00848061
                   01104985.49787497
                   0850731.741818293
                   0585641.569885576
                   0392285.219516169
                   0308874.106524303
                   0240567.693698127
                   0187246.510411872
                   0148003.097438825
                   0121574.866227603
                   0106014.480131423
                   098586.7383129604
                   01549806.84555123
                   01501775.22295235
                   01407959.62736795
                   01272934.14354489
                   01103065.54771158
                   0906440.337116372
                   0692538.490100009
                   0474783.905662074
                   0319668.454014541
                   0251784.909386302
                   0196155.862819354
                   0152694.058786959
                   0120689.216420018
                   099132.8442996452
                   086439.3375304736
                   080378.2094558416
                   01262436.54909061
                   01222142.7242995
                   01144025.26175966
                   01031489.05757827
                   0890228.200519677
                   0727228.07940467
                   0551344.638872718
                   0376645.285570774
                   0255023.399257564
                   0200937.744414525
                   0156583.34838333
                   0121902.257787515
                   096349.9641270392
                   079135.5583658029
                   068998.2033226746
                   064156.5072136432
                   01005745.65830142
                   0972914.564042727
                   0908759.896266569
                   0816640.456946745
                   0701316.758799375
                   0568900.013532857
                   0427667.43178819
                   0291697.928711804
                   0198641.202871225
                   0156567.046173222
                   0122039.870736173
                   095018.7192327183
                   075100.4236184062
                   061678.5291276492
                   053773.4691841736
                   049997.2930045251
                   0781500.638445192
                   0754887.560358523
                   0703378.432653207
                   0629491.49197242
                   0537239.441061475
                   0432557.677395714
                   0321984.761049742
                   0219822.922315646
                   0150524.172263542
                   0118683.255626835
                   092534.9550406725
                   072053.8704357743
                   056948.0135254211
                   046767.1449897959
                   040770.2310062238
                   037904.7876336233
                   0589724.719776666
                   0568908.627925107
                   0528311.157773866
                   0470276.747712001
                   0398384.640779113
                   0317365.059944112
                   0234228.251042786
                   0160517.337602164
                   0110471.084487785
                   087133.0428182594
                   067954.0476215804
                   052918.8693797058
                   041823.574880834
                   034344.0017256225
                   029937.575514921
                   027831.721319399
                   0430075.698044477
                   0413921.932574958
                   0382779.251083644
                   0338826.461178581
                   0284003.446627031
                   0223616.763454689
                   0163661.48316567
                   0112901.025156984
                   078048.7641540326
                   061581.9676530624
                   048040.0711941372
                   037414.4477794886
                   029568.9690460418
                   024279.0054274377
                   021161.8438553693
                   019671.8849860341
                   0299944.623062719
                   0288018.901585576
                   0264874.988732694
                   0232263.379457016
                   0192671.578179243
                   0149604.858118532
                   0108723.983173603
                   075668.9725340546
                   052517.0717398416
                   041451.5321133161
                   032345.0564359108
                   025192.9952869025
                   019909.4984119649
                   016346.0488789825
                   014245.9237096671
                   013241.7769128817
                   0196006.707692843
                   0187468.918494531
                   0171169.283111092
                   0148416.001777341
                   0121316.090668549
                   092858.8901072109
                   067182.8789156508
                   047242.7716655389
                   032906.4996338234
                   025982.3492747781
                   020279.532987502
                   015796.5796561201
                   012483.0946038574
                   010247.6962189891
                   08930.05810324877
                   08299.79878025132
