         1.03151e+06                 360
                 160
         5339499999.99999         5006048181.56798         4694834386.17908          4404375551.9889         4133287523.08679         3880278453.42319         3644142650.63143         3423754830.40722         3218064754.06581          3026092223.7223         2846922411.24519         2679701498.72381         2523632609.67446         2377972011.59593         2242025571.77804         2115145449.47348         1996727008.66999         1886205936.75086         1783055555.31303         1686784310.32767         1596933429.68293         1513074736.94594         1434808610.92584         1361762081.31434         1293587051.32867         1229958638.88707         1170573628.41199         1115149025.88302         1063420710.25388         1015142174.80693         970083352.447181         928029519.337887         888780271.653059          852148570.57075         817959850.956071         786051189.486468          756270528.25502         728475950.151918         702535002.571022         678324066.218666         655727766.016837         634638421.293436         614955532.639546         596585302.988383         579440190.633658         563438492.057314         548503952.578627         534565402.969263         521556420.302608         509415011.421182         498083317.513724         487507338.394137         477636675.168376         468424290.062966         459826282.270656         451801678.744993         444312238.946896         437322272.612741         430798469.675567         424709741.528891         419027072.876705         413723383.463642         408773399.026417         404153530.851552         399841763.365451         395817549.221131         392061711.381647         388556351.733625         385284765.795381          382231363.11319         379381592.966356         376721875.027037         374239534.644394         371922742.444663         369760457.959318         367742377.012693         365858882.618348         364100999.150164          362460349.56979         360929115.506614                359500000         359348101.265823         359196202.531646         359044303.797468         358892405.063291         358740506.329114         358588607.594937         358436708.860759         358284810.126582         358132911.392405         357981012.658228         357829113.924051         357677215.189873         357525316.455696         357373417.721519         357221518.987342         357069620.253165         356917721.518987          356765822.78481         356613924.050633         356462025.316456         356310126.582278         356158227.848101         356006329.113924         355854430.379747          355702531.64557         355550632.911392         355398734.177215         355246835.443038         355094936.708861         354943037.974684         354791139.240506         354639240.506329         354487341.772152         354335443.037975         354183544.303797          354031645.56962         353879746.835443         353727848.101266         353575949.367089         353424050.632911         353272151.898734         353120253.164557          352968354.43038         352816455.696203         352664556.962025         352512658.227848         352360759.493671         352208860.759494         352056962.025316         351905063.291139         351753164.556962         351601265.822785         351449367.088608          351297468.35443         351145569.620253         350993670.886076         350841772.151899         350689873.417722         350537974.683544         350386075.949367          350234177.21519         350082278.481013         349930379.746835         349778481.012658         349626582.278481         349474683.544304         349322784.810127         349170886.075949         349018987.341772         348867088.607595         348715189.873418         348563291.139241         348411392.405063         348259493.670886         348107594.936709         347955696.202532         347803797.468354         347651898.734177                347500000
                  17
                        0        0.196349540849363        0.392699081698725        0.589048622548088         0.78539816339745        0.981747704246813         1.17809724509618         1.37444678594554          1.5707963267949         1.76714586764426         1.96349540849363         2.15984494934299         2.35619449019235         2.55254403104171         2.74889357189108         2.94524311274044          3.1415926535898
                   2
                        0          6.2831853071796
         417.395846933309
         414.596655339817
         409.100081224969
         400.726575854387
         389.554556045439
         375.207900972076
         357.777486351342
         336.238606222337
         310.056161490196
         277.914991468784
         239.175195112524
         191.932290457184
         137.945237202469
         84.0725725048325
         45.8244122031708
         28.3281901339403
         504.479303737258
         500.950362228589
         493.912681879354
         483.222322924185
         468.885964480502
         450.538040817338
         428.295625644555
         400.846374052759
         367.682514492061
         327.337433498229
         279.306192603199
         221.867763269668
         158.140274971302
         97.3521687241772
         56.0168836357323
         36.9244936310804
         604.257022683365
         599.815900960168
         590.927419824084
         577.442757141605
         559.283816270905
         536.019635013951
         508.012489326875
         473.403522878356
         431.702245555144
         381.552963107243
         322.927223111254
         253.987029799502
         180.068887239297
         112.655224167357
         68.4620139313341
         47.6689212648497
         720.790795953206
         715.221834693357
         704.007085459677
         687.055555949706
         664.170769179358
         634.855768048237
         599.830711936936
         556.416632849754
         504.533091014112
         442.710134163331
         371.777597203388
          289.88693129973
         205.018624453364
         131.145889871481
         83.5374835097815
         60.9679644009972
          858.01635239014
         851.043575194061
          837.05357606938
         815.667103193717
         786.917726675005
         750.257734830925
         706.475276754848
         652.408191095875
         588.017041099303
         512.251646251782
         427.199109116174
         330.757318637263
         234.032270736743
         153.166107717452
         102.038034603682
           77.41276942833
         1019.34315056128
           1010.580205363
         993.150516242286
         966.427441691529
         930.524169373906
         884.553356238043
         830.172470224401
         763.097558978316
         683.739815795784
         591.515152714683
          489.99592894546
         377.199634229745
         268.035946186964
         179.826902529631
         124.356365526401
         97.4361796513973
         1209.45958437875
         1198.66232003081
         1176.70788598307
         1143.38870823905
         1098.53034516394
         1041.29031920907
         973.950576535712
         891.121695017273
         793.764810428317
         682.137788623898
         561.703641352541
          430.87309225487
         308.216934137813
         211.874776154725
         151.121689988848
         120.459431521353
         1433.70587464552
         1420.15420015686
         1392.80144209206
         1351.17743802108
         1295.33071742663
         1224.07368566375
         1140.84683015712
         1039.13966452243
         920.420148942088
         786.171558365675
         644.032927361103
          493.07110981614
          355.87634728906
         250.367672888325
         183.595704565485
         149.904212464817
          1697.6171321337
         1680.72822916876
         1646.88481864281
         1595.04133689316
         1525.50582219495
         1437.29554423149
         1334.62975693401
         1210.03995937612
         1066.21089798752
         905.643253179529
         738.769368395817
         565.518934716008
         412.455453030024
         296.374897559105
         222.633266386438
         185.557404707515
         2007.62289988198
         1986.61374038821
         1944.53601911493
         1880.28439651383
         1794.27240427337
         1685.30084878195
         1559.17853112026
         1407.34482140989
         1233.81572573022
         1042.90516397141
         848.073492379162
         650.281488508396
         479.599345744352
         351.769799023844
         269.570192487288
         228.481118905187
         2372.08179858822
         2346.23806586155
         2293.90972651629
          2214.4953062028
         2108.17389170139
         1974.38616669765
         1819.95105710441
         1635.58984188558
         1427.27166902152
         1201.42051169164
         975.199494917379
         750.291959895707
         559.685909753084
         418.009213907245
         325.715260033724
         280.177152110987
         2801.02978382254
         2769.14623734536
         2704.40270026295
         2606.28258251255
         2475.32343310385
          2311.2512389636
         2122.96055043327
         1900.32016024401
         1651.11066326215
         1385.51672772926
         1123.83309170678
         868.710449328431
         655.573688794382
         497.093590772798
         393.242793790499
         342.193358523516
         3302.17821230875
         3262.83743517053
         3183.11617323965
         3062.37375962883
         2901.65142346993
         2701.14284504696
         2473.00108282489
         2205.04925616117
         1908.90798425976
         1597.73048682051
         1296.56776606058
          1007.6924376069
         769.257949838052
         590.675667455104
         473.478597889192
         416.025246334826
         3888.23835146926
         3839.42000589244
         3741.79677671023
         3593.19411643427
         3396.96498821721
         3153.12844892399
         2877.85119463905
         2557.45049557294
         2206.95949089846
         1844.12201573873
         1498.45345388418
         1171.55536057484
         903.917877928649
         701.715246253312
            568.853778709
         503.957870947946
         4574.21508179329
         4514.67483640731
         4394.91655452581
          4213.2927667089
         3974.41187755704
         3678.57168116752
         3348.01895360564
         2966.15020695785
         2553.17560380467
         2131.34605484043
         1735.74909016831
         1365.44514014411
          1063.5408511316
         833.592983026368
         682.515581099663
         608.860596833366
          5372.2366123754
         5298.94056194457
         5153.09756715143
         4931.93867563851
         4642.04200361764
         4286.07870046366
         3890.54174748448
         3437.44296507245
         2953.62021222046
         2465.43742057616
         2013.44188213872
         1593.40098170629
         1251.28500052946
         988.883615054313
         816.374528336905
          732.71126116193
         6314.46985122482
         6225.90810082304
         6048.27567648439
         5779.04177508869
         5429.04563590284
         5000.17608350255
         4527.76840729529
         3992.28307252403
          3426.2814245863
         2862.07770996882
         2345.04952695472
         1867.76138179202
         1477.62752498838
         1176.64785804088
         979.080530999425
         883.404885215277
         7403.60180738627
          7296.0771097491
         7080.98494643551
         6756.35486159441
         6334.19112629022
         5821.81033879699
         5260.86710319317
         4631.13804195087
         3972.29489130383
         3322.15886993309
         2731.21362125245
         2187.07647577137
         1740.63161974665
         1395.25680891521
         1168.48096774976
         1059.35030661306
         8662.36634237456
         8532.78486237727
         8273.15425398882
         7883.10795049917
         7378.04548811039
          6767.8393072288
         6104.80553960647
         5367.79892097543
         4603.82404758391
         3855.86194453339
          3180.8758974335
         2559.69909087124
         2047.30622524078
         1650.32176641279
         1389.46383573034
          1264.5436121089
         10119.8781780195
         9964.25845311403
         9653.18973644997
         9185.87880431911
         8584.10195180412
          7861.1248393136
            7081.09398713
         6221.73727456865
         5337.01935210803
         4478.36287774243
          3705.6233959756
         2994.38141417314
         2405.37950316857
         1948.21219165174
         1647.82819942156
         1504.92081228549
         11801.2353411464
         11615.4646355982
          11243.602882114
         10686.4697215213
         9972.10930362505
         9120.32931389878
         8205.86535721802
         7206.69922867064
            6185.84404194
          5200.5543545701
         4314.82133824351
         3499.88125507435
         2821.32182754307
         2294.68380155996
         1948.64037754999
         1784.46517488183
         13740.0324574826
         13518.6402318615
         13075.5436368826
         12415.6811439512
          11572.173474373
         10572.0804481553
         9503.65421061519
         8344.80276505265
         7169.78677323464
         6038.92039093733
          5022.7176204569
         4085.97504406144
         3304.30870133674
         2696.84013269557
         2298.22511694003
         2109.61686387125
         15978.3936154579
           15715.67850578
         15191.3736157303
         14411.7235523522
         13419.6002378985
         12249.4593023459
         11005.0258196398
         9664.46421140368
         8312.03609010151
         7013.15489848233
         5845.12513747276
         4767.65365169564
         3865.53095711769
         3164.95954108953
         2704.84156999316
          2488.3386093234
         18546.6549747424
         18237.5905745262
          17620.008214055
         16703.3337417111
         15540.3890451772
         14176.8288002828
         12731.5600412843
         11185.0274541571
         9628.70104935526
         8137.53930511937
         6794.37381674712
         5553.41988175016
         4513.20560926987
         3705.57188215245
         3173.86810717283
         2926.03044788824
         21489.4126545197
         21125.7292900791
         20401.8011496505
         19328.7952616527
         17971.1121626432
         16387.4134240007
         14714.2384351363
         12931.1411682344
          11143.243114967
         9431.16763083495
         7884.20168337063
         6456.12813312352
         5256.56551274102
         4324.79900056011
         3710.40399696363
         3427.86483437177
          24846.740226498
         24421.4404496962
         23574.3262197787
         22322.9603650111
         20746.0984273324
         18912.3823370895
         16980.7773137352
         14929.4081787328
         12876.1338942955
         10911.2200382306
         9130.53913137123
         7485.94334107965
         6104.79183530706
         5030.44687821681
         4298.24992836846
         3998.29333584538
          28685.668673874
         28189.2734045101
         27204.7207108067
         25750.9480619508
         23923.4656592737
         21805.4406857536
         19577.3746451553
         17219.9183467103
         14862.8519044144
         12606.2493334818
         10555.6674053117
          8663.9676727805
         7073.22511400164
          5836.0134303965
          4995.5927780119
          4648.9814273071
          33068.943971001
         32493.6591593639
         31352.3947031404
         29669.8597225912
         27556.1117227863
         25115.7668630865
         22550.1495824099
         19843.5506516394
         17138.0213588167
         14545.9761539889
          12184.802397897
         10008.9955353963
         8178.31943230321
         6755.28330878511
         5792.09265572038
         5392.65606928746
         38041.5696910423
         37375.5954534415
         36055.7534549404
         34114.1554957789
         31680.5882809788
         28874.5218954302
         25926.2932375231
         22820.5745414367
         19718.2239026613
          16742.511497954
         14027.7190771205
         11527.6224496187
         9424.05016500009
         7790.15364104468
         6689.03516117628
         6230.01068842062
          43682.107250334
         42915.2307604413
         41394.9644087009
          39160.141533437
         36364.5877962918
         33145.3309137747
         29761.4286614805
         26202.1174236512
         22645.2938688786
         19230.8408484374
         16111.5080703963
         13242.2516620279
         10827.0441419067
         8953.92944081949
         7698.83224824382
         7171.49274374775
         50055.3989996261
         49172.7465828316
         47427.2443637205
         44863.8270442732
         41658.8976046439
         37972.9047287055
         34094.7660147389
         30021.4833191458
         25948.7871675194
          22036.414223972
         18455.7511934486
         15168.3440125781
         12399.9115120703
         10256.0196287372
         8828.27671851739
         8225.79910804658
         57237.8703767382
         56226.0245407754
         54225.8848063934
          51291.063024301
         47627.3335350537
         43414.8880654196
         38977.4460180681
         34319.1357272882
         29661.3156661037
         25184.3359866727
         21081.2985811258
         17319.7180125614
         14152.4615951592
          11702.885643917
         10083.5891354276
         9397.62840516176
         65310.9979195545
         64154.8946583248
          61868.677796951
         58520.7001706867
         54337.8470342365
         49532.6802997202
         44462.3514819098
         39142.1482458626
         33822.9144031678
          28706.333206358
         24013.3586525264
         19715.6527970789
         16098.2219569005
         13304.8785524869
         11474.1784189928
         10695.8478428927
         74335.3063943091
         73016.8648485145
         70412.2005425942
          66598.515432804
         61835.9950580105
         56365.3742375232
         50582.5525536333
         44521.7680365424
         38455.2776581207
         32620.2389891254
         27261.2712339351
         22363.7210032627
          18241.254892226
         15060.0559473983
         13001.0281151135
         12121.8410518125
         84411.7608945246
         82911.3334166573
         79949.6527745229
         75616.8632401074
         70204.2491414702
         63986.6962724626
         57405.4194721099
         50508.4464315976
         43605.8357735443
         36961.7716027573
          30855.801802023
         25284.0621620059
         20596.0145482193
         16975.7500005162
         14673.4498945359
         13684.1590820638
         95590.3810994016
          93888.910916754
         90530.2413818472
         85618.6116937924
         79481.6382399503
         72430.8799269742
         64960.0929568646
         57128.8155284678
         49287.6513421003
         41739.3036400567
         34802.0188573429
         28478.0722947184
         23160.5622323281
         19043.4808459884
         16488.6640979251
         15381.5496853513
         107974.742206875
         106047.575460353
         102247.839252979
         96693.2076050756
         89749.9920157885
         81770.4806027572
         73305.9778739134
         64432.5823019041
         55546.0987963415
         46989.9304439134
         39124.4076916884
         31962.6136746959
         25942.4221369763
         21147.7776679875
         18449.0550656994
          17220.602931523
         121597.897208908
         119423.712939037
         115135.204096607
         108867.736406138
          101033.07244317
         92025.6494904153
         82460.6484643358
         72433.3311035506
         62386.2718280946
         52714.8496869493
         43821.5519890278
         35733.4673560058
         28939.3507145066
         23535.0970241573
         20555.0298931872
         19195.3239326354
         136532.491481653
         134081.830752214
         129258.166340801
         122206.164702469
         113386.273710795
         103245.468876215
           92466.36683927
         81160.6411228351
         69832.5209989406
          58928.042818874
         48901.3471854532
         39792.4768360645
         32149.8998245406
         26097.5747757131
         22810.2410550099
         21306.5092364938
         152836.723161487
          150084.34546239
         144671.069419592
         136758.177183925
         126856.579494463
            115466.528454
         103351.216821424
         90641.6650328003
         77901.0653507673
         65642.0688411879
          54370.829357582
         44139.0734770172
         35567.2353679832
         28826.0886671582
         25210.3472003269
         23553.1483211316
         170517.558097791
         167436.152613059
         161379.508910717
         152528.074579528
         141444.242553932
         128689.599812166
         115115.110381573
         100868.098275569
         86582.1400861342
         72842.2559118809
         60212.7220948179
         48755.2969103151
         39169.7935555822
         31709.9677955236
         27745.2084095345
          25926.651268801
         189630.810865592
         186191.283123248
         179434.825331317
         169559.984417439
           157191.3830449
         142948.663874858
         127780.025171553
         111858.412440936
         95890.3191319427
         80536.5284750536
         66428.2482525851
         53638.4325315881
         42943.6197403427
         34742.9082011243
         30411.0527135545
         28424.2580546238
         210158.414939669
         206331.813812093
         198817.988248374
         187837.235274848
         174078.135892666
         158225.389318971
         141331.013393701
         123591.818931431
         105801.614208484
         88697.9878919664
         72989.0340732765
         58763.1501757768
         46854.5754904155
         37908.4401651143
         33194.5119520579
         31032.6100187031
         232120.828962987
            227876.110756
         219547.027633316
         207372.401680643
         192114.550684522
         174524.529372053
         155767.584793681
         136067.752820978
         116308.851780684
         97319.7916884564
          79885.219527186
         64111.8723294411
         50871.2215490118
         41194.4987769869
         36087.2489045754
         33744.1708196976
         255475.704628215
         250783.443840265
         241579.622855536
         228128.305580113
         211261.941367087
         191808.397368385
          171054.87900932
         149246.533915093
         127375.561579898
         106362.899733444
         87079.7997522974
         69646.4071035399
         54939.1747888056
         44579.0127009326
         39072.8943090129
         36543.2009088103
         280181.363769904
         275013.020013555
           264876.9824928
         250062.248487649
          231481.32378209
         210039.689538789
         187154.271509079
         163092.373028195
         138962.454595667
         115791.028112148
         94536.0797164147
         75329.1894708683
         58766.4162533202
         48040.3275119443
         42134.2559123666
         39415.2721216169
         306195.254963129
         300520.638691338
         289396.163829092
         273134.896205105
         252732.813446917
         229177.841874934
         204023.392263898
          177565.15021612
         151030.053519537
         125566.079195243
          102216.89253564
         81122.2579218123
         62734.2765114575
         51559.8981257029
           45253.28705717
         42342.6522896118
          333504.05703796
         327294.365361274
         315121.894092317
         297325.489494169
         274987.149302081
         249185.628074313
         221626.275494742
         192613.020719388
          163518.49798942
         135617.261926333
          110051.11288665
         86954.6071573239
         66890.4523824377
         55089.4246920309
         48373.8273537664
         45270.0103059229
          361753.78695098
         354988.270226055
         341717.320807397
         322325.303003336
         297982.060028935
         269847.866536368
          239760.67600095
         208086.447492296
         176325.921287919
         145889.138063626
         118004.613631727
         92819.4745468052
         71135.4912146069
         58683.9698642228
         51550.8260051505
         48254.4946649571
         391061.754748466
         383715.977593014
         369313.226498381
         348257.340936708
         321809.635014008
         291235.638441333
         258506.224071511
         224043.348088632
         189484.092049629
         156388.414078764
         126083.453841369
         98696.4821333831
         75442.5864440531
         62321.9756417835
           54771.24368934
         51281.0113702789
         421228.630477926
         413272.640132791
         397696.388493887
         374898.848628891
         346283.489565298
         313183.328029781
           277712.3188219
         240351.807811033
         202878.625804283
         167024.887229374
           134213.4528394
         104507.460733793
         79780.7234916994
         65973.9058720755
         58005.7038951894
         54318.4363436197
         452252.712171292
         443678.721423437
         426869.876162804
         402284.482201138
          371415.57710125
         335702.088168843
         297388.046851955
         257018.088765073
         216506.222913195
         177792.898133428
         142380.399510662
         110214.463983552
         84136.8898880937
         69643.5817559694
         61251.8024521667
         57370.5587867123
         483876.767542173
          474665.90085198
         456595.297094817
         430178.537829794
         396995.897851118
         358590.631706068
         317344.972976084
         273883.589254743
         230235.081251968
         188585.674368899
         150492.998927605
          115708.87669973
         88464.0818227334
         73291.6544672098
         64481.7870008146
          60406.700376848
         516027.471056766
         506161.344582942
         486803.760929876
         458524.097734951
         422981.831215055
         381830.603614158
         337593.258762587
         290892.819304009
         244011.139113522
         199321.560134441
         158491.407782079
         120881.154494016
         92739.5829919353
         76905.0964090226
         67685.2324807808
         63417.0322385186
         548557.098459547
         538035.584728101
         517363.222079454
         487170.312008371
         449221.246669979
         405269.612129803
         357986.320907645
          308010.68377848
          257749.95473088
         209992.594932497
         166346.359366533
         125043.580688766
          96953.026316584
         80470.1951479512
         70847.0514999627
         66389.6033268705
         581338.324972191
         570138.796112909
         548141.498396335
         516014.373273862
         475626.681884358
         428837.318706336
         378481.539236513
         325128.558572802
         271410.592723581
         220508.177989662
         173989.388921066
         129467.424946019
           101082.6246693
         83975.3831580065
         73959.4115472268
         69313.7208408999
         614232.827020798
         602345.899369274
         579017.283074397
         544935.755749761
         502093.316743853
         452446.185061117
         398930.191846561
         342169.358516053
         284949.885127193
         230874.366020395
         181382.021641208
         134135.802926614
         105128.234564383
          87410.432785383
         77012.1340332918
         72180.6916417828
         647032.764827106
         634461.084102355
         609798.077680818
         573773.578640365
         528457.470008879
         475900.159337791
         419225.587842039
         359030.281284483
         298260.367580889
         240990.901457039
         188479.360575863
         138749.953180221
         109061.838615999
         90752.4671636203
         79985.3230759471
         74974.4371440644
         679617.447541734
         666360.299899309
         640378.936743921
         602387.714163007
         554582.181024732
         499128.425066002
          439292.20431072
         375642.688839109
         311280.369977831
         250802.900145235
         195216.756526996
         143275.121625998
         112881.726556666
         93986.4987458193
         82868.7453066146
         77684.0976843376
         711951.892708532
         698011.063073778
         670697.019818481
         630735.027261021
         580451.067759677
         522102.674761706
         459101.332809419
         391987.170073761
         323985.821750817
         260289.288286365
         201558.667039104
         147687.375790552
         116587.723733038
         97121.7258973084
         85660.2370196967
         80307.6887084544
         743851.036116934
         729250.489336789
         700586.715640586
          658679.02765837
         605929.876337974
         544703.181824053
           478551.8835595
         407975.208083948
         336305.259451656
         269385.803755976
         207432.268446357
         151954.011055245
         120159.437641287
         100144.570761828
         88346.9779940729
         82837.2701405987
         775216.515656668
         759942.397781917
         729958.532695075
         686122.899228313
         630935.819862989
         566856.462456954
          497580.06889333
         423554.905477464
         348190.160881225
         278052.321495431
         212766.204902961
         156055.856172826
         123587.990969637
         103046.149000406
         90930.2475665557
         85265.1333629495
         805931.954741202
         789979.300559017
         758699.299738592
         712962.918150343
         655372.115316997
         588478.716225911
         516114.209530085
          438668.27039184
         359589.582251392
         286249.892764519
         217457.918478122
         159978.087453716
         126865.223784428
         105819.567918052
         93401.2600996436
         87584.0003466343
         835975.211361342
         819347.255148873
         786781.759959651
         739176.115067515
         679219.820689296
         609553.056826034
          534142.68639325
         453307.465329508
         370485.861276071
         293963.225478742
         220979.741498105
         163719.687133263
         129993.259241324
         108467.782395343
         95758.3645687203
         89795.4203324328
         865205.504544934
         847945.518282986
         814107.864160418
          764656.94956539
         702376.891895938
         629990.669430202
          551592.54920437
          467421.03628416
          380810.86117842
         301152.236736306
         223324.282585305
         167263.373228391
         132960.335591807
         110977.552048327
         97991.0736879028
         91897.3026698349
         893623.793088566
         875765.283331639
         840707.508722743
         789461.786368066
         724904.984268032
         649839.844151148
          568492.36313527
         481000.224675756
         390574.625802529
         307806.436467141
         226577.525959775
         170594.892700859
         135753.763327053
          113343.25422553
         100100.436987739
         93887.5614669956
         921115.215840523
         902642.357628334
         866385.906414864
         813388.752000419
         746616.512819979
         668946.341643069
         584723.195717616
         493983.495575819
         399781.291756821
         313929.283802606
         229900.294467404
         173754.255490203
          138400.24118579
          115584.30776781
         102096.187146157
         95763.5419751301
          947592.68532556
         928530.628409508
         891112.831855176
         836416.748296276
         767495.221118153
         687293.840666813
         600271.843156011
         506349.306830289
         408386.950035686
         319497.510681829
          233121.54019592
         176729.014349033
         140888.820751539
         117692.242969767
         103973.539811792
         97529.7959543295
         973169.195702808
         953534.308794588
         914985.800728854
         858638.070741234
         787627.483711526
         704957.476702696
         615199.271344726
         518149.682388961
         416472.643977787
         324533.357536554
         236227.993949854
         179542.294878563
         143238.426554023
         119683.027885778
         105745.671307118
         99197.0301193789
          997723.25444121
         977534.543969129
         937893.058530459
         879948.083834402
         806913.612779542
         721856.221160531
         629440.672222708
         529338.551975473
         423982.198639266
         328994.231986357
         239182.427859781
         182181.985340268
         145439.432945951
         121547.840534997
         107405.513252197
         100758.493303312
         1021259.62538253
         1000536.29990567
         959839.170579104
         900352.041321452
         825362.657378552
         737996.679708381
         643004.125327475
         539923.731744176
         430924.013088797
         332865.570730184
         241975.231505019
         184653.867326421
         147497.125830739
         123291.418448958
         108956.879458317
         102217.805725344
         1043843.28636332
         1022602.82789153
         980885.299336452
         919907.636942529
         843028.159942845
         753427.445758697
         655933.384813907
         549944.361163224
         437326.016276065
         336131.665815579
         244611.987374009
          186970.62792394
         149422.919125206
         124923.124590296
          110408.32752368
          103582.82633417
         1065486.71996684
         1043746.98721356
         1001044.70748025
         938627.882046363
         859921.715894779
         768160.521313349
         668241.287842485
         559414.105535873
         443201.381590187
         338624.535129356
          247094.16516157
         189140.375138647
         151223.333354453
         126447.991648426
         111764.259892932
         104858.023119317
         1086143.65490377
         1063924.16316412
         1020274.79128677
         956474.360667312
         876011.651150797
         782171.036608341
         679908.544197249
         568323.090893932
         448549.310415925
         340138.079067968
         249418.412034277
          191164.13557094
         152900.070389265
         127867.697653701
         113026.094140022
         106044.437591817
         1105975.04167106
         1083292.01880001
         1038727.08598169
         973588.792483775
         891426.979470315
         795572.438777719
         691035.010519607
         576754.139660056
         453428.624920484
         340678.972027149
         251610.967504409
         193066.347312038
         154473.569584055
         129198.956677766
         114208.811135999
         107156.192406873
         1125115.33836248
         1101981.90176794
         1056527.71592096
         990090.246092343
         906276.434513246
         808463.726250612
         701708.238662045
         584782.102248817
         457897.752305649
         341397.682505254
         253702.696184753
         194872.973321637
          155964.80229308
         130459.442366703
         115328.128833336
         108208.011612217
         1143825.41642177
         1120250.05027744
          1073922.8526315
         1006210.91336059
         920775.973718238
         821039.455659198
         712099.349729529
           592555.2371816
         462080.796677655
          342898.66940198
         255761.226518246
         196636.421186826
         157416.425589524
          131685.08736892
         116415.566814659
         109229.501197176
         1162989.43923006
         1138962.28117536
         1091742.69951298
         1022726.98706769
         935634.323595367
         833930.542924098
         722754.893495959
         600525.724541145
         466318.592333812
         344964.137023833
         257975.770691518
         198502.943182434
         158945.927424378
         132973.764302223
         117557.899749053
         110302.127007272
         1184397.33247712
         1159870.93283307
         1111666.04517771
         1041210.77020055
         952288.604512219
          848419.22502293
         734781.236206412
         609608.589986031
         471304.548003649
         347900.783121477
         260733.414643209
         200771.697242422
         160793.435198187
         134526.640916243
         118933.055780503
         111592.737001605
           1211557.508106
          1186411.3781035
         1136984.63572673
         1064744.99458399
         973556.297291732
         867007.237616021
         750345.242789671
         621592.725535288
         478343.533875766
          352674.48431961
         264789.952797589
         204026.147333968
         163426.678731454
         136735.354675917
         120887.146324211
         113426.121152471
         1241181.58079289
          1215391.4140253
         1164696.09760218
         1090599.98859276
         997066.056136051
         887759.869562284
         768032.729738615
         635764.097001169
         488013.107610428
         359738.512194363
          270309.90081654
          208340.00068654
         166894.386181438
         139638.785639916
         123454.458648407
         115834.761334754
         1260888.41400619
         1234680.38901659
         1183163.11350335
         1107868.86548962
         1012816.00934746
          901727.76975478
         780038.901349355
         645564.487833543
         495363.293476304
          365012.31457761
         274331.448322866
         211456.282969807
         169393.955976007
         141730.713134714
         125303.967000501
         117570.061429593
         1281340.69872164
         1254700.05108057
         1202331.97875925
          1125794.2147454
         1029169.82414618
         916239.377778772
         792521.449898263
         655771.989583959
         502690.823148171
         370539.807777746
         278537.586088651
         214713.100586226
         172005.804187969
         143916.446412568
         127236.436687295
         119383.155005542
          1303243.0933128
          1276139.6607369
         1222860.90895716
         1144992.73619897
         1046686.37753875
         931789.313355342
         805897.342862211
         666714.799174206
         510735.143903775
         376482.595050572
         283054.941444652
         218209.738847625
         174809.734257296
         146262.807628508
         129310.925004241
         121329.517762481
         1326873.92868035
         1299271.24069699
         1245010.56844658
         1165707.54932512
         1065587.85045311
         948566.758250894
         820336.953622608
         678527.553103814
         519668.447014935
         382907.431487438
         287936.478220588
         221987.502646929
         177839.002648065
         148797.654626899
         131552.026935037
         123432.193897637
         1352383.78145361
         1324242.34890772
         1268921.96050604
         1188065.12340266
         1085989.43459079
         966677.208682376
         835923.256526634
         691284.677445342
         528856.228418489
         389857.222655942
         293213.650209387
         226070.426107034
           181112.7911168
         151537.180898769
         133973.980423141
         125704.610097403
         1380071.51684694
         1351345.81482962
         1294875.35260947
         1212342.53725447
         1108137.77443995
         986338.963185387
         852845.143851583
         705136.933557818
         539057.886244853
         397408.816285599
         298946.088906403
         230505.339615321
         184668.571968703
         154512.612459889
          136604.57558354
         128172.691160233
         1410088.00413292
         1380728.48637335
         1323011.59129076
         1238657.17056957
         1132154.22183516
         1007657.24236094
         871193.966078607
         720159.857924098
         550137.229012752
         405608.565469509
         305167.608943769
         235317.794374065
         188526.893021288
         157741.161940127
         139458.880689916
         130850.698327594
         1442691.86637692
         1412643.95492456
         1353572.99945923
         1267240.51254394
         1158238.13965287
         1030814.56051196
         891125.750671952
         736478.043302336
         562174.811768991
         414520.373631682
         311927.902891502
          240546.53973251
         192718.957613096
         161248.839136689
         142560.003021313
          133760.24970575
         1478131.78134156
         1447335.95694664
         1386793.74369224
         1298311.67081417
         1186592.66496986
         1055987.02256044
         912794.252195949
         754219.674908688
         575264.897709764
         424216.802253913
           319281.2756502
         246233.360499653
         197278.052646252
         165063.677777637
         145932.546744456
          136924.48693122
         1516686.84999517
         1485077.49682901
          1422934.9836285
         1332114.27416548
         1217439.86877256
         1083372.42401369
         936367.123591011
          773520.76950222
         589504.200921854
         434769.850396856
         327282.433730397
         252420.765355052
         202238.430725967
         169214.143988018
         149601.874445372
         140367.062866951
         1558679.00235756
         1526183.32492857
         1462297.69533279
         1368929.87858079
         1251036.02311293
         1113198.77286072
         962040.569418611
         794541.285073834
         605008.552113371
         446266.947199763
         335998.066143278
         259160.117573923
         207641.134515037
         173734.684745315
         153598.294737198
         144116.615847333
         1604477.91201526
         1571015.85362396
         1505229.23765075
            1409083.35405
         1287677.50743266
         1145728.14884505
         990040.515142627
          817464.81779639
         621912.093498601
         458808.272435879
         345503.892333811
          266510.01983104
         213533.161260625
         178664.595311338
         157956.703957624
         148205.655387589
         1654553.13223241
         1620034.23861178
         1552168.70052527
         1452983.84179635
         1327738.68857338
         1181292.85730481
         1020652.03345442
         842523.613595344
          640384.03496597
         472520.706226848
         355895.928517897
          274544.92401887
         219974.237135777
         184053.817482396
         162721.056591587
           152675.5804544
         1709233.61906167
         1673560.70409374
         1603424.66383501
          1500921.1728938
          1371483.0464243
         1220126.14155874
         1054075.45414112
         869881.149613984
         660541.060740884
          487492.09601813
         367241.170075791
         283316.498072051
         227005.612825489
         189936.856688307
         167922.003612306
          157555.09039469
         1769095.15092291
         1732158.22129749
         1659535.01010876
         1553398.39903699
         1419369.69734138
         1262634.75898532
          1090659.0601663
         899820.326254202
         682586.398480428
         503874.842971648
         379655.392164101
         292914.334510152
         234699.226017182
         196373.867641814
         173612.594296106
          162894.06187499
          1834588.8869502
         1796268.19899204
         1720923.90665886
         1610811.94414164
         1471758.45838283
         1309138.56074163
         1130677.57382339
         932565.615350901
          706682.70316829
         521792.562409372
         393231.647835545
         303410.195047887
          243112.79346565
         203413.190921152
         179835.584979609
         168732.421548266
         1906548.13182033
         1866707.28375206
         1788367.80693253
         1673886.92172741
         1529310.64088489
         1360222.47579985
         1174633.32617811
         968523.204595548
          733120.82767457
         541462.984050946
         408136.100488144
         314932.930058674
         252349.237225447
         211140.910345351
         186667.034876393
         175141.616423019
         1985704.47255312
         1944190.69984841
         1862565.41090468
         1743274.95321689
         1592617.23415906
         1416410.89433104
         1222975.73610866
         1008060.72170086
         762165.691178279
         563085.191368003
         424519.447093118
          327598.98029961
         262502.114022188
         219635.075254074
         194176.056303822
         182186.408631696
         2072859.67938861
         2029503.60406609
         1944253.41004135
         1819666.37330512
          1662314.1198744
         1478265.88651224
         1276189.29011653
         1051563.76287222
         794091.787388784
         586866.976269671
         442540.029771586
         341530.896026244
         273669.412360496
         228977.989879195
         202435.267791544
         189934.920210048
         2169106.98962599
          2123714.4906076
         2034459.89041891
         1904021.20048031
         1739272.58404166
         1546559.76985498
         1334930.21082512
         1099570.53140468
          829284.79094923
         613098.943370834
         462417.970343603
         356898.937729597
         285987.868248765
         239283.736804311
          211545.42939699
         198481.756994973
         2275108.02690384
         2227472.18641902
         2133805.51561668
          1996918.5713755
         1824019.49667247
         1621757.39419231
         1399597.32906585
         1152400.33070646
         867965.997798373
          641948.73324269
         484281.425597782
         373802.530945557
         299537.062676171
         250619.003714476
         221565.655510007
          207882.26526866
         2392706.35269135
         2342580.69515197
          2244015.3129712
         2099971.35211432
          1918028.1823306
         1705160.93989279
         1471307.27669918
         1210957.44836121
         910781.864955963
         673905.223711091
         508501.817241032
         392528.803211269
         314547.054492738
          263176.02300022
         232665.800588465
         218295.731771092
         2523018.00433716
         2470131.21743767
         2366134.40768253
         2214154.03754678
         2022179.18333928
         1797555.25118818
         1550730.56058156
          1275782.0535169
         958115.935123679
         709256.599560314
         535298.248346906
         413247.381276915
         331153.881252233
         277068.657516432
         244946.442886249
         229816.627936147
         2667802.25451726
         2611844.67427804
         2501809.25293197
         2341005.41365884
         2137874.93738966
         1900177.31703564
         1638923.12876991
         1347723.49877462
         1010561.75464246
           748453.1839346
         565014.013103794
         436224.455022036
         349570.885578443
         292475.290148966
         258565.123114714
         242592.635668738
         2829814.69258199
         2770418.91617555
         2653621.43756895
         2482935.19523565
         2267311.14398986
         2014969.19287913
         1737548.36988993
         1428125.99639527
         1069075.57458164
         792217.851470158
         598198.267879998
         461884.590593135
         370138.348610649
         309680.515517455
         273773.352136306
         256859.640512448
         3009560.71003501
         2946348.01222651
         2822040.03892783
         2640380.95737233
         2410883.58968056
           2142282.859152
         1846894.00073484
         1517208.68188062
         1133789.47306688
          840656.04070977
         634933.297212003
          490292.07926248
         392907.606422505
          328727.10742813
         290609.120333468
         272653.243706601
         3210986.53664412
         3143491.56994936
          3010759.9589914
          2816791.9407723
         2571730.75383409
         2284883.95823357
         1969332.78433355
         1616882.75297004
          1206052.0198268
         894789.207042258
         675995.154615557
         522048.180370703
         418360.645170837
          350018.02857607
         309428.092112333
          290307.09874202
         3437795.74862403
         3365465.03106138
         3223238.20546687
         3015395.76823885
         2752789.03595479
          2445369.7035298
         2107075.41295915
         1728919.69650804
         1287100.36941629
          955554.30922935
         722099.639878178
          557706.46871484
         446941.192763653
           373924.3542096
          330558.53210598
         310128.905783443
         3691493.14179945
         3613764.47386912
         3460894.05200878
         3237512.75953052
         2955254.93065693
         2624788.69326348
         2261003.69309768
         1854005.26761123
          1377379.4612789
         1023297.83200676
         773512.764831116
         597474.278271312
         478815.335022431
         400584.704595042
         354122.486236312
         332233.200895897
         3977636.92883582
         3893803.35619785
         3728930.08123967
         3487989.85787569
         3183535.64022547
          2827034.6533633
         2434437.49423429
         1994802.40418582
         1478744.61631486
         1099429.44365151
          831308.60198625
         642183.217698233
         514649.581867669
          430556.24553966
         380612.372407605
         357081.699638033
         4301471.23225647
         4210718.75670401
         4032232.66142691
         3771400.20491591
         3441785.70922416
         3055765.43618891
         2630487.86174281
         2153766.73928821
         1592882.08919231
         1185236.05192999
         896470.926662802
         692595.951626526
         555055.101428946
          464349.57883018
         410479.215200183
         385097.341698845
         4665742.89577691
         4567194.76470371
         4373370.58299605
         4090135.68793556
         3732157.98046996
         3312865.86969585
         2850722.34470409
         2332116.97112922
         1720566.91715789
         1281323.70456128
         969466.679000836
         749075.907796516
         600322.975703671
         502207.876746369
         443937.784275836
         416481.271405172
         5080429.47651308
         4972991.43770319
         4761673.81964102
          4452879.1942623
         4062558.10506098
         3605304.25829973
         3101067.55503521
         2534561.94610646
         1865049.25424227
         1390168.12871173
         1052185.52108844
         813087.503158963
         651626.534836521
         545111.934155301
         481854.094491467
         452045.720932595
         5552541.24278063
          5434960.8630525
         5203688.09363424
         4865734.25019271
         4438522.05190868
         3937931.08210658
         3385614.73010568
         2764301.22803397
         2028464.81418661
         1513410.95474771
         1145886.64377757
         885607.662039678
         709749.277486021
           593715.9124616
         524805.851251908
         492332.304614874
         6091323.79470322
         5962144.45474606
         5708044.54362441
         5336737.70023787
         4867310.48414224
          4317134.2068314
          3709744.4571224
         3025529.88243965
         2213601.52417101
         1653199.24793563
         1252217.67322617
         967916.211283225
         775716.067415056
         648875.941669935
         573549.051912475
         538049.420156583
         6705802.11004119
         6563360.95219488
         6283160.98656319
         5873717.92487555
         5356012.23076242
         4749107.01538589
         4078647.46354993
         3322250.26625707
          2423071.6176558
          1811555.3419004
         1372734.51655444
         1061221.82784758
          850495.39175982
         711400.704377087
          628797.57300076
         589866.081447766
         7411317.95444453
          7253608.3240413
         6943353.53260661
         6489997.30705942
         5916686.55469098
         5244433.64307546
         4501211.54712381
         3661365.01474448
         2661494.97551795
         1992007.70190423
         1510144.40026712
         1167626.31073874
         935772.232144726
         782696.998513391
         691793.493295378
          648946.73891121
         8222040.21140592
         8046730.17363448
         7701827.23868975
         7197844.33198187
         6560413.54917342
         5812758.16957862
         4985501.73902347
         4049027.61065694
         2932719.49610985
          2197632.9607148
         1666820.06245205
         1288975.92643585
         1033025.05408771
         863999.694733537
         763626.110927645
         716312.013387679
         9153720.09795702
         8958109.87782692
          8573224.1368672
         8010849.52463533
         7299442.19704787
         6464750.97159956
         5540361.67747787
         4491903.92856238
         3241093.23524318
           2431727.793924
         1845306.85701377
         1427251.96078339
         1143842.25651323
         956633.221731678
         845464.206810235
         793057.001109477
         10230865.8772675
         10011693.9358731
         9580433.39362596
         8950245.60325082
         8152929.79453773
         7217103.94014622
         6179682.76605963
         5000543.07584798
         3593385.95501104
          2699564.4437535
         2049671.38750769
         1585616.62695113
          1270757.0007921
          1062712.9136741
         939174.446413744
         880930.976132551
          11475916.633099
         11229387.3454972
         10744249.5521694
         10035328.4680301
         9138204.88688311
         8084812.06092963
          6915785.3063344
          5584002.9776395
         3995192.23021477
         3005519.51244755
          2283309.3737315
         1766719.54635719
         1415893.34621603
         1184009.55052638
         1046318.36613459
         981395.950080565
         12920430.7539438
         12641995.3397999
         12094015.2278245
         11293287.5930748
         10279666.6827448
         9088980.71207755
         7765978.50387182
         6255078.35408356
         4454618.85415798
         3355809.71604068
         2551040.25060662
         1974316.41584113
         1582261.61296949
         1323034.00008298
         1169111.02933771
         1096526.91521662
         14592433.0772705
         14276852.2760563
         13655685.0890367
          12748015.453474
          11598719.470995
         10247918.7944538
         8745019.55891418
         7024153.70348586
         4977714.77323857
         3755265.89670565
          2856643.7222717
         2211366.19225866
         1772232.24543344
           1481763.023233
         1309293.54902108
         1227953.77530623
         16532182.7905848
         16173210.4774542
         15466544.8110476
          14433933.569763
         13126019.3795704
         11587915.4227908
         9874078.16222657
         7906188.80121277
         5573257.64334209
          4210881.4775513
         3205583.37333097
         2482141.86813019
         1989233.61635886
         1663051.64106259
         1469382.22771458
         1378032.35252126
          18783368.454257
         18373654.0376214
         17566962.1466459
         16388171.4578524
          14894580.126536
         13137010.4602821
         11175415.1250697
         8916425.74048103
         6249918.75344278
         4729587.86293306
         3603303.82697898
         2790912.73298069
         2236688.42804184
         1869753.43762915
         1651890.78380352
         1549114.17214748
         21392717.0056861
         20923653.7970562
         19999942.4387756
         18650136.9093556
         16939182.9754748
         14924460.0788544
         12671732.7122141
         10069630.0206895
           7015504.713046
         5317771.90350412
         4054873.55890367
         3141671.38835985
         2517801.63310811
         2104534.05216352
         1859165.23552469
         1743394.88941316
         24409827.3963653
         23871435.0723844
         22810958.0513253
         21261278.7210428
         19296107.6500947
         16980261.8874897
          14385753.691027
         11379618.7878097
         7876667.03774675
         5981018.81309487
         4564784.10822333
         3537975.95556009
         2835433.20316734
         2369771.45423431
           2093297.322711
          1962827.7099487
         27883591.4378893
          27264414.681354
         26044448.6843715
         24261765.3966128
         22000015.6100674
         19332440.8803571
         16337584.6280606
         12856990.6190211
         8837266.70325497
         6722884.87775217
         5136018.70775733
         3982233.72619025
         3191524.16095482
         2667074.68238877
         2355696.01554687
         2208725.80619429
         31860577.8649646
         31147636.0722312
         29742583.9293962
         27689177.7893438
         25082637.0254832
         22005632.7108428
         18543412.9925949
         14507911.1790278
         9897581.36895683
          7544264.9879229
         5769556.73802075
         4475314.72298784
         3586786.35303956
         2997026.10434874
         2646865.09700822
         2481552.78404445
         36375557.1083031
         35554439.2534849
         33935646.5918793
         31569864.7076105
          28564782.884025
         25014000.3939342
         21009423.1965278
         16329371.0344262
         11051193.2873837
         8441008.90432812
         6462534.39541794
         5015116.23545977
         4019559.99316891
         3358226.52073848
         2965557.54737049
         2780131.04935327
         41430689.1896869
         40486154.9089732
         38623244.4641006
         35900695.2635185
         32440151.1182758
         28347037.8468294
         23719984.6266149
          18300324.485734
         12279496.8717512
         9399599.27085697
         7204893.77189828
         5593954.85279457
         4483713.24810519
         3745545.39478492
         3307234.99726076
         3100195.97230091
         46965863.7751213
         45883172.0034086
          43746599.727308
         40624220.5875102
         36652862.9649034
         31950383.6773491
         26622235.3989395
         20371546.9180648
         13546239.3917472
         10392650.8242086
         7975828.32049604
          6195772.7386241
         4966409.97418249
         4148265.75740034
         3662429.57653449
         3432871.60869772
         45761241.7258961
         44693534.8821539
         42584992.7376084
         39504161.7713187
         35582554.5409511
         30934466.8035946
         25656624.2784472
         19460720.1870685
         12821957.6682884
         9859069.72466678
         7575639.29256325
         5888100.70887567
         4720172.06940834
         3942148.81755985
          3480090.4788392
         3261694.25678232
         43620698.9509079
         42591115.7433672
         40556121.9795343
         37582115.8203842
         33795972.4216505
         29304597.3540788
         24195154.5206346
         18198820.9087497
           11890160.00052
         9160876.38522533
         7046962.60803326
         5479947.22643881
         4393360.91611891
          3668863.7677306
         3238544.40867636
         3035087.54019132
         41377511.5911213
         40390076.8421263
         38436578.5640847
         35580202.1008667
         31943440.2932791
         27627435.2954097
         22709122.7007656
         16943787.2655228
         10985136.5841497
         8478675.58321054
         6528769.58929237
         5079354.39704275
         4072559.89773062
          3400695.6337942
         3001589.98184568
         2812837.26984781
         39069218.9649829
         38127220.2353603
         36259569.1062875
         33530441.7127409
         30054740.4255944
         25928517.4627403
         21219813.0782434
         15709148.9287865
         10113091.2606662
         7817947.17361297
         6025550.78296577
         4689886.74823401
         3760616.90994612
         3139998.04750932
         2771289.63837231
         2596864.18707829
         36704719.1307371
         35811648.2923526
         34035333.9182855
         31440631.1992816
         28136530.0667224
         24213704.8956085
         19729403.3874997
         14495655.3904775
         9272056.70736295
         7177857.49453688
         5536906.06234926
         4311297.28776203
         3457335.37076983
         2886590.55699942
         2547472.13566709
         2387001.61659738
         34282874.8082434
         33445171.4633322
         31762198.0233514
         29309802.8916982
         26186949.0175069
         22483244.4395369
         18237419.5134488
         13299533.5264697
         8457369.12327884
         6555443.13426419
          5060760.3698947
         3942036.98457312
         3161473.35184149
         2639421.32396521
         2329198.58660349
         2182364.37681017
          31813910.950532
         31022736.2893877
         29445713.7596601
          27145757.663061
         24214242.5372262
         20732854.7673417
         16748259.5329382
         12122969.1314405
          7668749.2150308
         5950976.93841037
         4597478.35730274
         3582440.20086406
         2873302.11185188
         2398708.72097449
          2116657.2485695
         1983122.47920838
         29306789.9469641
         28566508.3630843
         27098700.4582367
         24956695.5201481
         22224980.9509596
         18978694.3463474
         15265725.9907906
         10967522.3623417
         6905680.40513444
         5364458.69141639
         4147198.06616091
         3232652.53233983
         2592944.13683172
         2164548.86850764
         1909925.70081895
          1789347.6366055
         26772526.4961486
         26085976.8439537
         24730374.1895758
         22751886.1794665
         20227235.4010738
         17225591.1253976
         13795018.8907609
         9835592.03284322
         6168276.65250348
         4796291.21078848
         3710349.83145302
         2893052.98746143
         2320705.99330028
          1937194.0657246
         1709224.29634854
         1601242.17761192
           24227944.30787
         23597083.4632167
         22355961.5256108
         20544735.7290093
         18233127.8540097
         15483783.5242132
         12343095.1357211
            8732125.30567
         5458343.79875772
         4248131.63401448
         3288312.56690714
         2564750.56458521
         2057485.20609287
         1717389.70196416
         1515205.38011179
          1419415.8715197
         21694422.0016724
         21119499.4850166
         19994363.3908721
         18353498.4215245
         16258098.0224812
         13765906.0686479
         10920903.1501809
         7663522.42372405
         4778636.34403594
         3722326.58836385
         2882993.44347235
         2249262.90855055
         1804504.67455915
         1506152.60706303
         1328766.24197317
         1244706.89072888
         19193122.7611372
          18676684.117648
         17668866.0395864
         16198888.3582179
         14321238.2189395
          12087791.987562
         9540436.05014897
         6637998.03432076
         4132961.03206191
         3222020.06663938
         2496903.06451774
         1948578.63264343
         1563363.66260576
         1304817.43833001
         1151082.55966206
         1078215.01341506
         16757444.2144148
         16297501.1279558
         15405885.2677036
         14105295.2738348
         12443744.1177086
         10467210.0764344
         8215588.20190926
         5664833.17034197
         3525713.65162861
         2750789.65345195
         2132884.36291858
         1664945.35540908
         1335873.16607457
         1114892.81716496
         983483.389196964
          921184.27554244
         14421257.4051114
         14013147.4426574
          13235155.491922
         12099922.3086919
         10649090.7529635
         8923958.50789499
         6961837.54932299
         4754432.38656493
         2961858.31036217
         2312638.34946081
         1794109.47661014
         1400861.46700338
         1124042.92421218
         938056.416169614
         827446.612354597
         774996.770513561
         12202060.5267211
         11853724.3592875
         11183883.9109771
          10208285.515953
         8960231.50878518
         7476838.27905976
         5793636.78005807
         3916196.79819462
         2445767.80915748
         1911107.71587597
         1483388.03940271
         1158546.58306299
         929657.963032258
         775796.042555827
         684282.510063562
         640878.830105642
         10145053.1033338
         9851962.82762784
         9285032.56949482
         8458110.04921973
         7401616.88247521
         6146982.23080971
         4727173.80022836
         3160898.66935026
         1982448.02563856
         1550222.25582248
         1203900.20326507
         940504.963243335
         754732.406685331
         629789.900728762
         555470.788236267
         520214.373936083
         8276615.19664522
         8033539.72516785
         7560709.85502669
         6871924.93013607
         5992323.78152123
         4949034.39273434
          3773513.1836105
         2494890.02562726
         1574416.92247338
         1232060.20501669
         957317.010492329
         748064.689277696
         600335.295130011
         500928.915042365
         441792.949402092
         413733.352191337
         6613224.86909483
         6414193.86481964
         6027195.78894108
         5463246.01707771
         4743990.02031689
         3892520.66865292
         2939712.55905556
         1921215.24567373
         1222372.07687869
         957271.625444608
         744197.903683251
         581682.883693492
         466836.457978057
          389517.19759313
         343516.627396166
         321684.067598619
         5166389.81713335
         5006904.72812318
         4695417.11887087
          4242300.8570222
         3664826.84926126
          2983630.5049666
         2226200.79398239
         1440532.73521258
         925882.141552355
         725619.108110452
         564409.294659929
         441273.869867589
         354170.258422144
         295497.966904739
          260587.76234495
         244015.159032803
         3942084.73996125
         3815849.19638275
         3569968.89612945
         3212423.72615949
         2757803.30384026
         2224047.08880025
         1636899.59723054
         1050326.66735312
         683097.912067486
         535745.067833444
         416946.112334452
         326071.517252807
         261722.878550626
         218356.076786293
         192549.909835935
         180296.068210662
         2932199.71845388
         2834630.70164875
         2643726.85006379
         2366946.71621888
         2016194.17209342
         1607423.77478172
         1164684.77652743
         743376.127361272
         489731.499416636
         384377.606456423
         299307.749100463
         234137.999973631
         187943.444052297
         156794.733908146
         138257.199449154
         129452.498031655
         2122500.71952091
         2047891.84808517
         1902692.64469815
         1692700.83602166
         1427697.89729515
         1123086.24792191
         799210.053483292
         509797.500389924
         340305.068140294
         267297.852638437
         208255.375917946
         162956.498741308
         130813.392902202
         109128.183440305
         96221.0681732486
         90089.1538712503
         1490471.79306438
          1434967.2701084
         1326539.10233224
         1170552.82684641
          975210.32056021
         753658.751565306
         526697.512115683
          337814.21405809
         228375.665298815
          179515.83618433
         139941.171173491
         109531.608726477
         87931.6619385543
         73351.3257003904
          64672.485360534
         60548.2681050054
         1010176.65664307
         969424.055721793
          890481.06650884
         778380.639337737
          637914.15796221
         482749.910172568
         331312.765533689
         215125.182204183
         147113.220893456
         115724.640681435
         90262.4738653115
         70667.3277864619
         56734.3467684405
         47324.3337923791
         41722.7581916126
         39060.2742310868
         650512.850498501
         622052.449169147
         566780.398680513
         488715.351970257
         393428.935077154
         290461.043163483
         196127.939135772
         129710.630850763
         89585.3756840681
         70521.4861524564
         55034.1982029885
         43097.5805085866
         34601.6013494693
         28861.1036135035
         25443.4274770944
         23818.6180732595
          368134.59491039
         350278.905933951
          316088.68624238
         268264.926351004
          211265.85169954
         152047.266271731
         101471.861541543
          68595.982118061
          47761.112813111
         37622.1015627236
         29374.0972664747
         23008.0087397655
         18472.8258964974
          15407.234282426
         13581.9030247396
         12713.9942890803
