              997338                 350
                 160
         5339499999.99999         5006048181.56798         4694834386.17908          4404375551.9889         4133287523.08679         3880278453.42319         3644142650.63143         3423754830.40722         3218064754.06581          3026092223.7223         2846922411.24519         2679701498.72381         2523632609.67446         2377972011.59593         2242025571.77804         2115145449.47348         1996727008.66999         1886205936.75086         1783055555.31303         1686784310.32767         1596933429.68293         1513074736.94594         1434808610.92584         1361762081.31434         1293587051.32867         1229958638.88707         1170573628.41199         1115149025.88302         1063420710.25388         1015142174.80693         970083352.447181         928029519.337887         888780271.653059          852148570.57075         817959850.956071         786051189.486468          756270528.25502         728475950.151918         702535002.571022         678324066.218666         655727766.016837         634638421.293436         614955532.639546         596585302.988383         579440190.633658         563438492.057314         548503952.578627         534565402.969263         521556420.302608         509415011.421182         498083317.513724         487507338.394137         477636675.168376         468424290.062966         459826282.270656         451801678.744993         444312238.946896         437322272.612741         430798469.675567         424709741.528891         419027072.876705         413723383.463642         408773399.026417         404153530.851552         399841763.365451         395817549.221131         392061711.381647         388556351.733625         385284765.795381          382231363.11319         379381592.966356         376721875.027037         374239534.644394         371922742.444663         369760457.959318         367742377.012693         365858882.618348         364100999.150164          362460349.56979         360929115.506614                359500000         359348101.265823         359196202.531646         359044303.797468         358892405.063291         358740506.329114         358588607.594937         358436708.860759         358284810.126582         358132911.392405         357981012.658228         357829113.924051         357677215.189873         357525316.455696         357373417.721519         357221518.987342         357069620.253165         356917721.518987          356765822.78481         356613924.050633         356462025.316456         356310126.582278         356158227.848101         356006329.113924         355854430.379747          355702531.64557         355550632.911392         355398734.177215         355246835.443038         355094936.708861         354943037.974684         354791139.240506         354639240.506329         354487341.772152         354335443.037975         354183544.303797          354031645.56962         353879746.835443         353727848.101266         353575949.367089         353424050.632911         353272151.898734         353120253.164557          352968354.43038         352816455.696203         352664556.962025         352512658.227848         352360759.493671         352208860.759494         352056962.025316         351905063.291139         351753164.556962         351601265.822785         351449367.088608          351297468.35443         351145569.620253         350993670.886076         350841772.151899         350689873.417722         350537974.683544         350386075.949367          350234177.21519         350082278.481013         349930379.746835         349778481.012658         349626582.278481         349474683.544304         349322784.810127         349170886.075949         349018987.341772         348867088.607595         348715189.873418         348563291.139241         348411392.405063         348259493.670886         348107594.936709         347955696.202532         347803797.468354         347651898.734177                347500000
                  17
                        0        0.196349540849363        0.392699081698725        0.589048622548088         0.78539816339745        0.981747704246813         1.17809724509618         1.37444678594554          1.5707963267949         1.76714586764426         1.96349540849363         2.15984494934299         2.35619449019235         2.55254403104171         2.74889357189108         2.94524311274044          3.1415926535898
                   2
                        0          6.2831853071796
         350.978508378978
         350.614592823067
          349.87951238277
         348.754130518544
         347.238909036773
         345.217167769208
         342.591063533636
         339.105759997915
         334.540207362088
         328.481799144232
         319.876431704331
         306.942392149176
         285.774911377184
          246.58794056833
         161.414044049243
         22.7339929799624
         411.353288574423
         410.897770215795
         409.993049895634
         408.613659117424
         406.692095721569
         404.105829824254
         400.735251306457
         396.273677190616
         390.539137169686
          382.76042294346
         371.842139220857
         355.381174307382
         328.637460547452
         279.553579068189
         175.982970659218
         26.0749670454816
         481.820507328555
         481.266257294907
         480.141574655593
         478.395638116353
         475.945815498502
         472.634550908247
         468.314635744546
         462.644143910851
         455.386606435687
         445.445670350372
         431.543719238131
         410.763662537244
         376.964363016239
         315.807656190361
         190.918440928815
         30.3504070957749
         564.295279658812
         563.595759149267
         562.170302010267
         559.953569811628
         556.828827544765
         552.591217958466
           547.0653622577
         539.963814875926
         530.671419002597
         518.132536611895
         500.504256234821
         474.073528350371
         431.585474653035
         355.605573041376
         206.090375859186
          35.765236429859
          660.97194665551
         660.087222555084
         658.277990381586
         655.452275018935
          651.46201620155
         646.033480123547
          639.12805204598
         630.091853426269
         618.204240022325
         602.338065535272
         580.003153445452
         546.673197089371
         493.298091603792
         399.327357980116
          221.66634537333
         42.6305556887257
          774.32211510421
         773.199017019169
         770.897633364378
         767.293170528151
         762.193873418597
         755.349285182618
         746.641261446386
          735.09903396251
          720.14237320066
         699.881570528473
         671.668452252755
         629.535414429072
         562.822584996855
         447.025532288366
         237.690738727553
          51.234625143766
         907.274669523881
          905.84616782903
         902.903117280107
         898.298689745224
         891.909923952095
          883.25034951727
         872.153174606813
         857.506489634722
         838.578944858505
         812.992454486355
         777.211478700719
          724.15443761144
         640.917599274559
         498.834175082364
         254.379114327087
         54.3179047051848
         1063.33856157561
         1061.51285237747
         1057.82111765849
         1052.10139531126
         1043.98314367212
         1032.88751640317
         1018.72716082606
         1000.39985117006
         976.211083076816
         943.773536158498
         898.757627971437
         832.100915413261
         728.401195965918
          554.90928030132
         272.277383454909
         68.5160475829781
         1246.62949548232
         1244.36688903091
         1239.73241645921
         1232.41739360321
         1222.03039924901
         1207.81316832817
         1190.07693163624
         1166.74692910357
         1136.31525587601
         1095.28186376539
         1038.17217567721
         954.770392493744
         826.154876890839
         615.162079353484
         291.999830356261
         86.0788641245822
         1461.91950760758
         1459.02754334029
         1453.09145040121
         1443.74225586833
         1430.42016181201
         1412.50503895751
         1390.09810881194
         1360.44475752639
         1321.88906468216
          1269.9807609758
         1198.34181261818
         1093.90436405093
          934.83715131128
         679.918912028949
         314.519989246867
         107.691920877427
         1714.67004677484
         1710.97656813725
         1703.37494940722
         1691.39985643232
          1674.6309673076
         1652.06327547121
         1623.39568627656
         1586.17767311051
         1537.42374812302
         1471.93721193086
         1381.70485214034
         1251.30039030989
         1055.22645194835
          749.15628012961
         340.971040496836
         134.287265183527
          2011.2440747144
         2006.51379653153
         1996.86632844179
         1981.93553130785
         1960.61627977926
         1931.79100317811
         1895.86997782406
          1848.3724602911
         1786.86541821527
         1704.40348728655
         1591.17840597516
         1428.81459988961
         1188.02202120245
         823.146242253549
         372.742924349786
         166.684862159217
         2359.10367771482
         2353.20439580817
         2341.04107822278
         2321.86955354736
          2294.5692739977
         2258.29920909999
         2212.85953997114
         2153.14384931819
          2075.4053435922
         1971.13069483713
          1829.5740202063
         1627.96602213025
         1333.77671491507
         902.022948403128
         411.114498815626
         205.767835572525
         2767.19948303528
         2759.65064816362
         2744.06359510164
         2719.47826942466
         2685.16177357848
         2639.37374313417
         2581.82272805788
         2506.11819977709
         2408.21116345204
         2277.46985647729
         2100.59627158453
         1851.12479458182
         1493.32280053686
         986.602138039768
         457.928594670486
          253.09230952474
         3244.65994620787
         3234.97581169829
         3215.25888231193
         3184.54662482231
         3141.04127839862
          3082.8432898167
         3010.71027678711
         2915.45434737526
         2791.83168850504
          2627.7079748543
         2407.29444958546
         2099.64787958483
         1666.95081977529
         1077.86644875311
         514.922868355253
         309.851765876361
         3803.99337990657
         3791.89982150158
         3766.92281621639
         3727.60305506103
         3672.27778869379
         3599.54731532982
         3508.26794622282
         3388.21856087347
         3232.98936629458
         3027.31829587295
         2753.68387187755
         2376.07601079703
         1855.10410597299
         1176.89145184073
         583.583933886946
         377.397033718459
         4467.92761726487
         4452.34064711366
         4420.31072324414
         4370.42249611501
         4300.70989323659
         4207.80131023071
         4092.43546162754
         3940.77307768733
         3745.38828535089
         3487.48904262127
         3148.32573133925
         2686.22636257135
         2063.08657957071
         1289.65146280647
         669.161621100057
         460.545379433371
         5238.69647966389
         5219.19705650051
         5179.13837640442
         5115.86122637841
          5027.0701161763
         4910.59908119999
         4765.25816278792
         4574.36716203898
         4328.82850216755
         4007.11717998272
         3588.96927789933
         3025.78115732346
          2285.6813114412
         1413.33031473799
         769.157702596272
         557.079748009243
         6136.64061817022
         6111.68304437656
         6060.36532105381
         5980.64036664385
         5869.63300519313
         5722.53855166426
         5539.55332674696
         5300.15738966521
         4993.13672274975
         4593.09300135745
         4078.86916981381
         3396.58575518528
         2524.60061731678
         1551.21819207825
          885.62603487907
         668.956279456376
         7180.39558572225
         7149.23279506473
         7085.14218052033
         6984.34130261948
         6844.71095777264
          6659.4644385806
         6430.24532552142
         6130.94536357456
          5748.3280775021
         5253.09568040046
         4623.90555904387
         3801.93502941915
         2782.27766448438
         1707.89793793977
         1021.50251753651
         798.906081700611
         8391.25024408763
         8351.51180607457
         8269.96350954174
         8144.56905800081
         7968.72889974801
         7738.51096930694
         7451.42518160546
         7077.43275450314
         6602.34761568369
         5991.76541425664
         5225.36070708246
         4241.05996843456
         3059.70246591803
         1885.72309376791
         1177.89040114056
         947.900587617239
         9792.40655270027
         9742.92093753657
         9641.51127579381
         9482.84241071801
         9264.69942192187
          8976.7648398069
         8618.77392656965
         8153.15011776116
         7564.90072724607
         6815.53865416329
         5886.91972144232
         4716.33709448409
         3359.55897088533
         2088.58713796862
         1357.25088457564
         1118.18044856622
         11420.4187915667
         11358.1951486013
         11232.0537220499
         11033.8927404488
         10761.7227229729
         10402.1263478811
         9956.46214069208
         9378.75450241631
         8651.94644392381
         7735.62775133503
         6616.59082350553
         5233.35004123461
         3689.55490651592
         2324.55530231398
         1564.51076138139
         1315.30747758972
         13311.7439086285
         13233.5647734034
         13074.5218920599
         12828.4845931671
         12488.3140141132
          12040.200450269
         11486.4963780537
         10771.7243674504
         9877.34101622334
         8761.53469613943
         7420.21581861905
         5796.93110995665
         4054.91890152275
         2599.24507668228
         1803.66413875549
         1543.09863142829
         15471.3093675089
         15373.8151153621
         15175.4334553824
         14870.3251069564
         14447.9160660794
         13893.0832702517
         13208.0822890869
         12328.4094453455
         11233.5601474988
         9884.58169467264
         8287.11682395645
         6399.06655486033
         4451.70046665361
         2906.84619143275
         2067.18767010695
         1796.36930989089
         17934.8502459437
         17815.2768573923
         17569.6819243328
         17191.6205516202
         16670.1584360561
         15985.9806661726
          15145.246850845
         14066.5808294802
         12734.1531387458
         11113.6338698924
         9224.15587343865
         7045.56492902679
         4889.06720712638
         3252.18115610148
         2224.56135605573
          2077.1139107124
         20738.3263838098
          20591.350634406
         20290.1750355067
         19823.2860330092
         19182.2781524442
         18342.1101959044
         17313.6636670054
         15998.3032131476
         14387.4177040626
         12451.8680387193
         10231.6878467874
         7741.78306753314
         5371.59543629918
         3638.93008066063
         2559.59401497471
         2386.96492826628
         23969.6470229812
         23788.6230377625
         23417.6213848842
         22844.4377812434
         22055.8117488349
          21022.749063349
         19766.3919871765
         18169.9456423995
         16228.8611823193
         13928.2834066546
         11337.4164770804
         8505.74962579257
         5920.18001160282
         4083.02765644528
         2942.76877492608
         2743.42720374716
         27608.1258677881
         27385.9306043341
         26931.5568622894
         26231.0720666306
         25266.2386396328
         24010.5113545672
         22485.4532623483
         20557.5845651749
          18236.150750684
         15519.6160853776
         12521.7434337894
         9332.75992376078
         6525.99849839763
         4573.18889872229
         3364.19441281312
         3132.44946697999
         31688.2968628942
         31417.0607548201
         30863.2688728196
         30010.6795342875
         28841.0097815245
         27317.2519033127
         25477.3509737692
         23166.6212441133
         20410.7089005616
         17227.8548593613
         13788.9359772465
         10225.7571126734
         7192.91609942662
         5110.83950015678
          3826.2748404063
         3558.95744546557
         36314.5485663024
         35984.0922039204
         35313.9303199451
         34276.7095713289
         32862.3366616976
         31021.0629078871
         28807.3482778096
         26050.8807789652
         22796.3875386746
         19092.3972194289
         15171.6116693397
         11216.3980153811
          7948.9078382906
         5715.65502567466
         4344.75115837954
         4040.81421103211
         41461.1256934585
          41059.926526962
         40253.3021799804
         39003.3632366896
         37296.9485062372
         35087.9111063999
         32445.8680588404
         29180.1332160716
          25363.302333385
         21085.2897549517
         16652.4787874976
         12292.6107080207
         8776.20927596741
         6374.66749319501
         4908.38103296552
         4563.01560648872
         47199.6362588984
         46722.6585501157
         45747.5452471377
         44246.2836416619
          42204.739000655
         39570.2776797861
         36430.3183912365
         32584.2876514775
         28140.4579137717
         23232.0405150927
         18253.6056607288
          13476.028824445
         9691.26628192459
         7096.54154630245
         5527.78821969679
         5135.15711649979
         53540.9758369316
         52966.0105257372
         51804.3324610479
         50010.4826787096
          47579.136830435
         44452.5117877638
         40749.5369487556
         36250.6123366086
         31111.8122833404
          25523.155628605
          19973.811243364
          14760.617059198
         10686.8979748331
         7874.13435924434
          6194.4299505463
         5747.56467870505
         60513.6102647719
         59835.2620209268
         58450.5163384015
         56322.5113824933
         53442.5765235601
         49755.9880213068
         45414.1808427548
         40189.4621544723
         34288.1350290565
         27971.7634186917
         21820.6671421941
         16156.4566369614
         11766.2555736024
         8707.34794393805
         6913.23421019875
         6406.49980001158
         68125.5698965062
         67316.0407269579
         65681.4455004308
         63170.7886522281
         59781.8797843773
         55468.5946816828
           50410.17526214
         44384.2751799888
         37663.9826735586
         30572.2218457096
         23792.6994616705
         17660.9775336497
         12922.3243230799
         9560.62108245218
         7676.57940995455
         7112.33274818937
          76445.773297597
          75496.491091775
         73568.4007874232
         70616.8724926835
         66653.7490426899
         61635.0853718947
         55779.2119722496
         48880.6128910856
         41262.2700011459
         33351.7036150854
         25919.6675123404
         19287.0593855715
         14160.7309050276
         9866.46132375645
         8487.51464425791
         7869.56150659871
         85416.3493598419
         84309.1512644607
         82054.7404949134
         78612.5832590025
         74006.4955429128
         68200.9432588474
         61474.9816370827
         53625.6678737245
         45054.5964423968
         36290.0655562575
         28183.3227601366
         21015.9888191739
         15464.9076649206
         10859.0842624488
         9332.06339290695
         8663.47535238745
         95068.9433874333
         93783.0946788191
         91171.3150427774
         87176.1722148039
         81851.7230549067
         75186.8634376405
         67512.1429866794
         58631.5849399784
         49053.9948953652
         39402.2392508294
         30594.0122979114
         22847.1440384236
         16842.7254396942
         11903.5510998381
         10228.5872521214
         9478.51946863067
         105344.765922319
          103855.60387193
         100843.227775183
         96251.7604318555
         90138.7816717987
         82532.8241850092
         73830.9494051628
         63865.2159526091
         53230.6062773547
         42656.3277649102
         33123.4369476387
         24760.9152550913
         18268.9139476136
         12981.0087643144
         11153.6599113301
         10321.9626008758
         116245.464771307
         114538.486144105
         111079.782935309
         105828.311117065
          98864.983097842
          90244.175862554
         80446.0107254314
         69334.4785582224
         57597.2310137134
         46065.3922754206
           35774.26306547
          26756.800217939
         19744.3592671861
         14101.0756086628
         12114.3189037852
          11197.143535416
         127720.692876111
         125767.666422908
         121834.948110364
          115868.82905021
         107985.055243391
         98274.1716897125
         87316.1148955418
         74996.4485831567
         62132.1295912404
         49606.3309026172
         38532.1873455823
         28824.2816261299
         21242.4268051052
         15251.1616304864
          13092.434190402
         12097.7113682825
         139724.255572196
         137511.450690492
         133066.720999821
          126326.76334551
         117472.451538311
         106603.825526112
          94414.586514123
         80843.4484285473
         66815.5477354109
         53275.4404968931
         41365.8960627579
         30947.8274651044
         22738.2599333346
         16416.5682982533
         14080.7954667251
         13005.8650090498
         152168.517420416
         149684.757760399
         144673.371737786
         137125.812892918
         127228.820300764
          115154.39552154
         101695.637114928
         86836.6639137358
         71619.4779283106
         57040.5626409501
         44266.0140639507
         33095.4078694228
         24218.9276832557
         17591.8647426959
         15072.9027341611
          13917.758289497
         165014.042547579
         162223.210611401
         156640.355556342
           148225.5643943
          137240.62388423
         123910.418391243
         109136.931114272
         92959.5820162263
         76517.1414739578
         60888.6862623744
          47212.604476532
         35249.3109040844
         25517.8606843256
         18759.0065430333
         16058.6223888613
         14826.2950884967
         178142.837851201
         175049.407841249
          168845.72322487
         159534.153575393
         147418.933860465
         132783.483755981
         116668.822040714
          99156.785710776
         81482.1320899908
         64786.8612979406
         50167.7013040214
         37350.8136505253
         25013.8120804131
         19876.9170195836
         17027.3069809158
           15722.22258894
         191368.840987017
         187959.376462533
         181116.600806752
         170879.646694039
         157609.938598219
         141654.000466036
         124173.211578253
         105322.551698642
         86398.1893425279
          68623.574854933
         53033.8845754503
         39322.6523539918
         26259.6045953919
         20863.8889397337
         17902.7780752877
         16532.4202422349
         204516.025982352
         200775.516600349
         193287.777577224
          182101.50895199
          167664.11918393
         150401.995183518
         131535.417695765
         111347.162466103
         91216.1403641716
         72347.5069162276
         55760.7945508862
         41184.9416233514
         27436.3473510316
         21797.4188020574
         18686.0014316298
         17264.6708582816
         217873.676159629
         213793.971810204
         205644.709354196
         193492.677291929
         177870.927839181
         159269.785867852
         139044.863777969
         117514.824663233
         96157.5936354004
          76174.449189719
         58583.1246127878
         43087.5280141236
         28705.2215616625
          22817.164436522
         19534.5128028928
         18063.2251694159
          231205.82457532
         226788.681352564
         217963.228546221
         204853.156826265
          188029.93095423
         168092.110976104
         146490.464393639
         123640.868000522
         101069.098280587
         79962.7891074015
         61345.8152820571
         44907.5167285403
         29934.4173469915
         23804.4462201311
          20351.232172345
         18831.3978044182
         244355.605825753
          239594.34897719
         230110.819674933
         216029.253200949
         198014.926522911
         176761.169019839
         153822.299403041
          129669.71878342
         105884.528608236
         83648.8443093729
         64011.7566730097
          46617.902380615
         31108.9974019888
          24740.450075376
         21127.4699805363
         19556.8033747092
         257300.991652599
         252200.942628158
         242041.207405269
         227009.150028957
         207825.814587243
         185263.359313669
         161002.564513126
         135581.830411818
         110595.733423187
         87231.2641249224
         66569.1608116113
         48240.0361106234
         32225.3794285653
         25621.7023935352
         21864.5229200443
         20235.2217935194
         269963.686044636
         264521.804062367
           253696.6504577
         237722.346394861
         217385.661331443
         193553.227595254
         168004.914940493
         141326.174869003
         115158.068649896
         90658.5828857744
         68987.9099978456
         49588.8889087451
           33266.48929798
         26434.5377743575
         22555.1908413296
          20865.545798721
         282264.320362559
         276488.834705213
          264994.55811173
         248101.660663821
         226643.161875718
         201571.429787146
         174784.410621439
         146879.266112748
         119538.682374161
         93925.4302815949
         71244.6428511136
         48756.3619182899
         34202.0688604334
         27184.9703179846
         23191.2089174803
         21446.4791287691
         294073.430820571
         287966.901320276
         275847.572599362
         258059.714807001
         235519.794091921
         209263.528918532
         181270.308418329
         152206.320447494
         123711.996903352
         97027.0837996079
          73250.235188007
         46878.6973552514
         34985.0725926316
          27861.959281059
         23771.9223982761
         21973.1722763195
         305328.818383145
         298907.693105621
         286206.451257652
          267543.91037905
         243964.894197218
         216581.072564591
         187438.076851865
          157234.22986148
         127654.518958465
         99927.0430949855
         74996.4804805747
         47701.1239673067
         35629.9195835079
         28464.6989770615
         24290.2950498474
         22445.7786070627
         315980.874817853
         309266.831033192
         295993.150017792
         276503.703492501
         251958.793445651
         223482.258079454
         193243.735529856
         161965.819988299
          131360.31993174
         102624.288347905
         76579.2594113012
         48481.2636959187
          36225.999953732
         28987.4468693352
          24751.414949351
         22862.6744439838
         325993.994077984
         319002.175761493
         305179.729125441
         284919.007817226
            259426.290478
         229945.306447655
         198686.888422141
         166386.698981034
         134773.769578828
         105082.236907095
         77956.1890320097
         49171.9631393415
         36768.4000090827
         29425.6637810352
         25150.7968004767
          23226.532270195
         335346.098511042
          328091.17433032
         313750.577267714
         292753.679917959
         266389.861672254
         235946.443265671
         203728.158756483
         170468.110819283
         137902.651266863
         107286.585867671
         79115.2596707941
         49745.4142980455
         37240.8037554577
         29791.7343766585
         25488.8790588149
         23534.8669834541
         343969.461822058
         336458.739650748
         321631.843149136
          299982.81467667
         272780.914791303
         241463.689966029
         208348.685533498
         174190.548096607
         140749.974322873
         109219.037165824
         80035.5806158771
         50216.5618070358
         37632.2575749603
         30095.3645642543
         25765.9902709727
         23790.1135177263
         351826.179211341
         344079.288524004
         328811.751541758
         306539.691036201
         278596.746172833
         246462.055258942
          212519.67975429
         177541.482627496
         143293.740909338
         110852.532195225
         80663.5494059004
         50565.2135654453
         37937.9665677712
         30332.2266359085
         25985.2419558158
         23990.8597273342
         358916.240420032
         350952.244576836
         335282.440916657
         312440.515998676
         283823.416930083
         250948.048132787
         216255.740297091
         180515.109952819
         145529.648597455
         112186.850546356
         80497.8247780022
         50799.2205106393
         38158.2193263705
          30503.692919808
         26147.6746000304
         24139.6872588009
         365192.946010255
          357035.51580451
          340999.40709076
         317648.329126405
         288421.103779963
         254881.629633146
          219509.12250116
         183087.094614502
          147431.72146088
          113207.96471122
         76619.5897195879
         50909.5647469143
         38293.6560638131
         30609.7293575421
         26251.5587730114
         24235.7676866222
         370675.762152871
         362352.611731322
         345979.384050817
         322172.900716412
         292405.229596982
         258281.336833907
         222307.169526769
         185295.946314388
         148973.137307644
         113888.364609605
         71177.7031333155
         50835.2323609605
         38348.1726320004
         30655.9075572099
         26301.3342591135
         24285.5576514888
         375346.019845249
         366880.868935364
         350226.448344805
         326025.673276332
         295784.292292661
         261150.550739136
         224641.542103596
          187085.64629307
         150184.892911658
         114237.793653563
          70641.844576036
         50598.1836722724
         38322.4128746273
         30642.0451288561
         26301.4932491856
         24288.0151865336
         379219.017810189
         370625.421908293
         353725.425583581
         329179.930471593
         298539.323915868
         263466.099897707
         226512.139190132
         188498.537851332
         151062.048850854
         114395.861439076
          70171.922852669
         50334.6749687778
         38222.3252427427
         30573.7488426138
         26249.5848080042
         24243.6741510981
          382298.36212628
         373594.914569544
         356490.899611026
         331665.984360244
         300699.502432525
         265246.751246418
         227918.654592464
         189505.424333415
         151629.599984421
         114332.314733657
         69659.0983907046
         50026.7486607464
         38055.0359715743
         30457.2154355952
         26154.1619441925
         24159.2025752924
         384593.460715167
         375796.359055053
         358520.263879804
         333469.052433903
         302243.824265429
         266499.718828282
         228870.717044039
         190138.066829364
         151891.721848637
         114021.862815937
         69073.3099572949
         49656.9245765688
         37826.1353115772
         30288.6912681732
         26016.1042854498
         24034.8177317503
         386137.451962686
         377268.154914369
         359867.283824872
         334636.419715898
         303204.656343221
         267244.479443207
         229387.668878451
         190409.747638576
         151849.948680238
         113400.485916131
         68407.5691850862
         49238.4147788934
         37534.5635924342
         30075.0321078712
         25837.9357293111
         23872.9041537517
         386948.388837035
         378035.081979734
         360534.381661899
         335185.315529319
         303608.727376083
         267500.099171726
         229480.288786837
         190326.216330436
         151521.652772724
         112266.144631164
         67652.4628001688
         48762.2394263056
          37189.583801014
         29818.6206323137
         25622.8671237199
         23676.2539145425
         387075.012141644
         378123.367126531
         360563.778844009
         335139.180739021
         303481.496670032
         267289.896347732
         229177.479899048
         189913.221610268
         150914.855577751
         109962.915581058
         66819.5327889623
         48232.1774483811
         36794.7788884999
         29520.1344716517
         25372.7959299017
         23447.4694091056
         386546.104094922
         377575.705960605
         359995.745235027
         334540.589672018
         302857.113957695
         266637.339828812
         228491.724479729
         189181.029253042
         150029.995664946
         104856.108145655
         65897.2618872859
         47647.3431029668
         36355.0847176216
         29186.1706833962
         25091.5039933717
         23189.3637795641
         385385.419860439
         376414.199412216
          358837.91014942
         333396.277403224
         301740.280611942
         265554.004356971
         227445.131889747
         188143.344882336
         148854.362174764
         95743.5050640828
         64877.5697383403
         47014.2280930075
         35879.6044874632
         28818.9619694972
          24780.474783887
         22903.2937295861
         383620.719677307
         374666.951593827
         357122.864011226
         331736.854416154
         300159.803375229
         264070.006626393
          226045.38332896
          186813.07786692
         147356.609074242
          89987.769445331
         63734.6421444015
         46333.8703468029
         35367.4264687904
          28419.773901288
         24441.2902982614
         22592.0367887368
         381249.744623241
         372320.313418137
         354838.639110971
         329555.058996307
         298106.298803536
         262164.255942059
         224290.528278164
          185179.89892551
         145516.634507568
         87852.1562070812
          62499.099419703
         45598.3402060459
         34813.6200316029
         27987.2359136399
         24073.3089872577
         22253.0055733043
         378183.845872616
         369304.913450759
         351917.864279361
         326775.354381558
         295508.850410804
          259779.82653274
         222113.168905886
          183183.40448069
         143242.525864615
         85942.5287866888
         61210.5041104183
         44801.4563060788
         34211.6549736776
         27512.1567876242
         23668.1572396823
         21879.4125610374
         374271.201181099
          365463.10077034
          348208.73588882
         323264.389737155
          292252.32056694
         256807.258575996
         219424.277829743
         180719.875410611
         140263.549120909
         83942.9278638359
         59848.7922364084
         43913.9287731209
          33540.934100724
         26979.9993524313
         23212.4808281089
         21458.9645457401
          369177.80801394
         360461.397258078
          343388.88857726
         318723.150327683
         288047.428495947
         252991.028813926
         215978.597629902
         177550.638065287
         136001.383106395
         81748.8278783326
         58335.2240845444
         42888.9408281961
         32761.8278242672
         26358.4823437056
         22678.5310693308
         20966.0203585339
         362239.327733601
         353660.079654154
           336850.0943411
         312568.312873251
         282368.445114912
         247858.001944406
         211336.991881592
         173236.078678246
         129506.361271597
          79175.524294559
           56534.65452599
         41630.3592695594
         31800.3451884148
         25585.1365068928
         22012.0640772658
         20349.0170116327
         352414.421588293
         344017.441807233
         327585.948582981
         303858.733691479
         274338.409723215
         240585.453099103
         204763.351692737
          167035.25927373
         119504.766833341
         75916.7798805606
         54248.7007200529
         39986.8574881215
         30534.8083605122
          24560.667300619
         21125.8937120306
         19527.4129125572
         348549.122949581
         340216.906035606
         323911.892983848
          300344.53737192
          271053.73113648
         237538.718680551
         201900.700064821
         164070.561127783
         113773.295551463
         74458.7539203921
         53211.5889238193
         39232.0012171588
         29948.9275417448
         24080.4025042634
         20708.4663367751
         19137.7402474457
         350239.410127119
         341859.770530445
         325463.279350816
         301781.991336821
         272292.671177542
          238579.48852927
         202709.012137057
         164537.883646893
         113181.294477835
          74647.360588444
         53351.0001131173
         39337.0829936406
          30023.678268213
         24138.7829453512
         20756.7986947627
         19182.0695628224
         352157.744903448
         343723.987254597
         327225.755814736
         303392.295838931
         273735.190921227
          239767.32815054
         203638.454546058
         165098.704625543
         112678.196287012
         74885.0118648071
         53523.3279071695
         39463.2073659654
         30117.4647466995
         24211.0427285888
         20817.2682112927
         19236.7339319411
          354264.00346683
         345770.302522044
         329157.217971239
         305158.802500006
         275292.795646079
         241098.526689829
         204658.834966248
         165736.739517073
         112219.572056708
          75150.432908645
          53716.225832549
         39606.3084652381
          30222.683915701
         24292.6203648157
         20885.1243492828
         19298.7160619939
         356558.562010111
         348002.858565713
         331260.460929407
         307085.321881371
         276993.731278602
          242530.35845543
         205771.394688402
         166415.500123098
         112171.808942886
         75449.8173265939
         53930.7607103183
         39762.5891225783
         30338.6599648108
         24381.0576118828
         20959.9831362927
          19366.495191704
         359100.404115684
         350473.387820935
         333590.937211963
         309181.519912215
         278841.880023519
         244091.408298735
         207005.410608713
         167151.393276759
         111450.731708687
         75775.9755119564
         54167.1711396429
         39935.5790619228
         30464.6997167328
         24479.2930382756
         21042.4357481851
         19440.8056051599
          361820.26501671
         353114.900812634
         336087.523491088
         311492.139310921
         280848.696894313
         245780.169149363
         208319.552256521
         167947.156940513
         111121.276538655
         76135.5141577233
         54425.9838228137
         40125.4071657364
         30601.9059563619
         24586.5006935631
         21131.1328659394
         19521.7867627801
         364768.259323266
         355980.796681135
         338786.903665682
         313954.931960448
         283038.460374316
         247605.039738246
         209739.343076681
         168801.209352935
         110858.042944078
         76531.4298936906
         54704.6577004808
         40328.3144200773
         30753.0276804182
         24701.5961258557
         21228.4461133898
         19609.6047900171
         367951.692581981
         359074.589386092
         341706.476006821
         316624.547580815
         285387.536764463
         249573.368344976
         211267.124992952
         169710.400344741
         110673.351446681
         76962.0547929623
         55012.2481198961
         40550.4643746402
         30915.5970053004
         24827.1151052738
         21333.3094652738
         19704.8118622016
          371390.82565854
         362418.513050464
         344860.311585052
         319504.285669214
         287925.139096328
         251695.475576559
         212908.921533994
          170679.53859978
         110581.714836018
         77426.2099424256
         55345.1651342582
         40790.0642819541
         31091.7303625851
         24962.1209226341
         21446.8729148956
         19807.2601718247
         375112.883479766
         366033.217971025
         348271.293859728
          322618.65724739
         290666.466037233
         253986.473227652
         214680.678004727
         171714.481653456
         110585.708276498
         77934.0734299637
         55706.1696251298
         41053.3455718372
         31280.2579788642
         25109.3424102519
         21569.0754569532
         19918.3094661428
         379138.296848404
         369944.859599939
          351959.00842694
         325985.523598147
          293626.11719458
         256459.348072601
          216583.90362177
         172822.884208538
         110704.517990771
         78491.3135887275
         56099.9838694217
         41334.9389428103
         31487.7415374564
         25268.3150088291
         21702.0055282005
         20038.5019946167
         383492.041104126
         374175.865311349
         355948.367052589
         329627.221390436
         296816.001019724
         259147.871709545
         218626.083912373
         173994.337555572
         110952.005202836
         79093.1904659487
         56526.3031885855
         41641.1089068949
         31712.0012085354
         25440.1368427347
         21845.4113220303
         20168.6935670888
         388209.443743366
         378758.417232657
         360270.536353777
         333563.096469915
         300267.027361695
         262024.715966283
         220829.405194496
         175243.663004426
         111344.068867691
         79747.2131231526
          56993.796607287
         41975.1220187083
         31954.8697917267
          25627.102716639
          22000.970033756
         20309.2706530738
         393327.620637014
         383732.637147458
         364955.500907298
         337828.411357914
         304010.899002843
         265141.932558628
         223201.117159657
         176574.538640113
         111881.448822284
         80462.4541318485
          57497.267497048
         42337.8829921181
         32219.1607295498
           25829.03501253
         22170.3433219303
         20462.5048865077
         398888.382044807
          389133.94205174
         370039.050832507
         342458.164680882
         308073.080017933
         268516.899922464
         225759.876030117
         177993.658846292
         112592.910874746
         81258.5178301895
         58051.0052071923
         42733.1122319111
         32507.4383031252
         26051.6273728778
          22355.704493833
         20629.4316182941
         404926.670698476
         394985.426083878
         375548.732391856
         347473.246269234
           312457.8516676
         272155.322879369
         228509.802891779
         179507.895096989
         113469.271429083
         82115.9490189724
         58658.7914670943
         43164.9299494874
         32821.7095735718
         26292.8739411098
         22556.7958571201
          20811.187373314
           411470.5375555
         401341.420634602
         381533.655487239
         352919.533077732
         317215.259549297
         276097.246542838
         231470.663385663
         181119.077232511
         114519.355838745
         83059.0120892733
         59318.4734569969
         43637.0858461875
         33166.0698894046
         26556.0175353014
         22775.8948968686
         21010.6749674799
         418652.519886209
         408320.305187528
         388092.192761381
          358859.64063794
         322395.857415096
          280381.43403077
         234676.325249635
         182839.154387655
         115762.999380221
         84096.7589692312
         60047.3607943062
         44155.5748966949
           33544.97767737
         26846.9601702795
         23019.5780478279
         21230.0021187829
         426462.711504441
         415901.220796544
         395220.215805124
         365356.932199366
          328039.67744209
         285034.124154128
         238148.295155614
         184694.493686406
         117205.390573645
         85245.6138687276
          60855.725244425
         44730.1226772211
          33963.225770886
         27168.9022003943
          23288.659487052
         21473.8058506402
         435012.665177468
         424191.079910822
         403015.578742783
         372430.096485543
         334196.697572277
         290104.721219813
         241931.966022812
           186684.0104372
         118857.947545311
         86515.4686924257
         61745.2113598871
         45366.8027011445
         34427.9357457062
         27528.0230302594
         23587.6991482955
         21744.7452690042
         444367.256124353
         433263.225902552
         411548.899717023
         380163.668784573
         340923.934728845
         295621.478083752
         246009.042107615
         188829.340627149
         120725.229296246
         87924.3948134383
          62727.788091741
         46071.0388907241
         34943.5051019451
         27924.9648031845
         23920.3912480515
         22046.3560499977
         454629.832163336
         443220.572095353
         420900.812038523
         388645.782379486
         348282.438297007
         301650.401469384
         250443.711338229
         191147.463970953
         122833.662741304
         89490.6180624682
         63826.6002840565
         46855.3868062253
         35519.9147903464
         28370.1527681132
         24293.5365384724
         22385.1266523176
         465912.331845601
         454165.015261849
         431166.615083634
         397947.216350078
         356374.971302437
         308237.359279944
         255269.032988692
         193654.144371343
         125200.194607032
         91231.8510486889
         65052.5152745627
         47735.5753224267
         36164.3980041985
         28869.1025109642
         24711.8797128563
         22765.2532444415
         478325.448140885
         466196.498861905
         442458.490732874
         408159.100971828
         365216.394997169
         315437.618073992
         260515.228142965
         196389.380357193
         127846.387123392
         93175.0382953258
         66415.5276127708
         48715.8309260191
         36886.0815018189
         29429.8227722732
         25183.3278936359
         23193.4338767013
         491963.230094562
         479414.904502681
         454860.418147343
         419360.554359669
         374906.828626208
         323298.372148598
         266212.670894499
         199362.662712851
         130799.703736851
         95341.2909437201
         67936.2726715226
         49809.4232489139
         37694.4174729326
           30059.51102425
         25712.9893077762
         23675.2622453071
         506963.869764132
         493948.945777907
            468482.102602
           431657.7691469
         385511.688771174
         331898.355887637
         272391.128660175
         202599.872178467
         134093.380217806
         97743.3224578753
         69632.3135010092
         51032.3900941984
         38599.9134831461
         30765.5211531709
         26307.9049582189
         24217.7808791644
         523423.802049653
         509896.983110217
         483403.411247596
         445109.256536127
         397078.625785567
         341224.847931566
         279057.151265401
         206111.576419724
          137728.17495762
         100399.404769585
         71515.2807634153
         52393.0735518762
         39608.1940743395
         31555.0112190557
         26974.9402903361
         24825.7466588723
         541458.244077073
         527350.689384439
         499736.248137502
         459799.866097302
         409686.551972971
         351336.369869739
         286238.243462328
         209931.827069083
         141738.077846019
         103337.276694218
         73594.5217282392
         53901.7599899672
         40731.4403556147
         32434.4908017651
         27718.6161226823
         25505.2470158758
         561175.511267723
         546380.151493022
         517516.780321507
         475763.674183154
         423343.877181526
          362228.69033317
         293893.219842895
         214046.834884415
         146129.545720768
         106560.342496994
         75879.4705014539
         55562.5427805719
         41969.1614246911
         33407.9097702126
         28542.6465911254
         26258.2794989932
         582543.651468652
         567081.961087095
         536774.306210733
         493020.670401716
         438039.514081577
         373867.478208869
         301997.269586864
         218463.807056397
         150902.643562258
         110057.088768581
         78376.6218125871
         57378.0639518446
         43325.9286941164
          34476.017918223
         29447.5247945219
         27086.9272837067
         605598.823023458
         589371.636778409
         557580.027889806
         511539.048220179
         453733.381031174
         386209.315748554
         310466.868262274
         223167.515334682
         156030.500348795
         113827.224823692
         81064.4397405447
         59341.8178294731
         44798.1292389922
         35635.8106487017
         30432.5988804559
         27987.9165843823
         630258.450876901
         613170.821974009
         579704.184896468
         531263.368837347
         470309.498547814
         399091.776470199
         319187.771609629
           228090.6317205
         161466.417053481
         117842.812590864
         83931.4652273737
         61437.4708302512
         46370.3719419395
         36879.6314052602
          31487.157662398
         28954.2355870563
         656420.889216538
         638380.545283096
          603062.64573373
         551946.450630185
         487590.478092591
         412358.191494063
         327976.055647595
         233176.524154934
         167148.398378838
         122037.406001528
         86947.5265044152
         63645.8762671793
         48027.3776533895
         38187.9644529305
         32601.6173215303
         29975.8282535055
         683796.435064506
         664730.566947823
         627395.707555568
         573365.857642277
         505354.957062542
         425736.662315466
         336605.616419447
         238343.581479282
         172974.341962273
         126346.401763862
         90054.6995534523
         65922.3360047995
         49739.7004226169
          39543.944360045
         33754.6838032189
         31033.0561685586
         712047.582044636
         691870.993264809
         652355.766788099
         595160.169701779
         523157.279023669
          438881.07374809
         344791.202292859
         243470.845253228
         178810.248170847
         130695.843055347
         93183.0451707397
         68220.9085310874
          51471.633605564
         40917.7937223509
         34921.3027692076
         32102.8666045763
         740638.008164836
            719256.989408
         677393.372012768
         616789.794771424
         540518.284734883
         451302.807695569
         352143.610006766
         248340.892317541
         184466.047698538
          134908.00231417
          96242.001377577
         70471.3512048586
         53165.7833422639
         42258.5622003789
         36063.1696092271
         33148.5877197858
         768914.597328664
         746226.308072377
         701827.875797213
         637605.260823759
         556808.985586151
         462471.572066355
          358251.03497222
         252759.593201908
         189715.567657877
         138839.443669124
         99108.2834909497
         72584.7615341255
         54759.5716907945
         43519.8443189889
         37136.3040747872
          34133.104804265
         795915.347576495
         771854.519914351
         724775.869436933
         656746.339900055
         571211.576991031
         471629.550192731
         362562.936804173
         256426.115819671
         194262.767257919
         142289.092947128
         101632.116158946
         74454.3163202024
         56166.5104304819
         44634.6617381029
         38083.2307708201
         35000.7839861329
         820478.464607074
         794982.472968863
         745113.453318183
         673113.828778072
         582739.876092686
         477922.087031312
         364512.949398331
         258961.037983774
         197792.063316317
         144992.212841895
         103641.620717532
         75945.5484387473
         57292.9221154363
         45524.1235313917
          38837.320865502
         35690.1523032262
         841240.456579993
         814257.850761401
         761417.089515395
         685379.443433831
         590171.375620955
         480350.475926392
         363407.179376547
         259884.186197217
         199857.341514656
         146645.840504156
         104916.247991719
         76896.6688484538
         58010.4303942644
         46090.0376605577
         39314.4862848994
         36124.8890432172
          856286.14320942
         827797.117300399
          772129.41609973
         692006.197270954
          592135.82679343
          477833.31534466
         358558.350729887
         258657.221794021
         200009.531569308
         146918.668349067
         105207.290784833
         77138.9245347811
         58192.3190425433
         46228.8065985824
         39427.9129903651
         36223.5363983397
         863698.250573443
         833725.172816715
         775273.623022263
         691358.866343383
         587166.469541929
         469248.735423578
         349333.014691621
         254640.576214309
         197770.683802287
          145448.53029226
         104263.257124365
         76471.5408849639
          57689.606477568
         45822.3157113857
         39075.9278342355
         35895.0043574679
         861227.036579577
         829838.262566959
         768773.543547815
         681432.961333673
         573717.008796936
         453488.842469197
         335072.285098397
         247186.650708216
           192626.4780841
          141860.96946112
         101805.713386604
         74698.9573131328
         56352.3724811919
         44755.4073309829
         38156.5220285488
         35046.3952219644
           846550.8850559
         813903.752267073
         750578.843973313
         660454.143376363
         550389.748027126
         429657.598125138
         315335.779540066
         235670.492047459
         184137.334846077
         135816.725609977
         97595.5642283404
         71638.7534480095
         54045.3208060803
          42915.642019815
         36580.8329110873
         33592.6950441802
         817670.485528066
         784033.016283511
         718988.771629767
         627079.941471314
         516194.541409249
         397379.436616062
         290062.527962948
         219722.751023199
           172054.2387682
          127119.57527625
          91483.681193936
         67187.0592478095
         50685.7686521001
         40237.3543236658
          34288.405584933
         31480.9990991159
         772797.152296844
         738527.453968919
         672590.562147102
         580270.207146158
         470667.719409847
         356697.383019636
         259414.877474853
         199165.915066146
         156257.935546573
         115673.299541121
         83387.7530537158
         61272.0032556279
         46225.8131204428
         36687.1790203665
         31253.6566384223
         28688.1396672586
         711410.217683775
         677032.826952285
          611305.30266433
         520359.750155844
         414650.988846742
         308823.089072071
         224272.170728666
         174423.238371071
         137101.111696906
          101723.45279799
         73465.3478992891
         54017.6315959198
         40750.7917794467
         32333.8936694874
         27535.4681924609
         25266.5566389963
         634270.252352036
         600370.110604808
         536256.239831172
         448977.391321508
         350109.115383445
         255768.829932646
         186019.344249815
         146396.218539466
         115310.816985094
         85773.9753345555
         62080.9863762538
         45676.9292877753
         34457.7661511193
         27330.0015284994
         23263.4769199445
         21339.9654419692
          543890.95607374
         511459.589097285
          450623.50307665
         369443.898591444
         280643.575934725
         200766.550168797
         146711.811958287
         116691.591524731
         92113.8990054251
         68720.6572304453
         49859.4679233503
          36712.712420668
         27693.3232186513
         21956.4505043965
         18679.3571267156
         17127.4044457609
         445028.920914109
         414954.373262329
         359293.186122667
         286900.823213689
          211083.70959707
         147675.485824599
         108821.162444786
         87349.2918665859
         69127.3507182451
         51738.6152602215
         37641.0992716779
         27739.2799850695
         20924.5674839559
         16579.9495005778
         14096.1691470584
          12918.441485363
         343939.478276713
         317237.036723818
         268648.771037791
         207492.387018615
         146800.318111676
         100374.487999563
         74858.9762777109
          60557.111968807
         48060.2554431517
          36101.451159693
         26347.7423896559
         19435.5472517814
         14658.9772432835
         11607.0638649678
         9860.35421512746
         9031.03490957425
          247773.73137765
         225400.023284851
         185541.216788441
         137356.309772401
         92675.1347612187
         61976.2224425175
         46939.6192417397
         38223.5461682715
         30430.5262500719
          22950.830275951
         16809.6305260168
         12411.8058181913
         9359.66075768514
         7404.96576752157
         6283.87492324568
         5750.68018264794
         140279.091237088
         125426.695829974
         99632.3037075399
         69995.5611706025
         44665.6637010582
         29342.8116513588
         22639.4423593816
         18538.8926029388
         14807.1582147404
         11215.9472734281
         8243.93919005447
         6093.39632273977
         4593.27648936294
         3629.91514673258
         3076.26358631455
         2812.51760362004
         69965.1363412273
         61235.3796359369
         46566.9303095095
         30696.6478124956
         18442.9151208498
         12033.5473110105
         9478.13356778925
         7796.89372668208
          6246.7365603689
         4750.49845208027
         3503.60383250778
         2591.50631289071
         1952.37877337202
         1540.63569300514
         1303.55383555272
         1190.36142114258
         31007.9924079814
         26433.5707545845
         19067.3445093229
         11640.3997486822
         6564.88460673105
         4315.94362761798
         3468.46639018509
         2864.24986264631
         2301.39653917492
         1756.59385349219
         1299.56796559448
         961.532383879341
         723.771711164891
         570.063358967281
          481.37508953997
         438.958816023717
         11865.2749492922
         9792.50084117301
         6606.49155716841
         3681.90892081146
         1953.83844983927
         1314.94338234594
         1075.61171358581
         891.314303138563
         718.088829498139
         549.970108421755
         407.996997660138
         301.849646414438
         226.898575357694
         178.280415418338
         150.148594057818
         136.672720217659
         3781.00355204079
         2996.87480761014
         1863.84706256066
         931.675755314417
         470.091565266134
         329.128944092261
           273.0872760603
         227.017962694842
          183.35732619074
         140.881205565636
          104.76024793637
         77.4610824962647
         58.1117946216005
         45.5112286891072
         38.1994373974337
         34.6890357422045
         958.533294313479
         727.914559652909
          407.20902016108
         179.520040288246
         88.2639820999708
         65.0387761540642
         54.5540649472555
         45.4860847983046
         36.8246172558219
         28.3768983586871
         21.1446815573352
         15.6159371408873
         11.6848028516055
         9.11198537471255
         7.61457525879327
         6.89414604323733
         181.927891743929
         129.189573549039
         64.1676721142676
         24.7801819214776
         12.4056238851725
         9.64902588082166
         8.16109724549761
         6.82397336966488
          5.5369179649901
         4.27846301829347
         3.19353581937427
         2.35459584720473
         1.75612823242931
          1.3623772633466
         1.13235533648541
         1.02150646193464
         23.9919410961717
         15.7885523123604
          6.7738948724047
         2.30401667209474
         1.24404495239774
         1.01372781336097
        0.863073597099652
        0.723588447576796
        0.588361165820508
        0.455803285134928
        0.340756459367462
        0.250777657389876
        0.186375740302531
        0.143769488474052
        0.118787825965895
        0.106719406674759
          1.9894031017968
         1.19344962380282
        0.430813893641884
        0.134293364404211
       0.0823195738415807
       0.0692762825796706
       0.0592894621240682
       0.0498271577803492
       0.0405954960234318
       0.0315263530420287
       0.0236051821869553
       0.0173465390379298
       0.0128501324852662
      0.00985928728521857
      0.00809997691183915
      0.00724800829222099
       0.0915926368651165
        0.049075323655947
       0.0145464769758024
      0.00451519407414195
      0.00318895567894072
      0.00273346428399578
      0.00234886307511853
      0.00197815904648865
      0.00161461511141601
      0.00125681015565224
     0.000942582203747784
     0.000692138710428499
     0.000511496841473338
     0.000390784407915639
     0.000319570246399154
     0.000285014515681857
      0.00200536604047962
      0.00093334346941773
     0.000223595630757695
     7.73431782494637e-05
     6.10147300405344e-05
     5.28116966852056e-05
      4.5521538069954e-05
     3.84066402957217e-05
     3.14009155142825e-05
     2.44950816380798e-05
     1.84027600963707e-05
     1.35124917374027e-05
     9.97123013960182e-06
     7.59566864925527e-06
     6.19105688182465e-06
     5.50825716203563e-06
     1.69455983889273e-05
     6.66557643236016e-06
      1.3003526906894e-06
     5.51995233392771e-07
     4.63480255314143e-07
     4.03415492770412e-07
     3.48557367380418e-07
     2.94534465665334e-07
     2.41168789962013e-07
     1.88498696576331e-07
     1.41860536718621e-07
      1.0420445003562e-07
      7.6833098369118e-08
     5.84142363974372e-08
     4.75039458686253e-08
     4.21919358840903e-08
     4.30531303961177e-08
     1.37550594776245e-08
     2.28087054085669e-09
      1.2330688187477e-09
     1.06456528952813e-09
     9.30240803854812e-10
     8.05318588221096e-10
     6.81420861234073e-10
     5.58702467195819e-10
     4.37455623990827e-10
     3.29755727647268e-10
     2.42362876587224e-10
     1.78617623562678e-10
     1.35606514592003e-10
      1.1008998633244e-10
     9.76483516539845e-11
     2.42254096345558e-11
     5.97468607365395e-12
     9.25151620270494e-13
     6.14628804251683e-13
     5.36983330256372e-13
     4.70659529963322e-13
     4.08122579817979e-13
     3.45737307643809e-13
     2.83806650072382e-13
     2.22563385676281e-13
     1.68016649845935e-13
     1.23561199837011e-13
     9.10334114282282e-14
     6.90364429339409e-14
     5.59666341888314e-14
     4.95841115160214e-14
     1.97535458372266e-15
     3.67634432526654e-16
     5.97854306370806e-17
     4.52718752349711e-17
     3.98110717031214e-17
     3.49798382039453e-17
     3.03737370313549e-17
     2.57566634853148e-17
     2.11643783846645e-17
     1.66197419471375e-17
      1.2562667277998e-17
     9.24372005845976e-18
     6.80869619883008e-18
     5.15842918035726e-18
     4.17691208939925e-18
     3.69697811912454e-18
     1.51913733557957e-20
     2.11491281126905e-21
     3.92625788817595e-22
     3.15621568278526e-22
     2.78733764573938e-22
     2.45356930446323e-22
     2.13272418702222e-22
     1.80995349854238e-22
     1.48844258605291e-22
     1.17007795561575e-22
     8.85356207602362e-23
     6.51750862659672e-23
     4.79979400600426e-23
     3.63371085503201e-23
     2.93951250863394e-23
     2.59976814961994e-23
     7.00537083398105e-27
      7.9442916076141e-28
      1.6516511965563e-28
     1.35285026723928e-28
     1.19743505659261e-28
     1.05513482173597e-28
      9.1771609764812e-29
     7.79187196818991e-29
     6.41080642252786e-29
     5.04278546598592e-29
     3.81801009865223e-29
     2.81142707382641e-29
     2.07025889200242e-29
     1.56660582658423e-29
     1.26659854257787e-29
     1.11969100973338e-29
     1.61421885794476e-34
     1.75468262842127e-35
     3.72692177017655e-36
     3.05866967848743e-36
     2.70832195999977e-36
     2.38689783464233e-36
      2.0762600242119e-36
     1.76299969434574e-36
     1.45064754193575e-36
     1.14122399943562e-36
     8.64147454176703e-37
     6.36358163218138e-37
     4.68589219706916e-37
     3.54561565700621e-37
     2.86631925937732e-37
     2.53364514549135e-37
     1.17786652557257e-42
     1.37336324776915e-43
     2.80812687076191e-44
     2.29322013339447e-44
     2.02913598573291e-44
      1.7877442407903e-44
     1.55478301652899e-44
     1.32000664164229e-44
     1.08597367138664e-44
     8.54161700549046e-45
     6.46653392996503e-45
     4.76150800673523e-45
     3.50629421510224e-45
     2.65344058937678e-45
     2.14546544256066e-45
     1.89673859915749e-45
     9.18911006035494e-50
     1.08466265778412e-50
     2.20316303684543e-51
     1.79746921746885e-51
     1.59027508800891e-51
     1.40101051381765e-51
     1.21840261060071e-51
      1.0343932584089e-51
      8.5097541024817e-52
     6.69301902160483e-52
     5.06685311739505e-52
     3.73081751642378e-52
     2.74732620183915e-52
     2.07913292842867e-52
      1.6811580203634e-52
     1.48629844849949e-52
     9.11562230804185e-57
     1.07699041518631e-57
      2.1864522947527e-58
     1.78369116137094e-58
     1.57806964429254e-58
     1.39025141539444e-58
     1.20904262329291e-58
     1.02644477245144e-58
     8.44434572014858e-59
     6.64155602684806e-59
     5.02788030212973e-59
      3.7021163681105e-59
     2.72619222041014e-59
     2.06314309928453e-59
     1.66823303600328e-59
     1.47487457695568e-59
       9.030751322265e-64
     1.06745516375328e-64
     2.16654133561069e-65
     1.76737713051829e-65
     1.56362862477644e-65
     1.37752605521456e-65
     1.19797433179926e-65
     1.01704706308751e-65
     8.36702403985349e-66
     6.58073270280885e-66
     4.98182838244356e-66
     3.66820520345305e-66
     2.70122104005931e-66
     2.04424724852374e-66
     1.65295612189574e-66
     1.46136982584839e-66
     8.80980543946389e-71
     1.04152976323056e-71
     2.11370851941394e-72
     1.72425136850445e-72
     1.52547157914149e-72
     1.34390926016125e-72
      1.1687386580587e-72
     9.92226387739904e-73
     8.16282639819641e-73
     6.42012606616455e-73
     4.86024137592975e-73
     3.57867771436027e-73
     2.63529432485123e-73
      1.9943555756125e-73
     1.61261504948793e-73
     1.42570506673637e-73
     8.37094650140668e-78
     9.89647252660296e-79
     2.00841660617971e-79
     1.63836066071553e-79
     1.44948276644098e-79
     1.27696467246317e-79
     1.11051990022913e-79
     9.42800292298244e-80
     7.75620886655372e-80
     6.10031822710883e-80
     4.61813657495527e-80
     3.40041186167072e-80
     2.50402153926155e-80
     1.89501008483607e-80
     1.53228532729031e-80
     1.35468595451834e-80
      7.6679535403748e-85
     9.06426090916142e-86
     1.83965081025302e-86
     1.50070756218408e-86
     1.32770071465907e-86
     1.16967787768653e-86
      1.0172176632783e-86
     8.63589538934025e-87
     7.10456153668563e-87
     5.58779462650136e-87
     4.23014126556347e-87
     3.11472489542259e-87
     2.29364503334225e-87
     1.73579950442646e-87
     1.40354885516294e-87
      1.2408703370663e-87
     6.69959510275114e-92
     7.91789908668513e-93
     1.60717743253279e-93
     1.31109142458801e-93
     1.15994682292135e-93
     1.02189109551012e-93
     8.88694507769595e-94
     7.54477299947138e-94
     6.20692206116554e-94
     4.88179708040553e-94
     3.69568054004479e-94
     2.72119317142128e-94
     2.00385292273142e-94
      1.5164880849052e-94
     1.22621529843021e-94
     1.08409090515607e-94
