             93260.3                 360
                 160
    5339499999.99999    5006048181.56798    4694834386.17908     4404375551.9889    4133287523.08679    3880278453.42319    3644142650.63143    3423754830.40722    3218064754.06581     3026092223.7223    2846922411.24519    2679701498.72381    2523632609.67446    2377972011.59593    2242025571.77804    2115145449.47348    1996727008.66999    1886205936.75086    1783055555.31303    1686784310.32767    1596933429.68293    1513074736.94594    1434808610.92584    1361762081.31434    1293587051.32867    1229958638.88707    1170573628.41199    1115149025.88302    1063420710.25388    1015142174.80693    970083352.447181    928029519.337887    888780271.653059     852148570.57075    817959850.956071    786051189.486468     756270528.25502    728475950.151918    702535002.571022    678324066.218666    655727766.016837    634638421.293436    614955532.639546    596585302.988383    579440190.633658    563438492.057314    548503952.578627    534565402.969263    521556420.302608    509415011.421182    498083317.513724    487507338.394137    477636675.168376    468424290.062966    459826282.270656    451801678.744993    444312238.946896    437322272.612741    430798469.675567    424709741.528891    419027072.876705    413723383.463642    408773399.026417    404153530.851552    399841763.365451    395817549.221131    392061711.381647    388556351.733625    385284765.795381     382231363.11319    379381592.966356    376721875.027037    374239534.644394    371922742.444663    369760457.959318    367742377.012693    365858882.618348    364100999.150164     362460349.56979    360929115.506614           359500000    359348101.265823    359196202.531646    359044303.797468    358892405.063291    358740506.329114    358588607.594937    358436708.860759    358284810.126582    358132911.392405    357981012.658228    357829113.924051    357677215.189873    357525316.455696    357373417.721519    357221518.987342    357069620.253165    356917721.518987     356765822.78481    356613924.050633    356462025.316456    356310126.582278    356158227.848101    356006329.113924    355854430.379747     355702531.64557    355550632.911392    355398734.177215    355246835.443038    355094936.708861    354943037.974684    354791139.240506    354639240.506329    354487341.772152    354335443.037975    354183544.303797     354031645.56962    353879746.835443    353727848.101266    353575949.367089    353424050.632911    353272151.898734    353120253.164557     352968354.43038    352816455.696203    352664556.962025    352512658.227848    352360759.493671    352208860.759494    352056962.025316    351905063.291139    351753164.556962    351601265.822785    351449367.088608     351297468.35443    351145569.620253    350993670.886076    350841772.151899    350689873.417722    350537974.683544    350386075.949367     350234177.21519    350082278.481013    349930379.746835    349778481.012658    349626582.278481    349474683.544304    349322784.810127    349170886.075949    349018987.341772    348867088.607595    348715189.873418    348563291.139241    348411392.405063    348259493.670886    348107594.936709    347955696.202532    347803797.468354    347651898.734177           347500000
                  17
                   0   0.196349540849363   0.392699081698725   0.589048622548088    0.78539816339745   0.981747704246813    1.17809724509618    1.37444678594554     1.5707963267949    1.76714586764426    1.96349540849363    2.15984494934299    2.35619449019235    2.55254403104171    2.74889357189108    2.94524311274044     3.1415926535898
                   2
                   0     6.2831853071796
                   035.6002091531539
                   035.575075623131
                   035.525684133938
                   035.4514586445005
                   035.3496536218848
                   035.214532155778
                   035.0401683253074
                   034.8090642937122
                   034.5101920184307
                   034.1062573277887
                   033.5361122921274
                   032.6663946850192
                   031.2135747761073
                   028.4022777303699
                   021.4891947918867
                   03.32193314267864
                   041.67874969503
                   041.6476421575074
                   041.5860652982311
                   041.4921270159344
                   041.362390832211
                   041.1895331703955
                   040.964937688799
                   040.6692533618051
                   040.2880730980444
                   039.7713272537686
                   039.0425622577147
                   037.9336651973007
                   036.0849461784668
                   032.5214250505024
                   023.9152004295905
                   03.59060689899214
                   048.7841459200608
                   048.7453226813088
                   048.6680217173527
                   048.5491615610601
                   048.3836178438192
                   048.1621304372536
                   047.8732575469786
                   047.4947821224368
                   047.0078856043972
                   046.3470672271264
                   045.4162782011851
                   044.0017545869484
                   041.650420528534
                   037.1498621152118
                   026.4925157211886
                   03.94754201227718
                   057.0912566389885
                   057.0426454818563
                   056.9448640683333
                   056.7939287282018
                   056.5827738946644
                   056.2987147906977
                   055.9282518210279
                   055.4441719527144
                   054.822777637146
                   053.9789314240169
                   052.7914719391582
                   050.9890689311142
                   047.9992331361542
                   042.3334472012906
                   029.1953060946873
                   04.41096650934775
                   066.8234233400662
                   066.7622538410783
                   066.6382918418051
                   066.4457912074051
                   066.1758179624759
                   065.8107955202906
                   065.3379455098958
                   064.7204246902138
                   063.926328309382
                   062.8488000499091
                   061.3356108674271
                   059.0396774303381
                   055.2504494826282
                   048.1321195439178
                   032.0137224426542
                   05.00720353944751
                   078.2382357217629
                   078.1607405007865
                   078.0029875271249
                   077.7572776722295
                   077.411939261264
                   076.9422229850064
                   076.3395120920811
                   075.5523054432998
                   074.5372810399696
                   073.1626329329826
                   071.2352318033367
                   068.3130031447678
                   063.5231660173456
                   054.6019604747385
                   034.9292294122973
                   05.76511913326768
                   091.6327210355633
                   091.5335648805481
                   091.3323564556754
                   091.0180995916448
                   090.5763449664447
                   089.9724935978485
                   089.2050853081804
                   088.2029912965476
                   086.907047039887
                   085.155205394615
                   082.7018941841722
                   078.9888961773663
                   072.9428199852658
                   061.788807184578
                   037.9257052298929
                   05.28706016847447
                   0107.33534853724
                   0107.20955865524
                   0106.953316192923
                   0106.551350348772
                   0105.985043944804
                   0105.210722367093
                   0104.234615214207
                   0102.959240696082
                   0101.307414218352
                   099.076267595162
                   095.9556643359602
                   091.2488489576743
                   083.632497706735
                   069.7233666441134
                   040.9839078271928
                   06.62058198989755
                   0125.774149711175
                   0125.613735238143
                   0125.286474252734
                   0124.773403782315
                   0124.049792904222
                   0123.057423924292
                   0121.816361804347
                   0120.194913560294
                   0118.091423016519
                   0115.253400166936
                   0111.284546386573
                   0105.331165090282
                   095.7579975325891
                   078.4613848228997
                   044.1242333915755
                   08.28295376616222
                   0147.441013516774
                   0147.236251977995
                   0146.817855859625
                   0146.162966903567
                   0145.236678832016
                   0143.968625887008
                   0142.392133450279
                   0140.33201574438
                   0137.656976654242
                   0134.050977103747
                   0129.011088356563
                   0121.492588977377
                   0109.481769950938
                   088.053148022798
                   047.3765739809567
                   010.3398504163275
                   0172.865639878157
                   0172.604778144644
                   0172.070604767272
                   0171.234787720083
                   0170.050757016235
                   0168.436527267997
                   0166.434246151225
                   0163.816806358964
                   0160.419055621162
                   0155.84244201317
                   0149.453800870518
                   0139.973785869673
                   0124.938183466006
                   098.5049662428281
                   050.7898390755955
                   012.8946848178669
                   0202.758175834106
                   0202.425215284469
                   0201.742723731857
                   0200.676110349527
                   0199.161354511522
                   0197.109636022033
                   0194.575576187149
                   0191.251534162874
                   0186.938319103377
                   0181.138794696068
                   0173.050527927216
                   0161.116263579333
                   0142.337472409101
                   0109.875328712548
                   054.4712755002028
                   016.0475871124143
                   0237.821563614945
                   0237.39706613222
                   0236.527513658584
                   0235.165494147499
                   0233.233662157782
                   0230.62828940188
                   0227.420877885355
                   0223.205976479592
                   0217.736320534801
                   0210.390692807635
                   0200.176303824691
                   0185.188105008697
                   0161.80421730993
                   0122.139520269252
                   058.539823993701
                   019.9136532811554
                   0279.067269961427
                   0278.522777564558
                   0277.41632623803
                   0275.661531192687
                   0273.194422018622
                   0269.876581493209
                   0265.807717084554
                   0260.452625379567
                   0253.510016107708
                   0244.20058110575
                   0231.323456910328
                   0212.506768537023
                   0183.480554819302
                   0135.279170952627
                   063.1288767010221
                   024.5997240984926
                   0327.393319340519
                   0326.70547367731
                   0325.279386568109
                   0323.066165809607
                   0319.913666852289
                   0315.725041475738
                   0310.577007480289
                   0303.797825932635
                   0295.020453319493
                   0283.254609009767
                   0267.031268565429
                   0243.540792198881
                   0207.625053921118
                   0149.459342745365
                   068.6248327265032
                   030.4117120619826
                   0384.141846776859
                   0383.257881376958
                   0381.466888384812
                   0378.632800815806
                   0374.651524776887
                   0369.329310019447
                   0362.832232545246
                   0354.269327110278
                   0343.171028618947
                   0328.34237871836
                   0307.985632929487
                   0278.678855562686
                   0234.382643504825
                   0164.683743255034
                   075.2916274413102
                   037.5113210802935
                   0451.683977719499
                   0450.571607251719
                   0448.272437799969
                   0444.654538975717
                   0439.570242156064
                   0432.824967347167
                   0424.570985689883
                   0413.705127217075
                   0399.635495447699
                   0380.854040242182
                   0355.328822586028
                   0318.842087577131
                   0264.430974490596
                   0181.506312714249
                   083.8579378571197
                   046.5201463878541
                   0530.587994058657
                   0529.175556589448
                   0526.282518718941
                   0521.695224091218
                   0515.210068776695
                   0506.652403801048
                   0496.240490902217
                   0482.475508781344
                   0464.715280742566
                   0441.027164278456
                   0409.139308142914
                   0363.834012712481
                   0297.307261840256
                   0199.487191522002
                   094.1992180221459
                   057.2399425224837
                   0623.047253844939
                   0621.224214239537
                   0617.549836640283
                   0611.734429137371
                   0603.532563070292
                   0592.746400566772
                   0579.518058301577
                   0562.155246785816
                   0539.775528311762
                   0510.018322645472
                   0470.213908056518
                   0414.169391146825
                   0333.257794253259
                   0218.931738793355
                   0106.73303637488
                   069.9919905936619
                   0731.378034947694
                   0729.09207560439
                   0724.383982386517
                   0717.01068423865
                   0706.6869117067
                   0693.052545544405
                   0676.375160191849
                   0654.457982656904
                   0626.305721992832
                   0589.011677544858
                   0539.517316937704
                   0470.432363965549
                   0372.60815996281
                   0240.263956648988
                   0121.956997218653
                   085.2322006989145
                   0857.963821364609
                   0855.078554507904
                   0849.117188389879
                   0839.818092328084
                   0826.811738527842
                   0809.647829976819
                   0788.626834587385
                   0761.036372569291
                   0725.719417528428
                   0679.0421981354
                   0617.685616578319
                   0532.910694005978
                   0415.417056350285
                   0263.737331684549
                   0140.169899189074
                   0103.206702873202
                   01005.85680347472
                   01002.21217488709
                   0994.723007055783
                   0982.952946415811
                   0966.535989586421
                   0945.011720652532
                   0918.553862034478
                   0883.903751308752
                   0839.675163766994
                   0781.496550805315
                   0705.715590894151
                   0602.123460115147
                   0461.917995525267
                   0289.894615307213
                   0161.813554913011
                   0124.352787037654
                   01179.7217313197
                   01175.07399245411
                   01165.63254669885
                   01150.68840534263
                   01130.07096898944
                   01102.98035164009
                   01069.68904068174
                   01026.20939494187
                   0970.797191405484
                   0898.425455042507
                   0805.113139945996
                   0679.054209093241
                   0513.007178737307
                   0319.967029765758
                   0187.738049944072
                   0149.587538476415
                   01384.27726265396
                   01378.38781560393
                   01366.41473725226
                   01347.57010539045
                   01321.57372185249
                   01287.45379367274
                   01245.57250357531
                   01191.03885607828
                   01121.66743182388
                   01031.79277605873
                   0917.291475255446
                   0764.619725749085
                   0569.313511206125
                   0355.049694450959
                   0218.704534114484
                   0179.695323115188
                   01620.58847135827
                   01613.19043238926
                   01598.06441265521
                   01574.4287441065
                   01541.77470845363
                   01499.10317093101
                   01446.68514614943
                   01378.54301195259
                   01292.15018000505
                   01181.17400829105
                   01041.30847052518
                   0857.696798709807
                   0629.901309093863
                   0394.666829698921
                   0254.029272453542
                   0214.04746054348
                   01893.89576175949
                   01884.60791154723
                   01865.58214509051
                   01836.02967392453
                   01795.27766515905
                   01741.96921423277
                   01676.64860686479
                   01591.9008991283
                   01484.88396299168
                   01348.49597095876
                   01178.49360014924
                   0959.016802046603
                   0695.796935411888
                   0439.799577986618
                   0268.991926771275
                   0253.14627453987
                   02209.04248183584
                   02197.46051421543
                   02173.7421433379
                   02136.84480874921
                   02086.22467678054
                   02020.07236522567
                   01938.9787598076
                   01833.78473932399
                   01701.68788605757
                   01534.73252036033
                   01329.1512308148
                   01068.93055328097
                   0767.410524700997
                   0491.263172824654
                   0316.140269984397
                   0297.263020068123
                   02580.9366242902
                   02566.49034525649
                   02536.78394211351
                   02490.73593809131
                   02427.48759002032
                   02344.74860709192
                   02243.87742667344
                   02113.28864278477
                   01950.36665235851
                   01746.43929677769
                   01498.6097701379
                   01190.90517731562
                   0848.556495903898
                   0552.641870383894
                   0371.867643632591
                   0349.743310028991
                   03004.77952365423
                   02986.71082198756
                   02949.8297706098
                   02892.73999157318
                   02814.25182225288
                   02711.89591375804
                   02587.34509183247
                   02426.5546335068
                   02226.59008212058
                   01979.2679723902
                   01682.85660066208
                   01322.55461632118
                   0936.903786256844
                   0621.68631051311
                   0434.162443128077
                   0407.880617300239
                   03487.45297750467
                   03465.10071799868
                   03419.58909004087
                   03349.15536426473
                   03252.57288338421
                   03126.35768709041
                   02973.45491106597
                   02776.26418789277
                   02532.81513172118
                   02234.35638369214
                   01882.64538885554
                   01464.11364509347
                   01033.43699228873
                   0699.052925589318
                   0503.583926716429
                   0472.795713635501
                   04050.55110561224
                   04022.8113923665
                   03966.5024447614
                   03879.35160016497
                   03760.30881446268
                   03604.75151728283
                   03416.71520608454
                   03175.54490999462
                   02879.69401529535
                   02521.18799508884
                   02105.41761210555
                   01622.28757340103
                   01144.7828439884
                   0789.769355141097
                   0584.457717220903
                   0548.782589373849
                   04685.05036946222
                   04651.01800033606
                   04581.93222454498
                   04475.15334075522
                   04329.40581998905
                   04138.85053525942
                   03909.52790589768
                   03616.61980774052
                   03259.79241147672
                   02832.27773449879
                   02344.67420472346
                   01791.89767339358
                   01266.39988779349
                   0889.80999249247
                   0673.092747067331
                   0632.047761469149
                   05411.56633372471
                   05369.85106077405
                   05285.23923223803
                   05154.62566344549
                   04976.34441080522
                   04744.15456422243
                   04465.03287027503
                   04110.777203462
                   03682.56957809716
                   03175.50714937062
                   02607.12827713324
                   01979.27489294852
                   01404.07715702827
                   01003.20984150581
                   0773.594840840677
                   0726.061463064028
                   06231.13718403931
                   06180.32496941288
                   06077.4651197832
                   05918.29209609515
                   05701.54606578744
                   05419.75378249923
                   05082.56766254564
                   04656.45253820932
                   04145.46172025503
                   03547.80225355201
                   02890.79507399358
                   02182.84756050964
                   01556.76961110797
                   01128.23239975447
                   0884.081730912317
                   0828.855340413519
                   07158.52858711705
                   07096.8094714442
                   06972.00385354791
                   06778.82672197652
                   06516.41094250242
                   06175.9211505248
                   05770.00475288651
                   05260.50316843238
                   04654.03265937986
                   03954.28733831597
                   03199.15649400622
                   02406.52001201597
                   01727.40745219996
                   01266.69021433088
                   01006.76644544005
                   0942.329641062651
                   08194.25998395126
                   08120.04747284797
                   07969.09341042738
                   07736.39686778264
                   07420.15362175402
                   07011.37234283664
                   06525.78888258076
                   05920.24426613258
                   05206.20775181014
                   04392.46724008414
                   03530.2671043627
                   02649.01810735946
                   01914.26717713141
                   01417.6115811674
                   01140.07931451233
                   01066.87411432136
                   09363.0869139791
                   09273.10711438317
                   09091.63499857315
                   08811.75626737427
                   08432.4474897322
                   07943.51115866708
                   07365.39127727997
                   06649.55569735144
                   05812.44722651275
                   04871.6749558305
                   03893.56750936725
                   02917.94429674476
                   02123.46700663343
                   01468.49063813043
                   01288.38860812823
                   01206.53692735054
                   010660.896460365
                   010553.7713273251
                   010336.163161793
                   010001.5817992178
                   09549.21565819234
                   08967.97785084228
                   08283.49285091094
                   07442.58212068205
                   06468.18547642186
                   05388.18773000277
                   04286.02962450854
                   03210.91067847777
                   02352.18926647699
                   01652.36941698112
                   01448.89155175981
                   01358.914527686
                   012100.5720973008
                   011973.0280635117
                   011714.730438721
                   011316.2106943274
                   010779.3159186011
                   010092.1545744421
                   09287.31504497506
                   08304.4731616158
                   07176.21556214503
                   05945.68486264301
                   04711.64724376533
                   03530.57155158603
                   02603.34357165148
                   01854.15672502561
                   01626.0269940935
                   01521.96172105566
                   013689.229023292
                   013538.1891159858
                   013232.6285670632
                   012761.3031805957
                   012127.4896903436
                   011319.805998946
                   010377.7462244922
                   09236.13680669135
                   07939.24391096706
                   06544.14823301948
                   05170.50377309356
                   03877.13714691777
                   02875.84639849535
                   02072.0890676051
                   01816.63034906942
                   01698.3625664426
                   015429.6448348147
                   015251.7452838509
                   014891.7334435118
                   014338.5762856338
                   013594.5080069359
                   012650.6585006408
                   011555.0635706167
                   010239.0216738236
                   08756.71406829285
                   07184.62737823116
                   05664.26783625981
                   04253.54000729306
                   03171.06935985266
                   02308.90883676457
                   02024.2471320607
                   01890.81944150872
                   017334.966085684
                   017126.7566866592
                   016706.0861674977
                   016059.0729020256
                   015190.7299814751
                   014093.9107872321
                   012826.3100277311
                   011317.0077360032
                   09633.45897876904
                   07870.67812788816
                   06195.16950422336
                   04660.93635001715
                   03487.66237798296
                   02564.13495392116
                   02248.65434979166
                   02099.46320364463
                   019411.5862524881
                   019169.4766628207
                   018679.0169095208
                   017926.4638967238
                   016920.0208908022
                   015651.8547047801
                   014193.4994135202
                   012472.040238559
                   010571.7946921506
                   08605.17775327601
                   06764.40036654867
                   05101.41465706325
                   03825.7167178061
                   02839.90446597566
                   02489.25738909077
                   02324.0067703368
                   021651.6820732033
                   021371.0676282645
                   020803.2619068141
                   019933.4099815999
                   018773.3622249232
                   017316.1445230814
                   015648.5180267645
                   013696.8501129305
                   011564.6813637079
                   09383.13970564472
                   07369.19285544586
                   05569.18822738859
                   04180.76669502043
                   03132.1354097602
                   02744.13734301067
                   02561.69486563345
                   024064.9304441198
                   023741.8814159784
                   023087.7560426786
                   022087.6699470425
                   020757.3449446685
                   019093.8761903299
                   017197.7198869359
                   014996.5263832257
                   012615.8594159851
                   010208.4254492418
                   08011.26864575191
                   06065.7412548604
                   04553.77990279806
                   03442.12941151676
                   03014.11058235318
                   02813.59166156329
                   026648.3972323723
                   026278.178158334
                   025529.6996502833
                   024386.3831086728
                   022869.6331110117
                   020979.5557344941
                   018837.7108844105
                   016369.0388393484
                   013723.1571997004
                   011079.6087605913
                   08690.95703440654
                   06584.98948572012
                   04712.76347126796
                   03765.98019205879
                   03298.45192640194
                   03079.54149800057
                   029394.3700167994
                   028972.7578328797
                   028120.8239078127
                   026821.1536355469
                   025101.6129532856
                   022968.3687532064
                   020559.7388830379
                   017808.2105103132
                   014880.232557564
                   011992.4447853015
                   09400.03216410719
                   07121.33143848069
                   04988.20137611613
                   04096.91453693159
                   03593.26177808351
                   03355.91660586354
                   032395.2012659889
                   031913.96138903
                   030944.7534209277
                   029464.5229933279
                   027509.0245338877
                   025093.4235856086
                   022397.1903756276
                   019322.6554473318
                   016086.4209465492
                   012923.7219934162
                   010112.074907385
                   07641.12686295337
                   05360.63775072574
                   04398.41705343932
                   03854.63047623156
                   03599.05913819197
                   035408.8036125923
                   034869.6035429297
                   033767.9653214901
                   032109.4657006918
                   029926.3460940094
                   027236.0265034863
                   024224.2781884012
                   020835.8551329315
                   017298.3643048425
                   013875.7083266854
                   010837.2117297208
                   08183.88741840989
                   05773.57744796037
                   04740.29588107174
                   04146.80188665276
                   03875.12113391599
                   038573.5709914526
                   037972.039375112
                   036751.924536321
                   034905.0312119656
                   032464.9266011136
                   029480.7634450542
                   026145.9449584571
                   022425.0482897796
                   018575.8376784079
                   014870.8233706557
                   011600.3117699442
                   08754.0990041401
                   06204.39661215884
                   05097.90104053219
                   04457.46086836443
                   04169.12228347187
                   041887.1652510789
                   041205.4157019634
                   039858.8207874641
                   037786.6980707832
                   035094.5103336346
                   031801.9279337756
                   028128.5149798065
                   024064.4136940197
                   019892.3781463935
                   015899.5219262885
                   012390.0954898836
                   09341.87125671261
                   06660.98946127726
                   05467.7288695847
                   04778.94205137433
                   04468.32690215108
                   045315.6725004689
                   044569.7861757237
                   043063.9315612529
                   040778.9618507092
                   037807.0313549853
                   034197.9610620853
                   030177.6209705831
                   025763.2846330897
                   021252.5947814223
                   016964.7682153453
                   013210.2100961771
                   09951.16461316038
                   07131.42752698631
                   05855.8380936678
                   05108.95535133099
                   04779.28639722022
                   048843.5606099597
                   048022.1589515261
                   046358.996764458
                   043850.7253948521
                   040585.2532240167
                   036633.3033950698
                   032237.1410787837
                   027489.2442244324
                   022640.6620444053
                   018061.3401288343
                   014046.2819662747
                   010564.7338090256
                   07609.70235815201
                   06247.4977038724
                   05446.49327640131
                   05093.15427800023
                   052476.1255403761
                   051571.8748288017
                   049750.3038291418
                   047024.5058682849
                   043468.5055383041
                   039175.2106619068
                   034406.4935435962
                   029223.0732504431
                   024047.6983538998
                   019125.2942207546
                   014868.7161661441
                   011153.9772424015
                   08082.48609113702
                   06638.88965491634
                   05787.1938848968
                   05408.42605574856
                   056179.5014331303
                   055206.8402013032
                   053212.1700037929
                   050235.2490674879
                   046371.5677865058
                   041723.7953640877
                   036580.9788225342
                   031032.8506438926
                   025435.5661758856
                   020224.3084968945
                   015710.0012478543
                   011144.7540989237
                   08561.70628497688
                   07029.49942692447
                   06125.12977252547
                   05723.76455008788
                   059958.8225741237
                   058894.8805721974
                   056731.1909911077
                   053506.841799556
                   049329.3069721513
                   044324.3603901536
                   038836.518432473
                   032847.8312451922
                   026843.0752858703
                   021293.8783011106
                   016526.1197924416
                   011508.4007143194
                   09024.29692807345
                   07423.2647845687
                   06467.57222839625
                   06039.90103081829
                   063769.955563764
                   062609.0374626716
                   060276.8749569607
                   056796.7828332797
                   052316.558793882
                   046974.2760204633
                   041056.5049161114
                   034663.1355071422
                   028275.0646297189
                   022405.1093312946
                   017323.1909970643
                   012089.9888670094
                   09486.23659062011
                   07817.08075333942
                   06810.95855594838
                   06355.08915363682
                   067587.1781937144
                   066337.6785259076
                   063833.2663514473
                   060125.3679174089
                   055331.5274008919
                   049583.1883303021
                   043273.8608846344
                   036474.5018461658
                   029699.3652601276
                   023505.8932668818
                   018132.4397073859
                   012665.4595049445
                   09938.29373831727
                   08203.72025889788
                   07150.81539432334
                   06669.36489572869
                   071425.1041683833
                   070084.3513109108
                   067430.9329452215
                   063457.8491726159
                   058318.857006597
                   052197.4062244132
                   045492.0084000603
                   038281.2862336329
                   031120.1965352542
                   024600.9702973986
                   018931.6945373974
                   013252.4929287415
                   010396.295202303
                   08575.61452149363
                   07487.1386446414
                   06980.00982617239
                   075269.2711314814
                   073831.433167364
                   071012.4060032913
                   066760.9747118829
                   061293.8299449204
                   054794.857753657
                   047693.5183128839
                   040073.7239261908
                   032521.2367566199
                   025677.0499017913
                   019716.6051887172
                   013829.8547447073
                   010853.9830416613
                   08943.3418101066
                   07814.56759287158
                   07282.81779542497
                   079085.1822123816
                   077588.6413407708
                   074558.1891667338
                   070049.2133944425
                   064250.2335914542
                   057375.6522626502
                   049876.352575745
                   041847.563412542
                   033903.4060634155
                   026730.0242652535
                   020481.1623466436
                   014395.6474626914
                   011303.7004104486
                   09309.82108559896
                   08129.82190097617
                   07582.38456054677
                   082878.2268184555
                   081291.3723699512
                   078081.6463687324
                   073309.6780952896
                   067182.043507889
                   059932.2054918743
                   052038.4491855144
                   043601.5409224253
                   035265.1899002919
                   027755.1221604935
                   021227.7417573452
                   014951.7507450551
                   011745.1116834402
                   09668.4666028912
                   08445.32558958893
                   07875.39591171408
                   086605.1262252746
                   084911.0030255303
                   081532.2563969349
                   076501.9385181466
                   070053.2837959185
                   062431.6400216491
                   054147.349174837
                   045306.1946458999
                   036587.2191924359
                   028738.9481889985
                   021924.7785677611
                   015485.2878761711
                   012170.8988337251
                   010015.1170042817
                   08751.84713018999
                   08155.93243451653
                   090308.2985936207
                   088486.2790076208
                   084933.578063436
                   079650.0429737674
                   072881.7053041471
                   064895.8619104318
                   056226.6653305971
                   046986.520157786
                   037879.317104086
                   029693.2578091147
                   022112.4873213749
                   016012.0459903015
                   012589.4514450379
                   010357.0863059142
                   09052.13319401935
                   08427.55885992588
                   093904.8969901479
                   092000.3593399658
                   088238.9326821056
                   082685.984054171
                   075601.6461548479
                   067264.2230666484
                   058231.8224495564
                   048618.1977704891
                   039081.680200493
                   030594.2324442586
                   021678.0336836956
                   016511.061579106
                   012996.1687751026
                   010685.5938392555
                   09333.8246976881
                   08691.75037785521
                   097449.5585867527
                   095499.7565031348
                   091585.7570609491
                   085788.087057884
                   078384.6025504139
                   069676.2511841131
                   060252.3456594312
                   050221.6556021278
                   040223.7665336896
                   031421.9397580896
                   022130.8597030746
                   016935.5080652
                   013353.4238761727
                   010978.7897819831
                   09595.14380271931
                   08944.68641872952
                   0100921.619174905
                   098870.4887532864
                   094785.3772775072
                   088739.7430063205
                   081028.0179190068
                   071972.1786652368
                   062180.2485157372
                   051764.1370248587
                   041349.4162589795
                   032232.6591394254
                   022685.0886835851
                   017371.753457511
                   013715.3318607368
                   011274.8423999316
                   09853.73275835364
                   09182.3012878241
                   0104282.723591509
                   0102147.667778357
                   097895.3239101631
                   091609.0446038032
                   083599.2372840921
                   074200.2933697476
                   064050.1816905249
                   053251.5313538253
                   042402.8120424433
                   033010.7119946756
                   023224.9348970759
                   017790.0880265961
                   014060.3812204679
                   011558.2142404302
                   010100.6391225226
                   09413.26330243748
                   0107527.832973698
                   0105309.930540333
                   0100897.434519328
                   094378.1668011232
                   086082.0676006235
                   076350.6620118247
                   065851.655966657
                   054677.6474848992
                   043443.6850528885
                   033759.4876083463
                   023753.7050030957
                   018198.2478101138
                   014393.9722601947
                   011833.1892168615
                   010340.3029006264
                   09636.81348714688
                   0110680.234489052
                   0108382.426415151
                   0103813.114321028
                   097067.0323028769
                   088488.706477896
                   078433.778813129
                   067592.6720028815
                   056056.1861876703
                   044439.5077456869
                   034476.70849213
                   024265.9486926922
                   018593.4108376819
                   014712.999619745
                   012096.9054087194
                   010570.1313134196
                   09851.07534449821
                   0113717.962434264
                   0111342.769924489
                   0106621.548569162
                   099655.2450567871
                   090804.2958197462
                   080439.2483904394
                   069265.2656020761
                   057372.7098531025
                   045387.249322873
                   035151.8810102905
                   024751.376581276
                   018971.9709819926
                   015014.98184787
                   012347.4659476271
                   010788.476148866
                   010054.6028514593
                   0116657.233418656
                   0114206.462837796
                   0109337.414551202
                   0102158.436017313
                   093042.1367599372
                   082374.3631667285
                   070877.5540260284
                   058640.0283244949
                   046287.1644134344
                   035778.169749509
                   025216.9187868211
                   019335.2615082665
                   015302.4199166515
                   012586.4635781845
                   010996.7819995061
                   010248.5484364042
                   0119490.790161792
                   0116967.170134933
                   0111955.040217235
                   0104569.497931428
                   095196.2316103039
                   084237.6631842584
                   072426.6416863052
                   059852.3862660148
                   047142.6596954805
                   036191.3249013305
                   025658.8465924965
                   019684.1797265381
                   015575.7592924745
                   012813.9192334884
                   011195.0949672758
                   010433.1402935183
                   0122224.027094505
                   0119630.13762701
                   0114479.672026713
                   0106894.699713171
                   097273.5763989522
                   086030.43143625
                   073914.856252995
                   061013.3765707846
                   047952.5291502384
                   036147.9222584631
                   026079.817911011
                   020015.5262701838
                   015835.7245067082
                   013030.1674493234
                   011383.47198672
                   010608.5639054933
                   0124848.957759993
                   0122187.416196317
                   0116903.346250531
                   0109125.857193723
                   099265.9320966299
                   087748.4409762661
                   075340.0773994988
                   062121.1532792163
                   048710.9537423237
                   035523.8448980861
                   026473.2130459832
                   020330.5606698584
                   016083.3094156304
                   013235.2852558979
                   011562.3395673067
                   010775.2221373315
                   0127397.951737402
                   0124670.174851835
                   0119256.244332027
                   0111292.151627533
                   0101197.757492601
                   089416.7343133495
                   076719.554056256
                   063191.6114003969
                   049428.3348127886
                   035184.2953276753
                   026840.0964456582
                   020635.4657813756
                   016321.1865534419
                   013432.5177278522
                   011734.1268308504
                   010935.1366177468
                   0129909.555091748
                   0127116.336452706
                   0121575.129057995
                   0113424.603233681
                   0103104.22051446
                   091059.7448809294
                   078078.9528557105
                   064243.0242054498
                   050119.5431857086
                   035441.7979474876
                   027192.9553257418
                   020934.0267630645
                   016556.8275318462
                   013626.3276109556
                   011903.225049215
                   011092.3675281483
                   0132452.980007922
                   0129594.122508341
                   0123924.234907605
                   0115588.976043131
                   0105036.76334972
                   092728.3110470424
                   079461.3103090483
                   065310.8010328591
                   050817.8682424629
                   035892.4845620204
                   027554.1226959576
                   021240.3981268514
                   016797.0855776529
                   013824.8018879016
                   012076.1417256532
                   011253.3657254131
                   0135218.66379639
                   0132290.598763651
                   0126482.689771669
                   0117949.038974165
                   0107147.958141558
                   094557.6285276036
                   080978.2742193227
                   066489.3437843484
                   051601.972254606
                   036435.0800425354
                   027973.8857994875
                   021587.6619392044
                   017069.6999420849
                   014049.5739965548
                   012271.6349265365
                   011435.55741827
                   0138601.914619134
                   0135590.43332869
                   0129619.564467959
                   0120849.200288132
                   0109751.672761063
                   096819.958347986
                   082869.1476022642
                   067971.7660467239
                   052554.9983265674
                   037160.9504565662
                   028533.1623782867
                   022038.459326237
                   017424.6249849647
                   014341.5641870304
                   012526.1546357369
                   011672.4657991558
                   0142057.457500835
                   0138965.547824625
                   0132836.475579257
                   0123830.377834636
                   0112444.50045155
                   099176.6924312736
                   084863.7768627605
                   069570.9765996022
                   053618.9801292224
                   037998.8633317439
                   029177.4720758242
                   022543.5077771371
                   017823.339097976
                   014669.5566449618
                   012812.3239073238
                   011938.8532597759
                   0144232.864581595
                   0141092.503854898
                   0134866.845014846
                   0125725.409024124
                   0114159.992392912
                   0100682.239859918
                   086146.3847996108
                   070611.5312994078
                   054588.3542712401
                   038557.5546659882
                   029606.5857907417
                   022877.1494110916
                   018086.6535411084
                   014886.303190473
                   013001.2588517768
                   012114.8662487579
                   0146559.751652914
                   0143367.36426178
                   0137039.219638406
                   0127747.142953473
                   0115992.263784457
                   0102292.729209866
                   087517.8864488977
                   071727.5645490063
                   055193.7977808208
                   039154.78019385
                   030064.7525566311
                   023233.1828924081
                   018368.0722261083
                   015117.6561115946
                   013203.230740053
                   012302.9760703882
                   0149082.409123393
                   0145833.365633267
                   0139394.416159224
                   0129939.499581613
                   0117979.696969344
                   0104044.364679742
                   089004.9402869556
                   072936.7118079051
                   056067.3577991438
                   039803.3172182791
                   030562.4180951994
                   023618.9447912
                   018672.9047165955
                   015368.253209879
                   013422.1726254529
                   012506.6836380384
                   0151792.980757171
                   0148483.844631153
                   0141925.755586246
                   0132295.632535777
                   0120115.326060076
                   0105922.229673963
                   090607.7204192161
                   074235.1573923984
                   057271.1800656912
                   040501.2632149294
                   031098.2858727917
                   024034.3190839066
                   019000.9410246651
                   015637.861081318
                   013657.3978774741
                   012725.9250180833
                   0154734.380583956
                   0151359.782132909
                   0144671.540712009
                   0134844.421050047
                   0122425.152459355
                   0107954.548773165
                   092338.8579452974
                   075640.0023003377
                   058036.0558422598
                   041253.3873570987
                   031676.1530176505
                   024482.7386447316
                   019354.9392585267
                   015928.8742732077
                   013911.4355807687
                   012962.5726971725
                   0157928.854962723
                   0154482.956715889
                   0147653.822437476
                   0137626.894226007
                   0124944.337141162
                   0110166.063175481
                   094220.7054658954
                   077167.6226816865
                   059135.93400904
                   042072.5709527497
                   032304.8576344571
                   024970.0525497701
                   019739.6245098391
                   016245.1019575124
                   014187.4624316612
                   013219.576672869
                   0161362.346943903
                   0157839.877688807
                   0150858.902916477
                   0140610.294535139
                   0127647.312554432
                   0112543.344848924
                   096244.2598044171
                   078808.9554748303
                   060320.0493652956
                   042952.0409400932
                   032980.7848171693
                   025493.540117504
                   020152.4241022292
                   016584.9078861533
                   014483.8607570249
                   013495.6069769905
                   0165111.337169206
                   0161504.9362276
                   0154358.998030237
                   0143867.411764343
                   0130598.118673893
                   0115139.294878758
                   098454.1361968295
                   080601.2317792909
                   061612.1954254481
                   043912.9218016783
                   033719.0781233642
                   026065.542702788
                   020603.5660435624
                   016954.9798010841
                   014807.2207787514
                   013796.6574779135
                   0169182.971259197
                   0165485.875071101
                   0158160.046440972
                   0147406.485324885
                   0133805.084491306
                   0117959.083558048
                   0100853.96445828
                   082547.3035035414
                   063014.200172022
                   044956.3661670756
                   034520.0467235867
                   026685.6255189465
                   021092.7173564737
                   017357.56994795
                   015158.3717484426
                   014123.7563025657
                   0173624.034318104
                   0169828.053968714
                   0162306.030780741
                   0151266.441905383
                   0137302.410983716
                   0121032.971462846
                   0103471.074356431
                   084668.6223887628
                   064541.029751203
                   046093.4200579461
                   035393.4844390492
                   027361.9573742102
                   021626.3020117165
                   017796.1559415708
                   015540.8769051101
                   014479.8378115355
                   0178457.874940198
                   0174554.182041016
                   0166820.061974366
                   0155468.476901753
                   0141108.181373616
                   0124379.541144932
                   0106317.213989118
                   086975.6196383015
                   066198.1173971525
                   047330.4720252255
                   036342.1872422009
                   028096.5473645103
                   022205.3643647945
                   018271.7499767359
                   015956.3671632968
                   014866.7684407125
                   0183716.298077099
                   0179695.250974013
                   0171728.801133512
                   0160037.372318258
                   0145247.765085285
                   0128019.759866672
                   0109413.317923502
                   089483.4375338402
                   067997.8668788503
                   048674.6315401559
                   037373.2866011683
                   028895.0180573422
                   022835.9245755027
                   018789.5469961381
                   016407.9535522387
                   015287.2126277091
                   0189460.855193733
                   0185311.490735608
                   0177092.070898879
                   0165028.679440356
                   0149769.398047727
                   0131994.313805212
                   0112794.554016999
                   092220.4634432637
                   069956.0210666485
                   050139.1397946642
                   038497.061340848
                   029764.6957450088
                   023521.6152218685
                   019353.0928522208
                   016899.7414695459
                   015745.0429762321
                   0195743.494639171
                   0191454.07491163
                   0182957.835778355
                   0170486.677101395
                   0154714.821275234
                   0136340.965461773
                   0116492.027201913
                   095212.8403282288
                   072093.4396643112
                   051741.1717149546
                   039726.4914696785
                   030715.5236663227
                   024271.9112487584
                   019969.1663642211
                   017437.5257576579
                   016245.7564238221
                   0202635.770425501
                   0198193.237559849
                   0189390.959353347
                   0176473.755346031
                   0160138.657545391
                   0141107.744978828
                   0120546.561460429
                   098492.3408578555
                   074430.0432895267
                   053495.5870978133
                   041073.8250220041
                   031757.1393241062
                   025093.0465142941
                   020643.4477816435
                   018025.7588648522
                   016793.7323689939
                   0210188.313014065
                   0205575.750219378
                   0196439.055898795
                   0183035.468989316
                   0166081.393566459
                   0146329.041067958
                   0124986.350273346
                   0102082.133386468
                   076984.0607385685
                   055415.9020594989
                   042548.2314815552
                   032896.6025574791
                   025991.1424266939
                   021381.5433608886
                   018669.6275014848
                   017393.0097465298
                   0218476.272532818
                   0213678.805145945
                   0204168.48414987
                   0190227.744917882
                   0172595.563313419
                   0152053.386057901
                   0129850.752679665
                   0106013.382046514
                   079774.8633828903
                   057518.6961925062
                   044160.799328108
                   034143.7629941791
                   026974.6695971094
                   022188.2111391759
                   019373.5195848755
                   018048.5341508812
                   0227577.432874906
                   0222575.708649089
                   0212668.68022337
                   0198136.693136403
                   0179752.409563077
                   0158342.923122306
                   0135194.246314608
                   0110331.147039166
                   082828.1538058318
                   059823.0346697037
                   045928.0629513616
                   035510.8485544378
                   028052.3596002385
                   023073.3416362169
                   020145.5084366822
                   018766.825408344
                   0237625.378980343
                   0232398.33505769
                   0222045.433223017
                   0206862.227892945
                   0187654.305085866
                   0165283.331731226
                   0141094.505158447
                   0115090.94871343
                   086187.8920216352
                   062364.347945384
                   047877.7878478869
                   037016.5542203707
                   029239.9440994914
                   024048.5677404095
                   020995.9696105506
                   019558.3377480441
                   0248711.85478614
                   0243235.570230318
                   0232391.430450319
                   0216487.79400442
                   0196369.088038442
                   0172937.282792023
                   0147597.835215836
                   0120333.915953091
                   089880.9984424238
                   065160.8785661941
                   050024.7683530765
                   038675.7585685676
                   030547.4620670342
                   025121.268488708
                   021931.698895928
                   020429.3276213751
                   0260969.523824808
                   0255218.769576003
                   0243830.277636006
                   0227130.336233634
                   0206003.837577578
                   0181397.589015574
                   0154781.807866148
                   0126122.647215886
                   093948.4897802206
                   068248.5565769075
                   052392.9755733051
                   040505.652750673
                   031989.0962191663
                   026304.390109726
                   022963.4191900509
                   021389.8169674977
                   0274565.913797564
                   0268509.512604282
                   0256517.282506045
                   0238932.899796165
                   0216691.775162066
                   0190777.056054143
                   0162742.661525651
                   0132534.351445967
                   098439.1356382259
                   071667.0836391958
                   055014.8029042498
                   042531.1249127746
                   033584.5230859533
                   027612.7904160377
                   024104.6069170576
                   022451.8717019436
                   0289620.790631866
                   0283225.023372636
                   0270562.612593963
                   0251997.448324515
                   0228517.683632676
                   0201157.033367775
                   0171549.923814435
                   0139619.133983621
                   0103386.260003101
                   075439.4767166684
                   057908.1844727194
                   044765.6022909901
                   035344.3960654073
                   029056.4886469912
                   025363.8667160148
                   023623.191780109
                   0306366.088924697
                   0299592.722136637
                   0286183.826273095
                   0266526.695045197
                   0241666.576331234
                   0212695.48579428
                   0181335.968124224
                   0147485.486582416
                   0108863.759627756
                   079625.8182780314
                   061118.8246427671
                   047244.7807438779
                   037296.7018473858
                   030657.2283252753
                   026759.0645638914
                   024921.9646583413
                   0325051.659909309
                   0317855.09780747
                   0303614.177244529
                   0282737.106728552
                   0256334.788839736
                   0225561.768001316
                   0192246.309584131
                   0156245.323172974
                   0114948.999385883
                   084284.2240895011
                   064694.0526917513
                   050002.0720258474
                   039467.7691540001
                   032436.8245156011
                   028311.2937902253
                   026365.4763787048
                   0345894.075902728
                   0338226.916296767
                   0323053.9647742
                   0300815.334812863
                   0272689.863309955
                   0239913.908182819
                   0204400.873760423
                   0165994.660135977
                   0121702.650714073
                   089467.4040608014
                   068667.6014065987
                   053068.6408937717
                   041880.8134864608
                   034414.9191016558
                   030035.2443328823
                   027969.4713751375
                   0369241.616582154
                   0361045.398908763
                   0344826.454601517
                   0321060.277609228
                   0291002.112839358
                   0255972.446708975
                   0218000.035490209
                   0176888.887204316
                   0129231.684968498
                   095255.3499638045
                   073105.0548271535
                   056492.180449823
                   044574.2244710862
                   036622.2874867174
                   031959.6740113394
                   029759.2736728562
                   0395474.64387757
                   0386670.874338008
                   0369276.988233633
                   0343791.405428314
                   0311558.352903408
                   0273992.949286929
                   0233251.613331333
                   0189090.283305048
                   0137643.149503135
                   0101733.77481356
                   078070.3057019866
                   060321.6705789348
                   047586.6787428756
                   039090.5627833199
                   034110.3835948099
                   031760.1698083275
                   0424984.776237316
                   0415520.321238903
                   0396787.801536436
                   0369364.841979515
                   0334680.88976398
                   0294256.371438789
                   0250392.863548495
                   0202785.396177002
                   0147066.289299856
                   0109003.531895784
                   083642.5320993815
                   064618.0539357337
                   050964.8197939218
                   041857.5308223856
                   036521.7717025669
                   034002.4037701169
                   0458223.763975395
                   0448002.049043775
                   0427783.177206164
                   0398159.044707128
                   0360710.297302726
                   0317059.714768861
                   0269666.667114961
                   0218167.046824907
                   0157622.108291396
                   0117163.27331117
                   089893.7828553038
                   069437.3162935271
                   054754.3796534733
                   044960.0192835355
                   039224.7267447551
                   036516.3662747629
                   0495918.543656007
                   0484835.81642364
                   0462917.139232979
                   0430804.145314736
                   0390211.019333187
                   0342893.246546941
                   0291496.184818669
                   0235550.480730056
                   0169531.61492712
                   0126383.003582089
                   096958.3269951519
                   074881.2449035828
                   059031.7302985886
                   048461.6710849224
                   042275.4824484479
                   039352.8666156523
                   0538689.982536378
                   0526627.79453685
                   0502774.434039616
                   0467846.613612247
                   0423663.384113419
                   0372175.097048682
                   0316214.311157648
                   0255203.427698271
                   0182979.549039441
                   0136805.276964149
                   0104941.371840812
                   081031.5385725665
                   063863.1154955455
                   052415.3832137878
                   045718.9556780948
                   042554.3498647697
                   0587308.333696274
                   0574130.49588463
                   0548072.300172823
                   0509923.124218702
                   0461662.034459452
                   0405421.59011689
                   0344255.165607699
                   0277461.621516463
                   0198188.101997028
                   0148608.88965901
                   0113980.019549956
                   087993.804789388
                   069332.1314519683
                   056889.3086433841
                   049615.0038850489
                   046176.1623244745
                   0642717.146643338
                   0628262.628503365
                   0599685.949196246
                   0557856.609820298
                   0504951.502904261
                   0443265.924878763
                   0376147.975357173
                   0302724.701382073
                   0215439.705492803
                   0162006.17984621
                   0124240.315689377
                   095894.0817024161
                   075533.4310103553
                   061961.3698040852
                   054031.4679389051
                   050280.9786881793
                   0706147.386595728
                   0690228.581286412
                   0658758.870106833
                   0612704.561247809
                   0554458.545921118
                   0486533.075650863
                   0412575.708679791
                   0331526.732454221
                   0235099.671295261
                   0177288.747964191
                   0135937.832867576
                   0104898.67910202
                   082602.3665139237
                   067740.5672814386
                   059062.211468414
                   054956.4665908857
                   0778799.530413637
                   0761198.342952483
                   0726404.053868245
                   0675495.224292898
                   0611110.797023188
                   0536020.489359811
                   0454197.995955711
                   0364362.243302117
                   0257517.782360643
                   0194719.800362006
                   0149277.8842827
                   0115168.339335815
                   090659.7735137932
                   074326.2428266168
                   064793.8398990779
                   060283.124882923
                   0862602.017451449
                   0843052.655426109
                   0804410.655661931
                   0747883.845606686
                   0676393.774358136
                   0593025.207934207
                   0502078.790636449
                   0402047.150846688
                   0283291.446574178
                   0214733.074899648
                   0164596.758918596
                   0126956.451626211
                   099904.9669893236
                   081881.6567151425
                   071368.7240195543
                   066391.9982727344
                   0959241.343224704
                   0937436.5334532
                   0894339.431764639
                   0831310.110858426
                   0751600.078872918
                   0658640.00102476
                   0557134.530407843
                   0445270.302166682
                   0312799.287935587
                   0237710.433311124
                   0182174.917671168
                   0140483.016072638
                   0110514.065517492
                   090548.9035321514
                   078909.1129806782
                   073398.7187282037
                   01071027.40507441
                   01046599.3579376
                   0998295.23348444
                   0927716.672474499
                   0838463.617766607
                   0734365.59080965
                   0620597.055154669
                   0494966.132977754
                   0346785.945632886
                   0264135.952720989
                   0202400.741466154
                   0156042.111285328
                   0122713.482631085
                   0100513.624107395
                   087577.0543788151
                   081450.4834991091
                   01200847.11887939
                   01173360.41503965
                   01119041.09953396
                   01039621.13291202
                   0939236.066857457
                   0822149.260243914
                   0694058.027483888
                   0552329.640442021
                   0386067.314736724
                   0294665.547975242
                   0225760.811984853
                   0174014.940393192
                   0136802.267836124
                   0112020.389677223
                   097583.8873415566
                   090746.624245005
                   01351418.14513622
                   01320366.57627833
                   01259009.85200152
                   01169313.21071248
                   01055955.90241084
                   0923740.31632152
                   0778975.431667919
                   0618437.002025406
                   0431374.153866143
                   0329860.852263904
                   0252700.935446017
                   0194743.012152113
                   0153047.848400694
                   0125284.634862429
                   0109118.948318839
                   0101459.999834177
                   01527163.4478437
                   01491924.80403009
                   01422307.7253254
                   01320595.82985431
                   01191976.86830497
                   01042005.53958854
                   0877642.314322152
                   0695018.507209656
                   0484034.79850713
                   0370638.072642192
                   0283922.477939639
                   0218760.322519443
                   0171870.249980958
                   0140650.083164159
                   0122480.776360062
                   0113869.65918638
                   01732509.55606106
                   01692350.95075167
                   01613014.37717813
                   01497144.90458051
                   01350671.16265364
                   01179797.48699793
                   0992389.854408943
                   0783760.679507266
                   0545159.436535004
                   0417890.831224177
                   0320110.05638134
                   0246604.302272679
                   0193693.210513069
                   0158463.684877706
                   0137967.27615361
                   0128253.268305516
                   01972573.71906752
                   01926619.7141557
                   01835844.20342089
                   01703313.57835737
                   01535802.18651287
                   01340373.07680187
                   01125839.96218343
                   0886583.589988776
                   0615929.34167585
                   0472623.660593413
                   0362043.494139345
                   0278871.400746487
                   0218977.48416578
                   0179101.00347321
                   0155907.29410849
                   0144913.573061205
                   02253391.87803716
                   02200599.05646583
                   02096336.38088192
                   01944176.00867213
                   01751882.99022883
                   01527532.93258515
                   01281021.92231646
                   01005648.93609865
                   0697764.651936107
                   0535940.963221672
                   0410574.910569914
                   0316220.449891539
                   0248245.560283299
                   0202991.332833615
                   0176672.126872861
                   0164194.824673099
                   02582764.3620113
                   02521881.28459274
                   02401663.55612589
                   02226284.06630374
                   02004698.83506831
                   01746216.22189279
                   01461837.76951536
                   01143756.58413044
                   0792470.876875441
                   0609285.624144618
                   0466824.062990686
                   0359520.188888944
                   0282176.541360798
                   0230678.253732709
                   0200736.770001134
                   0186539.027838424
                   02968874.97410551
                   02898414.12522418
                   02759300.64890097
                   02556456.31545991
                   02300234.52665061
                   02001356.03793916
                   01672207.63027456
                   01303606.55922716
                   0901753.327369782
                   0694005.785520184
                   0531831.132253877
                   0409573.015134404
                   0321401.442202686
                   0262684.342679356
                   0228552.131139925
                   0212363.614241815
                   03421635.09770041
                   03339800.34815373
                   03178184.9623458
                   02942815.10343338
                   02645581.44746646
                   02298887.60779557
                   01916722.18579668
                   01488342.5036768
                   01027552.72788267
                   0791638.513375353
                   0606807.027892454
                   0467315.192609068
                   0366645.751701716
                   0299603.654307402
                   0260634.220477057
                   0242147.102895183
                   03949759.02417695
                   03854496.87609888
                   03666517.1627552
                   03392633.97195661
                   03047038.15462228
                   02643959.97901768
                   02199215.78518486
                   01700372.40681527
                   01171305.03467529
                   0903309.177110392
                   0692621.372179379
                   0533425.959662617
                   0418455.859863431
                   0341868.90839812
                   0297360.049614787
                   0276236.060159173
                   04565911.8084453
                   04454762.71344842
                   04235477.90045925
                   03916295.96307174
                   03513436.15697103
                   03043756.82699877
                   02525047.8403794
                   01943074.44773175
                   01334900.18925666
                   01030566.45660785
                   0790507.538619635
                   0608861.168934701
                   0477562.516415139
                   0390087.047594926
                   0339249.77590901
                   0315114.88595681
                   05277311.34219451
                   05147517.71999736
                   04891520.43410998
                   04519166.32089404
                   04049346.61194629
                   03501686.05017743
                   02896373.36786613
                   02217179.58226324
                   01518382.52977741
                   01173514.61539012
                   0900575.589418671
                   0693713.859031073
                   0544049.897988664
                   0444316.128597693
                   0386353.4043954
                   0358830.192424465
                   06088376.54043679
                   05936936.33255954
                   05638309.65976925
                   05204278.05923848
                   04656991.11405107
                   04018862.8806504
                   03313042.94676796
                   02521563.9165915
                   01720419.13076771
                   01331218.44768303
                   01022130.58939657
                   0787461.681502969
                   0617513.543338419
                   0504221.762925534
                   0438378.45597175
                   0407101.410360939
                   06064629.63805978
                   05911991.45710826
                   05611040.54351553
                   05174434.41481574
                   04623442.45224535
                   03981198.63906648
                   03270431.06150988
                   02474212.3880533
                   01681427.89336529
                   01302464.73254398
                   01000624.05795113
                   0771039.552340207
                   0604591.416209188
                   0493591.025297987
                   0429080.183087772
                   0398420.045292388
                   05872646.51297249
                   05723235.77452232
                   05428636.55787963
                   05001250.53229048
                   04462852.30959907
                   03835001.7605694
                   03139727.00676197
                   02362115.60956623
                   01599139.94808949
                   01239931.90629423
                   0953090.554959357
                   0734541.835246175
                   0575948.491371045
                   0470144.46846999
                   0408649.899989542
                   0379416.494956452
                   05668439.66303143
                   05522770.23954892
                   05235988.09422251
                   04819076.31509613
                   04294393.51072617
                   03683000.07537073
                   03005356.86478888
                   02249160.93652736
                   01517182.36897215
                   01177389.69654839
                   0905469.826865801
                   0697965.913549865
                   0547246.562739983
                   0446660.686632723
                   0388198.567027831
                   0360396.431354645
                   05452595.68660197
                   05311117.92744134
                   05032159.3335367
                   04627789.2372307
                   04118676.78515462
                   03525455.23082389
                   02868007.35507453
                   02135258.67494512
                   01435542.05095258
                   01114866.60377818
                   0857788.217702376
                   0661321.343602693
                   0518494.898302745
                   0423153.872594509
                   0367729.50149992
                   0341366.677872354
                   05225463.04426366
                   05088561.12510987
                   04819045.07975156
                   04427787.14324632
                   03935870.20323827
                   03362495.54624067
                   02726590.98615546
                   02020279.80686424
                   01354091.06534312
                   01052314.07714433
                   0810014.80675389
                   0624588.367885827
                   0489681.870856616
                   0399598.471261995
                   0347228.427205624
                   0322310.244713926
                   04986304.78977212
                   04858206.11628148
                   04595881.63469062
                   04218622.75473464
                   03744965.45862332
                   03195742.29129907
                   02581606.75527074
                   01903621.78972597
                   01272365.34071701
                   0989402.292893913
                   0761901.515085888
                   0587577.428179072
                   0460649.971732921
                   0375873.598768979
                   0326586.235593449
                   0303126.628013841
                   04735146.76145748
                   04609188.64699296
                   04359941.0923318
                   03999663.52363819
                   03546284.64786682
                   03018256.69753316
                   02432589.17111667
                   01785184.20180775
                   01190265.58441724
                   0926085.038158171
                   0713421.712976562
                   0550261.538676512
                   0431384.403180292
                   0351965.038713341
                   0305786.003277627
                   0283801.696657091
                   04472948.55026248
                   04352420.2421266
                   04115309.47718247
                   03772187.43570339
                   03340438.97632895
                   02837583.5784018
                   02279966.75772054
                   01665257.91617628
                   01107955.55237872
                   0862497.555350663
                   0664675.202660722
                   0512733.548594812
                   0401951.147702695
                   0327921.981967359
                   0284874.792738483
                   0264376.72468166
                   04198986.30055092
                   04084593.97610262
                   03860185.27652082
                   03535568.34079877
                   03126870.43139211
                   02650843.60967681
                   02123529.09543249
                   01543400.90603231
                   01025100.91270313
                   0798397.090164096
                   0615487.310164994
                   0474848.166396531
                   0372242.493203314
                   0303658.584482197
                   0263777.086784186
                   0244781.903990156
                   03915573.79183952
                   03807838.67225747
                   03596684.33796788
                   03291303.76102257
                   02907165.09101162
                   02459633.95411187
                   01963915.42391774
                   01420557.57300834
                   0942284.847893117
                   0734239.52399023
                   0566212.381612979
                   0436886.441510214
                   0342472.550214804
                   0279353.062740024
                   0242644.190030899
                   0225156.401401119
                   03624930.3258572
                   03523438.08844499
                   03326015.53330434
                   03041081.31806992
                   02682338.87055338
                   02264685.64195281
                   01802338.52441502
                   01297148.81688495
                   0859738.607766924
                   0670217.206833338
                   0517001.713372833
                   0398961.634444084
                   0312735.111904242
                   0255075.804914025
                   0221540.677861943
                   0205561.195752269
                   03325372.90693517
                   03231841.30956883
                   03049198.73855907
                   02785389.05284505
                   02453320.12025125
                   02066707.05173021
                   01639053.22038359
                   01173536.52807276
                   0777628.843403509
                   0606467.874256775
                   0467965.057761626
                   0361158.045046426
                   0283094.158532809
                   0230881.41965466
                   0200512.754839894
                   0186039.122256364
                   03023052.15232565
                   02936953.88476084
                   02769317.60680947
                   02527217.2038346
                   02222576.87750379
                   01867839.97873717
                   01475850.38634147
                   01051025.7096063
                   0696754.864338821
                   0543617.151729267
                   0419585.45348391
                   0323855.349951867
                   0253846.071920691
                   0207012.179094368
                   0179769.71575481
                   0166783.576461003
                   02722598.093608
                   02641318.51136043
                   02489143.43871176
                   02269008.69926164
                   01992017.7670628
                   01669778.02169316
                   01314117.48101885
                   0930659.007528466
                   0617677.65310727
                   0482113.189015674
                   0372217.926784483
                   0287322.192203117
                   0225204.343869894
                   0183640.461485919
                   0159462.926873871
                   0147934.645976161
                   02419629.58265295
                   02348520.25727412
                   02211236.02971433
                   02013694.69715541
                   01764528.88614986
                   01474736.69356502
                   01155616.44126494
                   0813670.538454956
                   0541143.779870045
                   0422538.936478662
                   0326310.998589012
                   0251911.469805512
                   0197443.860826056
                   0160992.418536064
                   0139786.605990728
                   0129672.741255507
                   02124410.26875451
                   02061625.45210222
                   01939836.47305867
                   01763729.58615889
                   01542345.11983039
                   01285100.48696007
                   01002220.74355447
                   0701565.307319087
                   0467935.376774553
                   0365516.630078369
                   0282349.800006951
                   0217996.133631966
                   0170856.341491257
                   0139303.312441593
                   0120945.785755823
                   0112189.244857605
                   01839755.80733223
                   01784796.20629039
                   01677519.08076433
                   01522969.16416767
                   01328612.283468
                   01102993.85532023
                   0855706.249004601
                   0595540.370856288
                   0398725.644971869
                   0311569.982071224
                   0240743.341513903
                   0185890.040713561
                   0145689.20428891
                   0118776.325745358
                   0103116.787842626
                   095645.525655926
                   01569322.48370313
                   01521402.82549354
                   01428529.54297253
                   01294468.63000424
                   01126175.8326395
                   0931068.633252375
                   0718640.252774095
                   0497096.43152035
                   0334351.230259509
                   0261365.148859899
                   0202002.829443895
                   0155992.705195824
                   0122255.188994431
                   099663.2045365755
                   086517.8779401548
                   080244.9911654246
                   01316013.10641951
                   01275280.74602887
                   01195715.5642564
                   01081224.3355867
                   0937457.896367974
                   0771314.136176689
                   0590878.750413589
                   0407274.652994234
                   0275372.166450202
                   0215337.99189948
                   0166474.659408974
                   0128569.907190694
                   0100760.651520839
                   082136.1781772744
                   071297.1889556828
                   066124.001905306
                   01083219.78803871
                   01048677.23526287
                   0981780.588376361
                   0885408.828489681
                   0764665.029862209
                   0625555.13041096
                   0475691.721743659
                   0326890.839166259
                   0222263.524654014
                   0173871.630934166
                   0134453.18535209
                   0103849.725396467
                   081386.0694719308
                   066337.657595029
                   057579.7181160977
                   053398.4793828626
                   0872752.13611083
                   0844323.99985904
                   0788778.486479041
                   0709044.062541834
                   0609413.797845047
                   0495171.298712498
                   0373518.723063248
                   0256425.730091228
                   0175327.666201075
                   0137204.520120775
                   0106127.957725925
                   081980.0561197752
                   064245.570022008
                   052362.4211218235
                   045445.9670678848
                   042143.3804985411
                   0686490.905814078
                   0663159.995345841
                   0618052.739100569
                   0553364.148225892
                   0472739.323132468
                   0381399.698584879
                   0285007.266211749
                   0195960.89737595
                   0134687.731005232
                   0105440.011071383
                   081579.637354576
                   063023.7092448321
                   049388.2406738935
                   040250.2009717745
                   034930.9309987445
                   032390.2955219675
                   0524868.175442715
                   0506405.244513021
                   0470408.694876593
                   0418963.180062526
                   0355362.873575273
                   0283766.003748515
                   0210393.180355431
                   0145282.670700063
                   0100321.947060845
                   078565.6330417215
                   060802.8798766425
                   046977.492455224
                   036812.6718417224
                   029998.9285307533
                   026032.1546542887
                   024136.9771131733
                   0388426.839724533
                   0373893.975618794
                   0345904.185509282
                   0306430.196410892
                   0257246.059541322
                   0203147.654573353
                   0149490.125186793
                   0103945.831535803
                   072065.9824325079
                   056457.8421816438
                   043705.6454898772
                   033770.6021225106
                   026462.6863447313
                   021562.4495428922
                   018709.3841837647
                   017345.9877851482
                   0275203.391866485
                   0264320.059656569
                   0243208.537329659
                   0213472.840773353
                   0177443.887962228
                   0138283.015198206
                   0101134.58679268
                   070951.3928980834
                   049363.3781892592
                   038686.3393870677
                   029956.1510068697
                   023148.6551403968
                   018138.2688542912
                   014778.0787465661
                   012821.3411439395
                   011885.8632580064
                   0183805.707640601
                   0175846.448940299
                   0160667.480810133
                   0139489.354183422
                   0114311.820107792
                   087898.3888640132
                   064060.4170399013
                   045395.6873598369
                   031683.0731643022
                   024839.4037784814
                   019239.0657870987
                   014868.0904181138
                   011649.4064390516
                   09490.06529236298
                   08232.39293145993
                   07631.00858515653

                   07631.40412086094
