             93260.3                 340
                 160
    5339499999.99999    5006048181.56798    4694834386.17908     4404375551.9889    4133287523.08679    3880278453.42319    3644142650.63143    3423754830.40722    3218064754.06581     3026092223.7223    2846922411.24519    2679701498.72381    2523632609.67446    2377972011.59593    2242025571.77804    2115145449.47348    1996727008.66999    1886205936.75086    1783055555.31303    1686784310.32767    1596933429.68293    1513074736.94594    1434808610.92584    1361762081.31434    1293587051.32867    1229958638.88707    1170573628.41199    1115149025.88302    1063420710.25388    1015142174.80693    970083352.447181    928029519.337887    888780271.653059     852148570.57075    817959850.956071    786051189.486468     756270528.25502    728475950.151918    702535002.571022    678324066.218666    655727766.016837    634638421.293436    614955532.639546    596585302.988383    579440190.633658    563438492.057314    548503952.578627    534565402.969263    521556420.302608    509415011.421182    498083317.513724    487507338.394137    477636675.168376    468424290.062966    459826282.270656    451801678.744993    444312238.946896    437322272.612741    430798469.675567    424709741.528891    419027072.876705    413723383.463642    408773399.026417    404153530.851552    399841763.365451    395817549.221131    392061711.381647    388556351.733625    385284765.795381     382231363.11319    379381592.966356    376721875.027037    374239534.644394    371922742.444663    369760457.959318    367742377.012693    365858882.618348    364100999.150164     362460349.56979    360929115.506614           359500000    359348101.265823    359196202.531646    359044303.797468    358892405.063291    358740506.329114    358588607.594937    358436708.860759    358284810.126582    358132911.392405    357981012.658228    357829113.924051    357677215.189873    357525316.455696    357373417.721519    357221518.987342    357069620.253165    356917721.518987     356765822.78481    356613924.050633    356462025.316456    356310126.582278    356158227.848101    356006329.113924    355854430.379747     355702531.64557    355550632.911392    355398734.177215    355246835.443038    355094936.708861    354943037.974684    354791139.240506    354639240.506329    354487341.772152    354335443.037975    354183544.303797     354031645.56962    353879746.835443    353727848.101266    353575949.367089    353424050.632911    353272151.898734    353120253.164557     352968354.43038    352816455.696203    352664556.962025    352512658.227848    352360759.493671    352208860.759494    352056962.025316    351905063.291139    351753164.556962    351601265.822785    351449367.088608     351297468.35443    351145569.620253    350993670.886076    350841772.151899    350689873.417722    350537974.683544    350386075.949367     350234177.21519    350082278.481013    349930379.746835    349778481.012658    349626582.278481    349474683.544304    349322784.810127    349170886.075949    349018987.341772    348867088.607595    348715189.873418    348563291.139241    348411392.405063    348259493.670886    348107594.936709    347955696.202532    347803797.468354    347651898.734177           347500000
                  17
                   0   0.196349540849363   0.392699081698725   0.589048622548088    0.78539816339745   0.981747704246813    1.17809724509618    1.37444678594554     1.5707963267949    1.76714586764426    1.96349540849363    2.15984494934299    2.35619449019235    2.55254403104171    2.74889357189108    2.94524311274044     3.1415926535898
                   2
                   0     6.2831853071796
                   030.1333454036739
                   030.1142088527075
                   030.0769060186608
                   030.0212819587911
                   029.9451701658145
                   029.8444075251643
                   029.7145314032031
                   029.5420472670986
                   029.3191063144239
                   029.0172507385464
                   028.5901067892889
                   027.9346141891777
                   026.829710829984
                   024.6555104026331
                   019.1053251686962
                   02.86827803725926
                   035.3007371432832
                   035.2770216625837
                   035.230541397778
                   035.1599460145182
                   035.0626721740879
                   034.9333690285489
                   034.7653900403784
                   034.543956204046
                   034.2587932780729
                   033.8712598084868
                   033.323439656221
                   032.4846653276195
                   031.0729696149278
                   028.302860631089
                   021.3399548922137
                   03.05159704974173
                   041.3426731776267
                   041.3131377397685
                   041.2546852935257
                   041.1651831841348
                   041.040724360864
                   040.8745950079332
                   040.6576697643234
                   040.3732595995851
                   040.0077936662981
                   039.5104262812648
                   038.8082894365248
                   037.7344282445864
                   035.9309440996523
                   032.4135424311067
                   023.7211368530789
                   03.30571264462965
                   048.4207341153887
                   048.383760012628
                   048.3096969734679
                   048.19573681924
                   048.0365630706542
                   047.8226780453106
                   047.5433134534527
                   047.1781536174154
                   046.710016868078
                   046.0724351276851
                   045.1732791939983
                   043.7991918045649
                   041.4954002865737
                   037.0406335673796
                   026.231336655036
                   03.64572448729977
                   056.7247835706913
                   056.6782774538421
                   056.5842249302237
                   056.4384482155287
                   056.2342202807047
                   055.9582426935909
                   055.600201085174
                   055.1325916505648
                   054.5319992862243
                   053.7145335255301
                   052.5640463640641
                   050.8061447820084
                   047.8714187208651
                   042.2390403973652
                   028.855307533732
                   04.09173842254638
                   066.4696997915596
                   066.4106536171008
                   066.2906410506521
                   066.1039525521039
                   065.8418111195663
                   065.4852850325968
                   065.0271684639114
                   064.4287403892467
                   063.6579386589467
                   062.6108331500261
                   061.1391966172808
                   058.8917115618395
                   055.1625830015397
                   048.0571386117019
                   031.5662936674874
                   04.6658048684916
                   077.9167651927387
                   077.8416756995055
                   077.6874963595649
                   077.4480147563768
                   077.1115120796967
                   076.6511092812706
                   076.065533279379
                   075.3007062317451
                   074.3126326803047
                   072.9728751993807
                   071.0919897571654
                   068.2229235343037
                   063.4899344985429
                   054.5446994102373
                   034.3428186248719
                   04.18214687998285
                   091.3614097710306
                   091.2651035203204
                   091.068956964352
                   090.7614916621128
                   090.3285848693361
                   089.735799696554
                   088.9881086061128
                   088.0110560395438
                   086.7461266645254
                   085.0331087887161
                   082.6302881198224
                   078.9750876549414
                   072.9785181765444
                   061.7410834676976
                   037.1579654619603
                   05.23493937954683
                   0107.168138011168
                   0107.044847908583
                   0106.793542223899
                   0106.39990343767
                   0105.844798975562
                   0105.082060622864
                   0104.127977705673
                   0102.881394058479
                   0101.263867131074
                   099.0759501310585
                   096.0058807848953
                   091.3595369416224
                   083.777366207289
                   069.6951356541586
                   040.0092978262834
                   06.5518339641372
                   0125.745034508658
                   0125.587375513059
                   0125.2650908913
                   0124.761017386952
                   0124.048355658073
                   0123.069750037545
                   0121.853978656267
                   0120.264511212696
                   0118.199703493216
                   0115.409586642165
                   0111.493349301126
                   0105.596542889694
                   096.0260821688493
                   078.4408882872093
                   042.8953042966297
                   08.18459295379976
                   0147.600404898091
                   0147.398907234907
                   0146.986201402892
                   0146.340967867728
                   0145.426903431964
                   0144.176460043847
                   0142.627335442791
                   0140.600669881635
                   0137.967401737503
                   0134.412303109051
                   0129.423790239441
                   0121.948806427175
                   0109.890453529648
                   088.0131101584533
                   045.8529907705257
                   010.2224001645418
                   0173.307620767842
                   0173.049709168206
                   0172.521246625241
                   0171.695489282764
                   0170.522383902985
                   0168.927708648578
                   0166.961199830175
                   0164.378863465221
                   0161.023425769073
                   0156.50119102313
                   0150.155054435618
                   0140.694091441521
                   0125.534596785426
                   098.4318354602177
                   048.9392090898889
                   012.7461467193881
                   0203.535256751321
                   0203.205402950134
                   0202.530562579186
                   0201.473190728955
                   0199.971919412064
                   0197.93997689612
                   0195.442730694132
                   0192.156323181295
                   0187.885540541798
                   0182.134009244999
                   0174.078791819058
                   0162.128547004102
                   0143.117597971638
                   0109.696635898624
                   052.2553821062751
                   015.8574729731598
                   0239.130938546214
                   0238.707288004563
                   0237.846120199444
                   0236.48008104572
                   0234.555578210619
                   0231.959409166642
                   0228.781358374323
                   0224.591229853831
                   0219.14950980971
                   0211.829258450969
                   0201.621554307399
                   0186.530396674375
                   0162.758287509287
                   0121.757613695765
                   055.8985549607552
                   019.6423730918057
                   0280.925437603309
                   0280.389156731579
                   0279.276653343889
                   0277.549405638766
                   0275.082965035061
                   0271.794773397171
                   0267.760469186139
                   0262.438446821621
                   0255.53272774067
                   0246.240200254782
                   0233.309661340064
                   0214.354009018974
                   0184.712230130568
                   0134.747114168207
                   060.2100447589718
                   024.3708262274614
                   0330.106961218496
                   0329.415637281022
                   0328.021129360607
                   0325.797534960002
                   0322.671467633164
                   0318.48096633859
                   0313.371371414228
                   0306.624459556525
                   0297.857999860883
                   0286.091461274125
                   0269.775177361447
                   0245.971970042886
                   0209.118158305087
                   0148.636973045012
                   065.4288505085107
                   030.1796273746953
                   0388.726301100005
                   0387.854655589123
                   0386.052081791726
                   0383.219607328817
                   0379.204934850401
                   0373.876591423454
                   0367.35968971935
                   0358.764107929746
                   0347.602729361796
                   0332.621644974082
                   0312.039963575617
                   0282.202852213468
                   0236.553539263922
                   0163.850797896717
                   072.1928683755771
                   037.5959072767814
                   0457.396813334766
                   0456.286613888658
                   0454.0118034726
                   0450.396884914199
                   0445.265867918662
                   0438.48060159405
                   0430.225725144563
                   0419.29051541083
                   0405.136165092348
                   0386.138668442057
                   0360.268151086392
                   0322.952808111928
                   0266.652523516851
                   0179.989778055028
                   080.4386752145391
                   046.4668164888151
                   0538.085780346475
                   0536.646364661938
                   0533.746031498311
                   0529.145185243557
                   0522.629037727863
                   0514.043525318
                   0503.506473098652
                   0489.650948575192
                   0471.726687671999
                   0447.724878794822
                   0415.223795019569
                   0368.71710772227
                   0299.625064883797
                   0197.269765635334
                   090.558980508602
                   057.0763167754512
                   0632.897680522131
                   0631.087265115297
                   0627.353974730993
                   0621.493353787818
                   0613.254982238691
                   0602.353969703591
                   0589.007798233564
                   0571.432510281163
                   0548.765791222853
                   0518.504351473544
                   0477.821334266115
                   0420.045597341472
                   0335.734087450051
                   0216.008324753943
                   0103.005826534634
                   069.8280213428559
                   0744.034336700596
                   0741.738358230121
                   0736.990097744346
                   0729.560321221291
                   0719.131697614813
                   0705.367312397797
                   0688.44153617392
                   0666.20148831807
                   0637.607531620604
                   0599.492571626652
                   0548.707307747802
                   0477.234554406905
                   0375.006837788544
                   0236.389023128127
                   0118.059948950517
                   084.9480776385315
                   0874.296144237137
                   0871.381530811495
                   0865.386560162247
                   0855.93267614955
                   0842.700721714222
                   0825.329228846223
                   0803.942944242068
                   0775.861263086844
                   0739.840521270718
                   0692.020704634686
                   0628.842313328201
                   0540.774388434027
                   0417.60715758844
                   0258.873493255601
                   0136.121421357663
                   0102.828811928227
                   01027.9328325503
                   01024.19537413622
                   01016.59292763313
                   01004.5208448672
                   0987.814360363509
                   0965.835452339913
                   0938.773494460985
                   0903.331257753865
                   0857.917257967552
                   0798.014294534763
                   0719.637002940583
                   0611.542117698412
                   0464.251578728961
                   0284.516986332117
                   0157.93684889526
                   0124.271184626775
                   01209.32704070337
                   01204.56258307596
                   01194.86197044142
                   01179.54896033507
                   01158.35981905147
                   01130.51617183148
                   01096.2642348678
                   01051.53049221607
                   0994.291046662731
                   0919.35203486911
                   0822.428786686473
                   0690.353252476953
                   0515.424782487246
                   0314.298482337769
                   0184.184639092013
                   0149.972234732375
                   01419.74697036588
                   01413.68315695864
                   01401.34824446715
                   01382.02895683634
                   01355.25619484518
                   01320.23250418491
                   01277.10313255703
                   01220.84459691935
                   01149.07015447439
                   01055.84246975794
                   0936.49934206654
                   0776.22857217459
                   0570.246162419174
                   0347.8792644997
                   0214.30197573273
                   0179.416080255176
                   01663.97921376582
                   01656.37271692546
                   01640.81062111835
                   01616.45312352155
                   01582.84384240696
                   01538.83028803188
                   01484.75844513734
                   01414.32058670997
                   01324.78365369722
                   01209.3281911894
                   01063.07576303866
                   0869.764197223609
                   0629.526553391485
                   0386.178323427112
                   0226.581453095071
                   0213.070767700355
                   01946.74555151302
                   01937.19990082552
                   01917.61224591218
                   01887.07836275741
                   01845.08525745227
                   01790.13959971257
                   01722.59376052617
                   01634.57865154488
                   01523.25882690479
                   01380.82001387583
                   01202.4686429961
                   0971.059731885093
                   0693.543146487771
                   0429.970301761286
                   0267.340700125768
                   0251.178827258401
                   02281.9084020215
                   02269.91422752923
                   02245.20904178233
                   02206.83781268085
                   02154.01904207804
                   02084.8203053167
                   02000.21159585658
                   01890.15603462082
                   01751.78147323494
                   01576.37995693096
                   01359.52061618066
                   01083.55244651138
                   0765.67252419703
                   0482.532888734804
                   0315.697377027707
                   0296.64274242098
                   02665.34209464601
                   02650.23242436156
                   02619.35440681314
                   02571.48225522576
                   02505.5211922136
                   02419.37304712334
                   02314.20394006175
                   02177.71496841104
                   02006.58822667263
                   01791.9694246315
                   01530.52329382515
                   01204.54089677159
                   0843.732320692753
                   0541.888491812314
                   0369.858759376995
                   0347.119840436418
                   03103.842886563
                   03085.02404158323
                   03046.67666451913
                   02987.24266237073
                   02905.58648054776
                   02798.66561545823
                   02668.69217385697
                   02500.11116675869
                   02290.16487779793
                   02029.24526108346
                   01716.15956666027
                   01334.26250543962
                   0928.62802130127
                   0608.690151923375
                   0430.339838684752
                   0403.596680356106
                   03617.82792269676
                   03594.31080979768
                   03546.53593966229
                   03472.48402189891
                   03371.16406900667
                   03238.4400361484
                   03077.44411067049
                   02869.70207001554
                   02612.50386876597
                   02296.49891149568
                   01923.19315288937
                   01478.70710699011
                   01026.41556286105
                   0687.486403475912
                   0501.019615948896
                   0469.889007996564
                   04199.23120810575
                   04170.19277753513
                   04111.20241104562
                   04019.91173065819
                   03895.05254062784
                   03731.39965676312
                   03533.68719690911
                   03279.49727114089
                   02966.84953766322
                   02586.94733377984
                   02145.44902160973
                   01632.97715722282
                   01132.98837544416
                   0774.621701659721
                   0578.568796916012
                   0542.623504147341
                   04868.01311211289
                   04832.18250281954
                   04759.45627640609
                   04647.03826539768
                   04493.31194594286
                   04292.52213203582
                   04050.14437281077
                   03740.39952772653
                   03362.19783773572
                   02907.96245081163
                   02389.10369406298
                   01802.84532237245
                   01253.80660068917
                   0873.821430428395
                   0666.72930662084
                   0624.947192674432
                   05625.66068066307
                   05581.73684567296
                   05492.75954657172
                   05354.89016941081
                   05166.78259317475
                   04921.44651547189
                   04626.56177465727
                   04251.17462653297
                   03796.31449221372
                   03256.66516278088
                   02652.13270002743
                   01986.81952586387
                   01388.00102626226
                   0983.542511716195
                   0763.852210915805
                   0715.147258764569
                   06486.93560139463
                   06433.23937762806
                   06324.58613697069
                   06156.17667831642
                   05926.92153170152
                   05628.42157994776
                   05270.87085612512
                   04818.62165127341
                   04274.55709143367
                   03637.79285683174
                   02937.78745511485
                   02188.61202782928
                   01538.49133869548
                   01105.48515542162
                   0871.920668226108
                   0814.87368485075
                   07452.59529866488
                   07387.62869787036
                   07255.41627133786
                   07051.30452705022
                   06773.24789017809
                   06412.4677752264
                   05981.73139160862
                   05440.69935582275
                   04794.84449154595
                   04048.81031672779
                   03244.00076259103
                   02406.99642033602
                   01703.72768377658
                   01238.79036657869
                   0989.602305865235
                   0924.551949864542
                   08547.5226359635
                   08468.65705208007
                   08308.28496586127
                   08061.22774286777
                   07725.51035483745
                   07291.03069809062
                   06774.56174505836
                   06129.84112445154
                   05367.48491374075
                   04498.75677345183
                   03579.79398271921
                   02649.4785948147
                   01889.82134151796
                   01282.95849581374
                   01121.11258803824
                   01048.11803743288
                   09768.55923674842
                   09673.60414909142
                   09481.10495425633
                   09183.39320389303
                   08780.41866956775
                   08260.45037045853
                   07645.20451492985
                   06881.85629531042
                   05987.54812791116
                   04983.93631494364
                   03942.30158573048
                   02913.93652956441
                   02094.14080426464
                   01446.36149538074
                   01263.90608237229
                   01183.33337683159
                   011129.0734042156
                   011015.3642641569
                   010784.8825912252
                   010428.6486292779
                   09947.30424227364
                   09328.51792468517
                   08599.47720029448
                   07701.65386533217
                   06659.53505444848
                   05507.99130089416
                   04335.51090121719
                   03203.27764090639
                   02319.58357514896
                   01627.34704305429
                   01422.01651953044
                   01328.56694525649
                   012636.9902197813
                   012501.535720257
                   012227.2472778311
                   011804.0274783823
                   011231.4836596387
                   010499.4173353445
                   09640.2719093343
                   08590.34730791605
                   07384.47998446709
                   06071.02194439444
                   04759.75368878774
                   03517.9749556718
                   02565.29274563964
                   01823.4721610392
                   01592.69642879225
                   01486.15925580428
                   014296.4849462552
                   014135.9861442739
                   013810.9286745841
                   013310.4062406917
                   012634.8214095893
                   011773.8519040602
                   010768.0357693633
                   09549.71182051594
                   08162.74164687693
                   06674.25422576668
                   05216.99903929327
                   03861.14557224389
                   02832.79092641557
                   02037.47592515655
                   01779.44891689012
                   01658.91704336941
                   016120.9934302379
                   015932.0401942717
                   015549.8768934808
                   014960.9024419968
                   014167.6444784433
                   013160.9141892421
                   011989.6663524528
                   010583.6335695385
                   08998.95097475528
                   07321.17476019713
                   05709.15151361106
                   04234.14682494275
                   03121.01743194252
                   02268.94707537013
                   01982.13385741547
                   01846.92753104033
                   018118.2076278779
                   017897.2148282292
                   017449.0392933793
                   016759.8908784152
                   015834.9686226749
                   014663.8186083529
                   013307.8658136507
                   011694.449741023
                   09895.62449877556
                   08014.93458415958
                   06239.2514143821
                   04639.28491177791
                   03430.22265981938
                   02520.07664758263
                   02200.35376513193
                   02050.0696628219
                   020281.8361802153
                   020024.2252555499
                   019502.3698602603
                   018701.1386559633
                   017628.7663602263
                   016275.0932423101
                   014715.1460367236
                   012875.4176755263
                   010846.3811284134
                   08751.15238951013
                   06803.67197956335
                   05071.46747825585
                   03756.31334365591
                   02787.21680237312
                   02432.30688165022
                   02265.91372186551
                   022622.0784208083
                   022323.847556227
                   021719.2776186465
                   020792.8272851921
                   019556.0041059949
                   018001.8798749273
                   016217.8991039387
                   014131.6144618938
                   011854.9755611546
                   09533.73344212801
                   07404.84857483243
                   05532.2037493904
                   04100.38336429107
                   03071.64936529169
                   02678.95279064617
                   02495.44652431493
                   025137.3498873333
                   024793.6965104237
                   024098.0948302889
                   023033.0717644695
                   021615.0954746763
                   019839.5786511204
                   017813.2580832431
                   015461.354118582
                   012919.6653383168
                   010361.8405934732
                   08043.48821813342
                   06016.31599731232
                   04263.10515377469
                   03370.17356571375
                   02939.63375006445
                   02738.63732634864
                   027820.6867858647
                   027427.2574901695
                   026631.2586019378
                   025414.1563706746
                   023798.0440204526
                   021784.9568955367
                   019492.9483411831
                   016858.8818730868
                   014034.5985790345
                   011231.7354024045
                   08712.17327201902
                   06518.4692936399
                   04504.25533095955
                   03676.46784065023
                   03210.89351971593
                   02992.25961029879
                   030746.50054441
                   030295.5626426114
                   029385.5742637826
                   027993.4491934822
                   026148.1980831381
                   023857.9115255175
                   021281.4333058754
                   018327.2648135135
                   015195.7618113524
                   012120.0387855861
                   09385.01591610411
                   07006.53003388734
                   04852.41419825006
                   03956.51048755617
                   03452.67333224705
                   03216.56679335897
                   033705.0136071588
                   033197.1221586058
                   032159.3789094839
                   030592.2017895467
                   028521.717867115
                   025959.5544091074
                   023070.4287263174
                   019802.1118821035
                   016368.2979253818
                   013032.1198085183
                   010073.9467849686
                   07518.31329058316
                   05238.98104458246
                   04273.94681447187
                   03723.29933137104
                   03471.46615412125
                   036825.4473911601
                   036256.0225947925
                   035100.5553337646
                   033347.2414009625
                   031023.6447373525
                   028169.3795510401
                   024957.6746189864
                   021355.3258522588
                   017607.1859315829
                   013988.7315258024
                   010801.9407944259
                   08057.97330024215
                   05644.62589691675
                   04608.21511850225
                   04012.07236499371
                   03743.95253252257
                   040103.4499194225
                   039456.5102168197
                   038174.5019425025
                   036200.0348671052
                   033624.5253025133
                   030462.0409896821
                   026910.7780550184
                   022962.37794581
                   018888.5931098046
                   014981.5688775457
                   011558.3984012975
                   08623.78590414563
                   06075.35120762305
                   04954.85089749162
                   04311.59226690777
                   04022.31446323699
                   043500.5974215188
                   042789.3506917189
                   041350.760951209
                   039164.5548069251
                   036310.9133184688
                   032829.9984945941
                   028929.9277822432
                   024627.357456932
                   020212.1049190419
                   016009.3205065214
                   012343.9216042588
                   09202.97943977348
                   06519.30377033725
                   05318.21859139063
                   04619.18411815799
                   04311.36023251871
                   047014.5495002648
                   046224.6309383397
                   044630.0445365374
                   042220.5532512109
                   039072.8143252058
                   035248.1046120159
                   030971.0868283872
                   026326.6989068834
                   021568.4172014876
                   017071.3710673037
                   013148.0467894394
                   09789.16232500521
                   06972.35391054908
                   05686.43038925493
                   04934.90480284468
                   04603.99759298851
                   050632.4888038079
                   049765.045507375
                   048008.1654588131
                   045378.7361622598
                   041938.2874892358
                   037768.6312608727
                   033114.9944854885
                   028040.5373867463
                   022945.3638093301
                   018107.7234076367
                   013941.8510981972
                   010346.9955061678
                   07421.64593774518
                   06055.36024252459
                   05253.98098047036
                   04898.39157265336
                   054329.9229472835
                   053390.5789212791
                   051463.7498845886
                   048582.5680885089
                   044831.3478425106
                   040302.7942914982
                   035269.6656989189
                   029820.7716594081
                   024311.9669836519
                   019178.297740512
                   014754.7142856435
                   010375.1637705332
                   07876.72910225784
                   06423.56769186584
                   05571.07708089109
                   05193.40713662273
                   058108.9074832346
                   057077.794795759
                   054983.8083801425
                   051849.9718200829
                   047781.168802135
                   042889.1845841717
                   037500.2719196202
                   031612.526690275
                   025695.3155188826
                   020225.1599883898
                   015546.012243732
                   010692.3754197221
                   08317.23200346982
                   06795.18439399435
                   05892.46800540532
                   05489.18642780093
                   061930.4940306396
                   060802.5929411596
                   058535.3285373166
                   055145.045244499
                   050765.5251297441
                   045527.5859132547
                   039709.586994946
                   033409.5812759508
                   027106.2710173813
                   021312.5119276495
                   016321.0866946413
                   011252.3886872385
                   08757.1739939281
                   07167.47156800165
                   06215.23956926175
                   05784.71991222837
                   065762.5231320273
                   064544.9763886812
                   062102.735448838
                   058475.6701926134
                   053779.0088837986
                   048130.840590453
                   041914.7798419246
                   035204.0308243386
                   028510.8673752287
                   022391.0983726664
                   017107.0975526827
                   011806.4611505718
                   09189.22913237637
                   07533.14711167278
                   06534.78968436618
                   06079.34826794355
                   069619.152038693
                   068309.2860224014
                   065710.4281537101
                   061821.0080743757
                   056769.8316999043
                   050741.3949783669
                   044120.3375270681
                   036995.7671146051
                   029912.5705508912
                   023465.4196501838
                   017884.3157336063
                   012371.8475022556
                   09625.62897457179
                   07886.32066019789
                   06851.23920830291
                   06370.8394156925
                   073478.4493416878
                   072070.0532299991
                   069303.5566170109
                   065131.3683992799
                   059745.6502787429
                   053332.5918118146
                   046309.232448325
                   038771.6268619558
                   031296.5229713193
                   024520.4521752356
                   018646.6825234607
                   012927.0688570374
                   010061.5772250197
                   08233.54794172499
                   07159.20897113979
                   06654.65312854329
                   077320.7503425101
                   075848.8841070655
                   072870.2201390006
                   068431.6894915372
                   062710.3925652343
                   055913.8859822227
                   048485.5503837802
                   040534.4982294014
                   032664.9863778274
                   025556.6149446033
                   019391.4894517165
                   013472.6305166012
                   010491.1360417914
                   08580.76749727855
                   07456.67053975518
                   06936.04990343408
                   081129.9363781634
                   079566.0882567189
                   076404.4960765719
                   071698.0597257501
                   065641.9620209132
                   058463.2148995354
                   050634.6576055418
                   042272.4265995965
                   034009.5641334479
                   026562.0806352917
                   020116.3390664736
                   014006.8566934739
                   010911.2021057381
                   08919.33064336792
                   07752.83908971096
                   07210.29769401295
                   084875.4610517598
                   083205.6548594678
                   079869.7885781844
                   074899.4829302198
                   068515.6055788126
                   060958.165268226
                   052733.3058822439
                   043963.9513350476
                   035317.0480178423
                   027528.6554082817
                   020787.4662272047
                   014519.8755682221
                   011316.8038985293
                   09246.89256366694
                   08040.51302500336
                   07473.42621323815
                   088598.7721980214
                   086801.2305583596
                   083289.6790466705
                   078059.7605299272
                   071348.9740611219
                   063419.9330560296
                   054804.0662253345
                   045632.4868037131
                   036596.7865218995
                   028466.6169878243
                   021039.782478206
                   015025.9584209498
                   011715.2309568795
                   09569.53189700711
                   08322.82162244472
                   07728.16391955851
                   092218.3577703679
                   090335.1286193234
                   086611.7408935153
                   081108.9586748735
                   074076.5087217228
                   065789.1594231764
                   056802.9561959882
                   047253.7660086455
                   037796.4698474604
                   029354.9263271433
                   020583.4162395167
                   015507.6026818502
                   012103.3903871861
                   09880.94088818292
                   08588.11459187117
                   07975.9656975707
                   095766.9903281427
                   093833.2875443436
                   089954.0685032664
                   084201.7904058809
                   076848.5051089897
                   068181.9934450078
                   058802.2456033784
                   048839.5796025843
                   038924.8888488067
                   030165.5858425209
                   020991.978479933
                   015914.0930213133
                   012442.8262476374
                   010157.4029162018
                   08833.3603352202
                   08212.28183923299
                   099248.7878594244
                   097214.0999898027
                   093160.0260700469
                   087155.0167741809
                   079488.0589687703
                   070468.4570808787
                   060716.6259910441
                   050367.7477163386
                   040042.2132992415
                   030961.0202994102
                   021527.3481301457
                   016331.7927080065
                   012786.9204575567
                   010436.5932761907
                   09075.73708142799
                   08434.60614172658
                   0102609.415047099
                   0100489.153794124
                   096265.1533933302
                   090015.7961941443
                   082046.3536132426
                   072679.4418209227
                   062567.002128143
                   051838.3812333301
                   041083.0218786056
                   031720.6204910436
                   022046.5487789142
                   016730.4431545134
                   013113.2453318412
                   010702.5550876179
                   09306.19546399177
                   08649.57036412505
                   0105862.867606507
                   0103658.123398419
                   099270.768586737
                   092784.0105391402
                   084519.8814735711
                   074819.2564208208
                   064355.0163049899
                   053251.5308217404
                   042112.6010385363
                   032453.9033727807
                   022556.9800225858
                   017120.5408333698
                   013429.6252086664
                   010961.3509790648
                   09530.51682250609
                   08858.21620863201
                   0109007.733238041
                   0106721.849990381
                   0102175.321262735
                   095458.6017764973
                   086908.3813653309
                   076881.5016753856
                   066074.2150780846
                   054610.5631358175
                   043092.3785500906
                   033152.1581344651
                   023048.5734133834
                   017495.9611836146
                   013730.3327677193
                   011208.090306117
                   09744.35270039403
                   09056.99880052204
                   0112024.294365217
                   0109659.996268452
                   0104959.864139433
                   098020.7056892809
                   089195.6077685975
                   078857.1449565826
                   067717.8619157247
                   055901.9662107664
                   044019.6987223196
                   033805.7364394192
                   023511.4554717614
                   017853.4113350215
                   014013.2532858232
                   011441.0706914495
                   09946.2574510132
                   09244.67645290111
                   0114950.937214113
                   0112509.890397081
                   0107660.009257976
                   0100505.3391324
                   091412.2868466738
                   080769.0950523012
                   069306.9632096666
                   057148.9328074459
                   044902.9546490633
                   034415.2033693777
                   023956.7628524273
                   018197.5777624242
                   014283.3143090675
                   011664.0029410658
                   010139.4915366553
                   09424.07833138519
                   0117755.56074551
                   0115241.11413226
                   0110246.913765034
                   0102884.235765677
                   093533.0164210127
                   082598.8114026495
                   070824.2046100901
                   058334.263209197
                   045736.6556151722
                   034837.1350617368
                   024376.1587594981
                   018525.759055935
                   014538.1263237648
                   011874.5540245418
                   010322.0659491696
                   09593.53919460153
                   0120454.82231835
                   0117869.465750451
                   0112735.969907073
                   0105172.975952862
                   095573.084908603
                   084354.9434041122
                   072278.3188946972
                   059466.6130279251
                   046523.9207891218
                   034849.5005031091
                   024774.6270516092
                   018836.3937776514
                   014779.6402461527
                   012074.1014238675
                   010494.9301950859
                   09754.07473248836
                   0123040.446418384
                   0120386.985483605
                   0115119.524623531
                   0107363.464616199
                   097524.9287696812
                   086033.5628959108
                   073667.4280189271
                   060544.2137973526
                   047259.3924607523
                   034246.267617679
                   025146.0506829468
                   019130.7895890234
                   015008.9257607766
                   012262.7452425269
                   010658.5527733452
                   09906.11069186173
                   0125544.990650423
                   0122824.992837033
                   0117427.524919089
                   0109484.804622176
                   099412.1857125814
                   087659.1484090821
                   075008.0586402988
                   061582.2090748893
                   047952.4558257216
                   033803.6683307428
                   025490.8413199201
                   019414.6483228286
                   015228.2926477342
                   012443.4008560978
                   010815.0401462474
                   010051.3808818368
                   0127983.896829312
                   0125199.118749499
                   0119675.280990478
                   0111547.948226821
                   0101252.341005974
                   089240.4330905129
                   076312.4544554773
                   062588.043201711
                   048608.8668956649
                   033983.5521226232
                   025815.6118971933
                   019688.0749174731
                   015442.2016404694
                   012618.0639188084
                   010966.6326737941
                   010191.9290559321
                   0130424.9481854
                   0127575.437309418
                   0121925.464792456
                   0113617.049728873
                   0103095.077571446
                   090826.6302023168
                   077622.0181226245
                   063595.6598205012
                   049259.8848599189
                   034387.1317897554
                   026140.8940587321
                   019964.2605080714
                   015656.7773459196
                   012794.1201427325
                   011119.1971899457
                   010333.5661833388
                   0133011.932275137
                   0130095.893823415
                   0124313.560995926
                   0115815.445187814
                   0105056.000100727
                   092520.2949409928
                   079020.4971636502
                   064676.5569298833
                   049968.5685800548
                   034864.151263878
                   026507.0347801451
                   020267.6551543226
                   015892.740849123
                   012987.3391752187
                   011286.3107236145
                   010488.8920404256
                   0136107.158406599
                   0133112.810419133
                   0127177.771213758
                   0118457.980047415
                   0107421.903864433
                   094569.0556770078
                   080725.7425679788
                   066006.0109447702
                   050813.1164194589
                   035491.3409212427
                   026985.8999517697
                   020652.9776072274
                   016193.4302876633
                   013232.9612478802
                   011499.2833623445
                   010686.5670736656
                   0139122.282017785
                   0136056.114240902
                   0129979.830968547
                   0121049.696364736
                   0109757.539279541
                   096606.8204297068
                   082443.9550337421
                   067376.2935087316
                   051714.5523752844
                   036189.916817007
                   027518.0308517953
                   021067.6077174305
                   016517.9972567287
                   013498.0577962485
                   011729.3797371672
                   010900.1476515237
                   0140892.324222532
                   0137786.054947419
                   0131629.733936182
                   0122588.395884587
                   0111142.832077072
                   097822.9756056405
                   083476.310454099
                   068209.8196317291
                   052314.8621166771
                   036627.8399069339
                   027851.1714532114
                   021324.758152167
                   016719.1887038205
                   013662.509785543
                   011871.9345272765
                   011032.5939188513
                   0142779.333476992
                   0139630.080051233
                   0133389.211067401
                   0124223.738715676
                   0112626.565979067
                   099119.9324453776
                   084577.2572174542
                   069099.6468164153
                   053154.55853872
                   037095.2350201335
                   028206.1940339287
                   021598.6019848238
                   016933.8724299262
                   013837.7187856402
                   012024.1144560278
                   011173.9389393318
                   0144816.231659796
                   0141620.36623985
                   0135288.642992672
                   0125989.578395697
                   0114224.518451704
                   0100525.001458202
                   085765.6997308549
                   070064.2964043363
                   053653.9527775522
                   037600.8672625893
                   028590.3949814264
                   021894.0230446826
                   017165.4044929449
                   014026.6819734338
                   012188.4009472556
                   011326.3312110385
                   0147014.240746538
                   0143768.835611786
                   0137338.899420969
                   0127895.489359288
                   0115948.890666145
                   0102037.268641994
                   087048.6995647328
                   071102.0898558563
                   054397.2014436448
                   038147.7653533515
                   029006.2417370697
                   022213.7655217065
                   017415.8075811597
                   014230.9872553594
                   012365.7200676702
                   011491.1800625438
                   0149394.420370955
                   0146095.2644879
                   0139551.167874659
                   0129952.400932354
                   0117809.668926029
                   0103670.607521999
                   088439.0580175845
                   072222.9076964862
                   055445.9142052514
                   038735.7535647449
                   029453.7141060762
                   022558.2976166407
                   017685.5111123123
                   014451.1166947093
                   012556.9031717335
                   011668.7996684748
                   0151964.264909679
                   0148606.801468123
                   0141954.419314984
                   0132186.205751016
                   0119824.49605741
                   0105438.597876031
                   089939.1529910099
                   073436.4218537311
                   056079.2511841977
                   039373.9570312912
                   029938.7660662896
                   022931.2276700868
                   017977.4471804643
                   014689.395563929
                   012763.8420702928
                   011860.9381710835
                   0154748.27731642
                   0151327.724690387
                   0144550.361547517
                   0134599.893122894
                   0122011.244787563
                   0107353.915656376
                   091564.5374888676
                   074749.5450267462
                   057015.8777533669
                   040064.1726709881
                   030464.2439614272
                   023334.8226185014
                   018292.9826022911
                   014947.3659064015
                   012987.6779712284
                   012068.8276467879
                   0157782.192411811
                   0154292.437410744
                   0147379.853835444
                   0137229.535188146
                   0124389.458033289
                   0109439.350801347
                   093335.9735888106
                   076180.7563578379
                   058037.9765682183
                   040817.0330893978
                   031037.2474415463
                   023775.1206478104
                   018637.2854537757
                   015227.656480303
                   013231.4093644606
                   012295.1114415874
                   0161074.961682827
                   0157510.86250405
                   0150450.614511522
                   0140085.466521641
                   0126972.990439419
                   0111705.008343955
                   095258.9583803047
                   077734.5235074243
                   059147.9039805318
                   041634.7785406768
                   031658.8807548079
                   024252.330860323
                   019010.5759237479
                   015532.8009914972
                   013496.1764457308
                   012541.0975303017
                   0164652.995883952
                   0161008.067696072
                   0153787.397178478
                   0143188.547802403
                   0129779.806185117
                   0114165.619618924
                   097348.5584287289
                   079422.3241137551
                   060352.9866547243
                   042522.9961251917
                   032334.7008402502
                   024771.2832137844
                   019416.5823248257
                   015864.1641595939
                   013783.6657047662
                   012807.9858170609
                   0168544.498125262
                   0164811.632395617
                   0157417.920737384
                   0146564.486820561
                   0132832.403137532
                   0116843.246736655
                   099620.0142285575
                   081257.4558775763
                   061661.4057724433
                   043489.5899270151
                   033068.66384266
                   025334.8780780619
                   019857.0815022072
                   016223.3598736096
                   014095.9565748235
                   013098.0340195687
                   0172786.106401241
                   0168957.218713702
                   0161373.328614425
                   0150241.963122264
                   0136159.094855537
                   0119761.93666839
                   0102095.735428753
                   083256.0130332608
                   063085.7356184467
                   044541.9650338788
                   033868.0442360663
                   025948.7759921786
                   020337.9806035389
                   016615.4225917783
                   014436.1115683128
                   013413.8775430941
                   0177413.468651262
                   0173479.639321323
                   0165689.417152105
                   0154254.22217387
                   0139788.018045497
                   0122944.598424253
                   0104795.940005186
                   085434.5474923723
                   064633.4985936126
                   045686.9088222166
                   034738.1582521179
                   026616.4816483393
                   020860.0311408907
                   017041.4846743557
                   014806.0577546415
                   013757.3408399952
                   0182471.186516358
                   0178423.120558896
                   0170407.0117867
                   0158639.280801179
                   0143755.177561441
                   0126423.907482114
                   0107747.799883136
                   087816.3636204454
                   066323.1759717629
                   046940.1464937047
                   035690.45538154
                   027346.7033331418
                   021431.5573275176
                   017507.4230728477
                   015210.765217004
                   014133.150868995
                   0188004.71320316
                   0183831.936621534
                   0175567.110968415
                   0163436.772593157
                   0148094.752712841
                   0130233.91354969
                   0110977.082647121
                   090420.8736140494
                   068167.0670345758
                   048309.5450241873
                   036732.1669205971
                   028145.1369317176
                   022055.767387991
                   018016.3749888754
                   015652.5298130215
                   014543.6323677146
                   0194061.398995509
                   0189750.545112147
                   0181214.06346
                   0168688.694271575
                   0152843.943532781
                   0134397.873141927
                   0114508.699050589
                   093267.8035079181
                   070180.4566342367
                   049806.6424272331
                   037870.7810704454
                   029017.4928871172
                   022737.6319268322
                   018572.9170209825
                   016135.5668911583
                   014991.9917899853
                   0200710.604987002
                   0196249.595314166
                   0187415.586767365
                   0174453.284437268
                   0158057.38425239
                   0138970.084036795
                   0118383.996913984
                   096391.2280918186
                   072384.5773791149
                   051449.6553795993
                   039118.307756578
                   029974.1735298914
                   023485.9566162097
                   019182.2446047112
                   016664.6161856763
                   015483.4187404927
                   0208001.304684259
                   0203374.418347877
                   0194205.938798104
                   0180767.062522278
                   0163766.337669575
                   0143977.495059005
                   0122627.586518098
                   099808.9183307165
                   074788.853792582
                   053244.2979899066
                   040481.3064154743
                   031019.6892737817
                   024303.4360907291
                   019849.0264653258
                   017243.2439542061
                   016020.3237635611
                   0216038.553415718
                   0211229.202316647
                   0201706.203554923
                   0187732.930701542
                   0170066.459532987
                   0149500.051948052
                   0127308.089737267
                   0103579.99635781
                   077434.6358088065
                   055223.3809544808
                   041985.1230402261
                   032170.9506664842
                   025204.2056455935
                   020583.6172909643
                   017880.6364914088
                   016611.9642136382
                   0224891.213954959
                   0219880.225064974
                   0209960.500614482
                   0195409.581076181
                   0177002.6099161
                   0155580.218648973
                   0132462.037250877
                   0107725.531357195
                   080338.3721744308
                   057398.2831099738
                   043638.9224715582
                   033438.153311582
                   026194.6989619304
                   021390.5173716297
                   018581.0198274231
                   017262.1934951823
                   0234671.199160508
                   0229438.725213051
                   0219079.700107651
                   0203886.095262398
                   0184665.515744815
                   0162296.387097982
                   0138155.133359314
                   0112299.719522145
                   083535.4847476828
                   059798.5707748872
                   045462.2283061812
                   034835.031815901
                   027286.2750623624
                   022280.1571546441
                   019352.9548099509
                   017978.993607095
                   0245476.250554868
                   0239998.092574582
                   0229153.786245924
                   0213249.143977616
                   0193127.369500424
                   0169713.284246934
                   0144436.332424518
                   0117347.850114142
                   087052.5838794882
                   062446.8606412801
                   047473.8252052725
                   036375.8904184305
                   028490.1895903147
                   023260.588605874
                   020203.8846643637
                   018768.854673004
                   0257451.785857725
                   0251700.319821838
                   0240317.037753138
                   0223623.49583635
                   0202503.977108357
                   0177930.035974462
                   0151393.222390011
                   0122933.231497248
                   090932.8144522767
                   065373.2184751403
                   049696.6938191974
                   038077.9556738619
                   029819.9745960831
                   024343.9832867896
                   021144.2676998213
                   019641.2461179715
                   0270734.25589105
                   0264680.037143398
                   0252698.160355083
                   0235128.751174391
                   0212908.737347344
                   0187038.841823338
                   0159102.656424546
                   0129119.14570981
                   095217.5666295805
                   068612.7368001995
                   052157.452183406
                   039961.9600792374
                   031291.7613226655
                   025542.4114816576
                   022183.6238076261
                   020606.3420545184
                   0285527.899131242
                   0279134.916811777
                   0266487.309059177
                   0247941.556151075
                   0224487.901830233
                   0197177.515673724
                   0167682.941443181
                   0135996.429824973
                   099969.8948724786
                   072211.8031685198
                   054893.6940975658
                   042053.9896605451
                   032925.9115090538
                   026872.7006568881
                   023338.3542206757
                   021677.3578136478
                   0302010.160413149
                   0295240.664798168
                   0281848.586265372
                   0262214.797873652
                   0237384.439518365
                   0208469.693004564
                   0177232.686724269
                   0143645.018927571
                   0105240.023411771
                   076213.8133167076
                   057932.4901947155
                   044379.282433835
                   034741.0912821674
                   028350.5497944051
                   024619.9950471543
                   022866.7930871671
                   0320440.205653834
                   0313248.776062317
                   0299022.718599396
                   0278170.578172974
                   0251799.238722788
                   0221094.715819665
                   0187899.775292053
                   0152178.569717377
                   0111103.70305613
                   080675.7458136702
                   061320.8568975476
                   046971.2706087706
                   036764.1337988109
                   029997.2723026465
                   026048.7367153015
                   024192.14913021
                   0341081.660793565
                   0333416.866353445
                   0318256.472515376
                   0296037.424034902
                   0267937.10269426
                   0235219.360755025
                   0199832.907342071
                   0161713.819735211
                   0117639.469165967
                   085658.2231077558
                   065103.3316782244
                   049863.8405402376
                   039021.6288672499
                   031834.4640455588
                   027641.7756121696
                   025670.4906187398
                   0364265.807490702
                   0356068.44703765
                   0339857.022624491
                   0316100.83766881
                   0286056.075950168
                   0251072.730388864
                   0213220.513405242
                   0172398.171065351
                   0124946.524668183
                   091239.4645929127
                   069340.9363304241
                   053103.5156625852
                   041548.8124124267
                   033890.4475887295
                   029424.9172519609
                   027324.3020823748
                   0390363.082045972
                   0381552.082113612
                   0364155.865950831
                   0338666.906082275
                   0306432.415588735
                   0268896.858688532
                   0228262.109622282
                   0184389.02273087
                   0133126.721942542
                   097500.8217578284
                   074092.445722514
                   056735.6033677117
                   044382.598244
                   036194.7726117774
                   031422.9089287719
                   029177.9479163429
                   0419800.851401787
                   0410322.785096968
                   0391585.120200575
                   0364125.779715961
                   0329414.049361333
                   0288993.235112487
                   0245213.314610783
                   0197884.247902279
                   0142311.243157702
                   0104543.416373546
                   079437.8497095044
                   060820.0204899548
                   047566.5535944012
                   038783.8671161772
                   033667.8506308241
                   031259.9575213315
                   0453173.823397444
                   0442924.918796923
                   0422664.574861508
                   0392977.045095175
                   0355452.643327658
                   0311753.649222508
                   0264397.664853377
                   0213136.260145509
                   0152671.011873652
                   0112498.13483765
                   085473.3246444884
                   065430.5079409725
                   051159.9825381482
                   041704.7644372058
                   036199.6675597559
                   033607.9380071669
                   0491024.498870176
                   0479899.25229099
                   0457908.632231758
                   0425702.415593009
                   0384967.651989784
                   0337543.574870142
                   0286128.4994391
                   0230378.047499797
                   0164362.999139613
                   0121491.143481153
                   092294.6470065711
                   070640.3301217426
                   055220.5587439688
                   045004.2100815379
                   039059.3462058657
                   036259.6729174799
                   0534134.31204338
                   0522007.509255005
                   0498042.354883683
                   0462949.773848157
                   0418560.153390027
                   0366883.879573208
                   0310825.561873332
                   0249939.781535825
                   0177613.618075282
                   0131691.818559348
                   0100033.219283823
                   076548.2069116292
                   059821.5723029131
                   048742.1246874824
                   042298.7246683541
                   039262.8542984971
                   0583370.373507247
                   0570097.31715675
                   0543869.536143616
                   0505472.108441241
                   0456915.977709104
                   0400355.478777797
                   0338975.305669606
                   0272199.43195555
                   0192677.758031858
                   0143304.048918158
                   0108837.013867485
                   083267.2957953137
                   065055.0895087852
                   052991.9327484488
                   045980.6230014241
                   042676.1773391628
                   0639745.079838768
                   0625156.996826157
                   0596330.94047904
                   0554138.422855514
                   0500785.07231318
                   0438631.81339751
                   0371136.035028276
                   0297577.641907771
                   0209852.815071636
                   0156546.948440926
                   0118875.141431663
                   090928.9362038759
                   071018.8803071712
                   057833.4225854877
                   050174.2792934698
                   046563.7549561958
                   0704452.09422761
                   0688348.701523637
                   0656532.127473244
                   0609972.53208695
                   0551096.664262123
                   0482503.606141305
                   0407967.498634714
                   0326583.057677758
                   0229469.860279441
                   0171686.33876276
                   0130352.347881987
                   099684.4529769454
                   077831.1746662166
                   063362.8630348826
                   054963.3320070739
                   051002.1085086384
                   0779040.413004188
                   0761184.128464551
                   0725908.197395665
                   0674297.723056413
                   0609038.075323311
                   0533017.382588437
                   0450312.893370974
                   0359851.699049123
                   0252026.244139545
                   0189067.753411489
                   0143520.06057468
                   0109729.142652716
                   085646.6914312883
                   069704.2740698223
                   060453.9800689797
                   056091.2978324658
                   0865242.759609522
                   0845353.491896265
                   0806064.876007113
                   0748596.468536551
                   0675933.473146899
                   0591284.091112452
                   0499115.93280206
                   0398103.11849157
                   0277899.602674963
                   0209058.012876881
                   0158670.96735727
                   0121281.768027969
                   094632.0309805763
                   076993.1456305783
                   066764.000077924
                   061937.7963037735
                   0965118.091191976
                   0942829.314848976
                   0898873.329456652
                   0834597.337166301
                   0753328.646998271
                   0658652.047020162
                   0555469.943045826
                   0442159.41422538
                   0307775.38647919
                   0232105.886752109
                   0176131.342850726
                   0134596.51077049
                   0104984.778412051
                   085390.0374497298
                   074031.1580008306
                   068671.6649865775
                   01081110.39622732
                   01056089.24623817
                   01006681.42770634
                   0934428.240676477
                   0843120.13828945
                   0736751.587557395
                   0620718.951125505
                   0493031.838422778
                   0342313.677697487
                   0258735.570907096
                   0196310.732446459
                   0149984.021411602
                   0116946.12501608
                   095088.0138433709
                   082424.0509042579
                   076446.5725257794
                   01216049.38843003
                   01187801.76154724
                   01132028.61242833
                   01050475.09459257
                   0947441.909362876
                   0827408.477456874
                   0696345.818099606
                   0551819.583852257
                   0382419.051256428
                   0289532.220087406
                   0219651.071991548
                   0167776.351294748
                   0130775.144490716
                   0106297.713182524
                   092124.75057325
                   085432.6111818744
                   01373782.47465817
                   01341742.91306443
                   01278483.02286391
                   01186049.51271765
                   01069197.39151156
                   0933112.927817496
                   0784405.426319828
                   0620045.703434375
                   0429081.205653002
                   0325281.374748469
                   0246747.349246969
                   0188435.365462174
                   0146832.71625911
                   0119312.326361168
                   0103383.731422126
                   095862.6793877941
                   01558027.01344365
                   01521528.45719158
                   01449472.38292667
                   01344223.44880615
                   01211176.74561655
                   01056244.68662367
                   0886784.608271624
                   0699103.305965815
                   0483201.416098661
                   0366727.563467641
                   0278170.800226005
                   0212393.273474669
                   0165449.189661219
                   0134399.044277216
                   0116434.133508198
                   0107950.556433397
                   01773679.71351477
                   01731925.25135146
                   01649502.64453527
                   01529159.51298737
                   01377097.01071765
                   01199925.66029747
                   01006010.98565138
                   0790824.917471741
                   0545994.634850962
                   0414806.843833453
                   0314634.565032293
                   0240196.117141542
                   0187053.80478239
                   0151908.235494418
                   0131577.460151648
                   0121975.254673102
                   02026104.61736309
                   01978147.44823751
                   01883501.91384946
                   01745359.2514137
                   01570848.09695769
                   01367515.57466659
                   01144769.30778428
                   0897139.492801213
                   0618702.08233884
                   0470511.925251104
                   0356901.740307336
                   0272430.597404552
                   0212101.163477941
                   0172199.718096484
                   0149127.060103388
                   0138227.534263876
                   02322638.77968864
                   02267332.11152475
                   02158194.90434613
                   01998974.16712766
                   01797889.10205761
                   01563642.75756531
                   01306695.66264779
                   01020624.95485638
                   0702975.352343243
                   0535147.841448455
                   0405964.769209258
                   0309854.979805604
                   0241182.552554458
                   0195759.17162448
                   0169500.122532962
                   0157092.770465155
                   02669283.193067
                   02605290.97915238
                   02479053.12292968
                   02294973.91391281
                   02062553.2772046
                   01791829.47830301
                   01494590.82306097
                   01163193.91264875
                   0799988.739533859
                   0609648.064086007
                   0462559.598812933
                   0353032.832555481
                   0274728.740448346
                   0222936.305726725
                   0193000.004486377
                   0178852.530968786
                   03076131.31711195
                   03001822.96948144
                   02855193.8696304
                   02641640.64068832
                   02372106.41120309
                   02058183.36696779
                   01713182.19343205
                   01328090.55058057
                   0911815.929217624
                   0695624.174620479
                   0527908.69091228
                   0402904.229133348
                   0313482.22003142
                   0254323.551754747
                   0220139.093533801
                   0203977.551550183
                   03548666.00379838
                   03462231.54088055
                   03291813.4664837
                   03043514.51386445
                   02730383.08004252
                   02365738.70813795
                   01964622.15704831
                   01516516.27261424
                   01039016.74733834
                   0793565.692337409
                   0602419.202846235
                   0459783.834222261
                   0357672.416090648
                   0290115.589121867
                   0251080.539175623
                   0232620.911284637
                   04096604.61035779
                   03995899.19326318
                   03797408.86349268
                   03508496.97956422
                   03144059.96573244
                   02719877.67408524
                   02252846.4241157
                   01730834.02518448
                   01182890.33909851
                   0904523.610550815
                   0686913.800063313
                   0524305.241182382
                   0407801.007623842
                   0330710.718809456
                   0286168.636023183
                   0265102.015849462
                   04724947.93478106
                   04607599.09875191
                   04376379.86522584
                   04040074.43349815
                   03616062.57240396
                   03122643.79987423
                   02578918.05394902
                   01971043.88805403
                   01343047.48688324
                   01028276.09974575
                   0781239.250411614
                   0596361.570881318
                   0463790.266766157
                   0376041.780218453
                   0325344.127729371
                   0301358.414270035
                   04708749.17627776
                   04590512.33535943
                   04357746.15065508
                   04019670.05592502
                   03593188.47565297
                   03096893.5080664
                   02549775.53463117
                   01938306.91992706
                   01316514.50776912
                   01009140.68214922
                   0767092.058957893
                   0585655.253794804
                   0455422.678092582
                   0369194.812602829
                   0319379.243907587
                   0295799.556907333
                   04567398.00050869
                   04451616.37701892
                   04223514.85902186
                   03892355.06359691
                   03475373.54249801
                   02989932.2816166
                   02454418.31605085
                   01856508.22385805
                   01257001.07864189
                   0964541.375127037
                   0733546.754959618
                   0560128.859955506
                   0435551.004351676
                   0353035.105805698
                   0305364.674050514
                   0282798.445686546
                   04416119.424008
                   04303007.71977393
                   04080877.28829523
                   03757576.85123155
                   03350929.58911491
                   02877901.97278468
                   02355583.89352075
                   01773386.45713852
                   01197143.6144109
                   0919443.284249171
                   0699584.916284886
                   0534282.938139089
                   0415427.601793219
                   0336685.603329938
                   0291193.194205023
                   0269649.647259244
                   04255904.32731478
                   04145982.14269932
                   03929537.64815614
                   03615699.22308816
                   03220745.22878012
                   02761335.1274415
                   02254073.20111344
                   01689021.97066481
                   01137036.58441031
                   0873969.424545876
                   0665275.843417352
                   0508157.065291114
                   0395097.050562635
                   0320174.876625889
                   0276884.87072451
                   0256380.739199094
                   04087170.44784972
                   03980618.53462192
                   03771290.90202019
                   03467072.7656767
                   03085058.60836643
                   02640435.00557768
                   02149098.35252658
                   01603424.70963683
                   01076686.69019252
                   0828153.267782087
                   0630667.075222923
                   0481791.881389615
                   0374584.80417923
                   0303519.292930655
                   0262457.832419226
                   0243003.372021912
                   03909023.09033968
                   03809302.44760848
                   03605117.85489484
                   03311361.34860376
                   02942872.09208558
                   02516459.81653234
                   02041015.76984369
                   01516095.60570486
                   01015732.88894773
                   0781753.367019509
                   0595570.111317779
                   0455043.993651154
                   0353773.654869476
                   0286628.92861091
                   0247832.148786994
                   0229444.359718913
                   03721405.50422446
                   03623034.95266731
                   03428748.37689727
                   03147729.553969
                   02794395.48309792
                   02383576.28829109
                   01929407.42787566
                   01426946.02808783
                   0954099.958831372
                   0734741.164934302
                   0559969.915043386
                   0427894.112144889
                   0332655.195771403
                   0269494.703434739
                   0232996.026268537
                   0215694.822667843
                   03524875.54187007
                   03430548.3254496
                   03245328.65277023
                   02977106.10363484
                   02639930.12141455
                   02247884.09819561
                   01814462.49097482
                   01336077.39571193
                   0891833.60334553
                   0687162.42285064
                   0523896.836744361
                   0400383.442104332
                   0311254.535505042
                   0252132.26338543
                   0217967.371369346
                   0201769.697163156
                   03319516.96463598
                   03229766.56696881
                   03054006.03840879
                   02799589.22530707
                   02479593.68905604
                   02107496.11776928
                   01696488.32132936
                   01243527.04328098
                   0828960.039379849
                   0639047.201318697
                   0487377.423012426
                   0372515.090350973
                   0289580.401983695
                   0234552.846989345
                   0202754.291837022
                   0187674.702044466
                   03105407.71450234
                   03020616.40361693
                   02854831.84463392
                   02614818.87590402
                   02313249.96321546
                   01962462.18573763
                   01574928.52627206
                   01149257.46598748
                   0765412.637676895
                   0590347.801926536
                   0450384.541189099
                   0344281.354094016
                   0267620.676661259
                   0216748.058745768
                   0187347.059219776
                   0173401.809714307
                   02885612.66550213
                   02805509.46993217
                   02649930.64645166
                   02425265.95993294
                   02142720.94416362
                   01814301.71165103
                   01451579.68185766
                   01054252.07507187
                   0701838.085154766
                   0541566.580828945
                   0413298.114382645
                   0315966.747591031
                   0245601.670865933
                   0198897.050925658
                   0171904.108183064
                   0159097.446942242
                   02658132.32700273
                   02584051.55744838
                   02439645.58084854
                   02230854.01407917
                   01968357.14869201
                   01663206.06172026
                   01326351.22134441
                   0958604.237091554
                   0638248.890373918
                   0492722.087856085
                   0376136.158544863
                   0287584.312548561
                   0223531.795160172
                   0181007.065223358
                   0156429.736956659
                   0144767.5266078
                   02427971.73574878
                   02359559.24387985
                   02226398.36736295
                   02033952.82368899
                   01792107.45126718
                   01510883.31638074
                   01200677.22307675
                   0863370.16446233
                   0575300.814154867
                   0444318.943816276
                   0339281.868863916
                   0259433.936651937
                   0201642.387743621
                   0163267.999989086
                   0141087.815765447
                   0130561.573106216
                   02197108.02473243
                   02132077.01592935
                   02010687.38449495
                   01834927.194782
                   01614066.78647317
                   01357473.39833354
                   01074685.82777139
                   0768673.670483704
                   0512977.222951593
                   0396355.984454101
                   0302744.07011368
                   0231517.1992444
                   0179936.989347432
                   0145680.651633687
                   0125880.217919264
                   0116480.979348163
                   01964157.96514484
                   01907084.87620575
                   01796947.7844955
                   01638370.46848283
                   01438587.42657152
                   01206512.3332611
                   0951262.4517704
                   0676640.164441324
                   0452649.169386931
                   0349885.521341568
                   0267322.280255193
                   0204449.97328808
                   0158894.742891943
                   0128634.02480091
                   0111141.82220676
                   0102836.719361751
                   01735127.87923817
                   01684466.00454793
                   01586220.20739523
                   01443990.00036385
                   01265454.93513134
                   01058227.70399784
                   0830543.390889772
                   0587501.212251386
                   0394288.551684932
                   0304900.467412929
                   0233017.488865293
                   0178231.112982159
                   0138512.593418509
                   0112124.279941421
                   096870.0929292285
                   089626.2684830171
                   01513647.1600119
                   01468993.95309037
                   01382219.83857625
                   01256162.80204511
                   01098328.7569891
                   0915281.998913394
                   0714764.352537434
                   0502838.827347644
                   0338854.942435338
                   0262137.355964378
                   0200393.297581642
                   0153292.41674358
                   0119126.78198845
                   096424.7974679563
                   083300.4002715222
                   077066.6219422866
                   01301262.43595427
                   01262016.23760898
                   01186016.41010769
                   01076173.76148644
                   0938481.064332796
                   0778968.818237998
                   0605380.88374309
                   0423416.584085122
                   0286724.733861161
                   0221899.360649165
                   0169679.029259503
                   0129809.96066042
                   0100876.321378816
                   081644.8364672967
                   070527.187297397
                   065245.773308094
                   01100673.00730729
                   01067044.48789257
                   01001382.62897597
                   0906803.542810256
                   0788184.071703828
                   0651188.379729742
                   0502393.233753276
                   0350305.728343122
                   0238504.339242354
                   0184652.837993778
                   0141237.526951404
                   0108063.482096483
                   083973.5405524789
                   067960.3646052341
                   058701.6827247176
                   054302.2178117413
                   0914872.788282332
                   0886073.07466117
                   0830348.123185329
                   0749986.240668339
                   0649417.644357303
                   0533595.981312714
                   0408778.376248409
                   0284311.720149258
                   0194673.16186921
                   0150778.39746515
                   0115359.16875583
                   088272.4097921763
                   068593.2393421277
                   055508.0706234002
                   047942.5393946633
                   044346.7104591279
                   0744826.353671553
                   0720891.405189972
                   0674149.073108442
                   0606992.632767872
                   0523165.19889562
                   0427057.076982276
                   0324662.956604625
                   0225707.885614722
                   0155403.233757443
                   0120409.467679522
                   092150.5417854218
                   070520.5253961804
                   054797.0423498589
                   044340.2284710785
                   038293.8625042653
                   035419.6522779928
                   0592543.736236553
                   0572679.193479533
                   0534306.34710867
                   0479225.473828948
                   0410636.920116249
                   0332939.119031361
                   0250867.168109362
                   0174769.005104362
                   0120939.78767221
                   093743.3198602396
                   071763.437711039
                   054924.0152863008
                   042676.5517811303
                   034529.6874712165
                   029818.5077430399
                   027578.4466407969
                   0458795.542902912
                   0442887.793561969
                   0411890.898560949
                   0367552.325564351
                   0312785.714004258
                   0251111.945880317
                   0187855.103400529
                   0131500.916452142
                   091396.5581169115
                   070871.8641155423
                   054269.2828513318
                   041539.1128358451
                   032275.2820934961
                   026111.6406264683
                   022546.9639536161
                   020851.5730088731
                   0343914.62505395
                   0331234.739766136
                   0306832.923586187
                   0272391.157286731
                   0229504.712862683
                   0182313.606850254
                   0135459.793111967
                   095514.8967435045
                   066629.9110752719
                   051687.0996796871
                   039589.9845430006
                   030306.0977548834
                   023546.332682004
                   019047.6775665285
                   016445.6141156471
                   015207.7737796622
                   0247300.611275373
                   0237669.492958228
                   0218999.576704063
                   0192681.180531228
                   0160814.293500922
                   0126155.817085539
                   093237.8355948597
                   066338.2809177993
                   046422.3200095727
                   036025.4778242176
                   027601.8697622165
                   021130.7137225347
                   016416.6231741462
                   013278.6747686809
                   011463.4675546924
                   010599.5785953146
                   0168315.928097419
                   0161143.607327989
                   0147471.538745444
                   0128382.896515107
                   0105700.187905515
                   081888.9338651006
                   060363.6919723058
                   043374.3085870537
                   030437.4957996027
                   023629.9813114906
                   018109.9717061493
                   013865.1149171126
                   010771.278701683
                   08711.11945921392
                   07519.2423540731
                   06951.97058200674
