              107227                 340
                 160
    5339499999.99999    5006048181.56798    4694834386.17908     4404375551.9889    4133287523.08679    3880278453.42319    3644142650.63143    3423754830.40722    3218064754.06581     3026092223.7223    2846922411.24519    2679701498.72381    2523632609.67446    2377972011.59593    2242025571.77804    2115145449.47348    1996727008.66999    1886205936.75086    1783055555.31303    1686784310.32767    1596933429.68293    1513074736.94594    1434808610.92584    1361762081.31434    1293587051.32867    1229958638.88707    1170573628.41199    1115149025.88302    1063420710.25388    1015142174.80693    970083352.447181    928029519.337887    888780271.653059     852148570.57075    817959850.956071    786051189.486468     756270528.25502    728475950.151918    702535002.571022    678324066.218666    655727766.016837    634638421.293436    614955532.639546    596585302.988383    579440190.633658    563438492.057314    548503952.578627    534565402.969263    521556420.302608    509415011.421182    498083317.513724    487507338.394137    477636675.168376    468424290.062966    459826282.270656    451801678.744993    444312238.946896    437322272.612741    430798469.675567    424709741.528891    419027072.876705    413723383.463642    408773399.026417    404153530.851552    399841763.365451    395817549.221131    392061711.381647    388556351.733625    385284765.795381     382231363.11319    379381592.966356    376721875.027037    374239534.644394    371922742.444663    369760457.959318    367742377.012693    365858882.618348    364100999.150164     362460349.56979    360929115.506614           359500000    359348101.265823    359196202.531646    359044303.797468    358892405.063291    358740506.329114    358588607.594937    358436708.860759    358284810.126582    358132911.392405    357981012.658228    357829113.924051    357677215.189873    357525316.455696    357373417.721519    357221518.987342    357069620.253165    356917721.518987     356765822.78481    356613924.050633    356462025.316456    356310126.582278    356158227.848101    356006329.113924    355854430.379747     355702531.64557    355550632.911392    355398734.177215    355246835.443038    355094936.708861    354943037.974684    354791139.240506    354639240.506329    354487341.772152    354335443.037975    354183544.303797     354031645.56962    353879746.835443    353727848.101266    353575949.367089    353424050.632911    353272151.898734    353120253.164557     352968354.43038    352816455.696203    352664556.962025    352512658.227848    352360759.493671    352208860.759494    352056962.025316    351905063.291139    351753164.556962    351601265.822785    351449367.088608     351297468.35443    351145569.620253    350993670.886076    350841772.151899    350689873.417722    350537974.683544    350386075.949367     350234177.21519    350082278.481013    349930379.746835    349778481.012658    349626582.278481    349474683.544304    349322784.810127    349170886.075949    349018987.341772    348867088.607595    348715189.873418    348563291.139241    348411392.405063    348259493.670886    348107594.936709    347955696.202532    347803797.468354    347651898.734177           347500000
                  17
                   0   0.196349540849363   0.392699081698725   0.589048622548088    0.78539816339745   0.981747704246813    1.17809724509618    1.37444678594554     1.5707963267949    1.76714586764426    1.96349540849363    2.15984494934299    2.35619449019235    2.55254403104171    2.74889357189108    2.94524311274044     3.1415926535898
                   2
                   0     6.2831853071796
                   034.7562108534048
                   034.7314780430563
                   034.682675837231
                   034.6092257826321
                   034.5084548427955
                   034.3746949797534
                   034.2022357468661
                   033.9738468173244
                   033.6788249314749
                   033.2799919527032
                   032.7175234751052
                   031.8579387383707
                   030.4185400706369
                   027.6201527834665
                   020.6910637764882
                   03.00112323867671
                   040.7420730521853
                   040.7113493875715
                   040.6503295350833
                   040.5570942288831
                   040.4283230528104
                   040.2567446435076
                   040.0340554012996
                   039.7410920100343
                   039.3637794900053
                   038.8522578572846
                   038.1313853314174
                   037.0326156549696
                   035.196252101802
                   031.640089683011
                   022.9977625160328
                   03.26739103958047
                   047.7419876877872
                   047.7035016180524
                   047.6266573207243
                   047.508369430729
                   047.3436633000738
                   047.1231959897969
                   046.8362246084918
                   046.4602418039293
                   045.9771004875881
                   045.3214241525264
                   044.3984161042954
                   042.993485050208
                   040.6520006369253
                   036.1504206047796
                   025.4321035774384
                   03.61964211904988
                   055.9454704479817
                   055.8971059735979
                   055.7995774394111
                   055.6489452551575
                   055.4382981884014
                   055.1548248144949
                   054.7859047630611
                   054.3039124147729
                   053.6856417698785
                   052.8463256495539
                   051.6658363112985
                   049.8709266908152
                   046.8865299931962
                   041.2053361034412
                   027.9734262373989
                   04.07685314516276
                   065.5756025784145
                   065.514510189392
                   065.3905104630301
                   065.1978734519619
                   064.9278625811089
                   064.5626446271572
                   064.0907236055686
                   063.4743265596839
                   062.6822267793414
                   061.6079032059445
                   060.0997480367985
                   057.8076079531203
                   054.0154883212349
                   046.8600221255009
                   030.6081239779745
                   04.66618990414296
                   076.8840424856971
                   076.8063626109645
                   076.6480988967349
                   076.4016549227257
                   076.055408437608
                   075.5845099027084
                   074.9818429268602
                   074.194338672795
                   073.1794065010871
                   071.8056844169632
                   069.8796094972268
                   066.9552328122724
                   062.1498462556232
                   053.1612833969854
                   033.3119857748006
                   05.4175752888003
                   090.1764345467078
                   090.0775701992636
                   089.874442002359
                   089.5585601155713
                   089.1146466258646
                   088.5080039421829
                   087.7391928107403
                   086.7344306658025
                   085.4357508710293
                   083.6811430259654
                   081.2234867149002
                   077.4990027449185
                   071.4182572093572
                   060.1547776375755
                   036.0716699147859
                   05.18110614610664
                   0105.80299739663
                   0105.676173888329
                   0105.41794314846
                   0105.012960721758
                   0104.442625143421
                   0103.662942224456
                   0102.682917257241
                   0101.401378640701
                   099.7418964693474
                   097.5020650453918
                   094.3681522236022
                   089.6341261645184
                   081.9543348172226
                   067.8767898622125
                   038.8763450821248
                   06.50456958881424
                   0124.188286575679
                   0124.026169289453
                   0123.695747658251
                   0123.177662817
                   0122.447184662892
                   0121.446002324274
                   0120.197289567562
                   0118.564220260682
                   0116.446083061345
                   0113.589829804993
                   0109.59353833449
                   0103.59020346072
                   093.9122031540631
                   076.3686420239216
                   041.7447038846982
                   08.15947206752771
                   0145.816697743836
                   0145.609561038136
                   0145.186272629043
                   0144.523664944364
                   0143.586767374514
                   0142.304739492456
                   0140.71514594099
                   0138.635303424823
                   0135.935378541805
                   0132.298002803193
                   0127.21060632911
                   0119.610176832796
                   0107.437412375331
                   085.6632630485011
                   044.7094994564193
                   010.2124822103065
                   0171.286085375127
                   0171.021520954104
                   0170.479975556279
                   0169.632409435881
                   0168.431702803636
                   0166.796015122518
                   0164.772098963567
                   0162.123205903825
                   0158.684567007993
                   0154.055727672399
                   0147.588734766327
                   0137.978230956923
                   0122.699355205039
                   095.7895576917083
                   047.848119605138
                   012.7717859070296
                   0201.274083406979
                   0200.935868024053
                   0200.242606444358
                   0199.158618776841
                   0197.61908976117
                   0195.535337842231
                   0192.96662684392
                   0189.59455852449
                   0185.218762641901
                   0179.336677108961
                   0171.126977390372
                   0158.995752002949
                   0139.865032732534
                   0106.768275890475
                   051.2677793114806
                   015.9362478725083
                   0236.56733406648
                   0236.135105889987
                   0235.249645819706
                   0233.861906878673
                   0231.893134939702
                   0229.240730971088
                   0225.979562225249
                   0221.691244902257
                   0216.127475964581
                   0208.65480346369
                   0198.25644838372
                   0182.976015595635
                   0159.090905961954
                   0118.597699466237
                   055.1210973340478
                   019.8287872715359
                   0278.165947581575
                   0277.611705340457
                   0276.481499417146
                   0274.693877303241
                   0272.173981342017
                   0268.790844519679
                   0264.642598676836
                   0259.182008790118
                   0252.103122927004
                   0242.60588527836
                   0229.459722761207
                   0210.223721126627
                   0180.502743053527
                   0131.253205176048
                   059.5685114843883
                   024.5693006006168
                   0327.059673797478
                   0326.356112712679
                   0324.901722576192
                   0322.634102719232
                   0319.411031121717
                   0315.124239723325
                   0309.86148685395
                   0302.926782134648
                   0293.948260276333
                   0281.905745130867
                   0265.296265686607
                   0241.205635963124
                   0204.34018730008
                   0144.876137425876
                   064.9878395971651
                   030.4433717464015
                   0384.646537389157
                   0383.742164190282
                   0381.909600238278
                   0378.995465829802
                   0374.905851422094
                   0369.450152238053
                   0362.781969277712
                   0353.992557076355
                   0342.60260331854
                   0327.368935414723
                   0306.460443140425
                   0276.315440067701
                   0230.743000149745
                   0159.486074926611
                   071.6610832240044
                   037.6278313855561
                   0453.431892774059
                   0452.284503752493
                   0449.919649777951
                   0446.200369717571
                   0440.952607236754
                   0434.007828846615
                   0425.501403602809
                   0414.305869792443
                   0399.813014885393
                   0380.450722456951
                   0354.148211225192
                   0316.495982072884
                   0260.398519707531
                   0175.660100968984
                   080.3333216948774
                   046.7586018075513
                   0534.030866005871
                   0532.567617104935
                   0529.571476013653
                   0524.823538525891
                   0518.12256311371
                   0509.283316944017
                   0498.499313436791
                   0484.267101989595
                   0465.899401001503
                   0441.395474480109
                   0408.420761369236
                   0361.53184618217
                   0292.815956584617
                   0192.970069504833
                   090.8626655302303
                   057.6360950032806
                   0628.767982220162
                   0626.879574052156
                   0623.056324951276
                   0617.011441579984
                   0608.504457342684
                   0597.311293260981
                   0583.571809449029
                   0565.53975616628
                   0542.304874926723
                   0511.405214877866
                   0470.114381215698
                   0411.942770345114
                   0328.237062117327
                   0211.753493911546
                   0103.661702865121
                   070.593149867057
                   0740.143794444067
                   0737.758529779886
                   0732.850115184738
                   0725.153938302193
                   0714.390064518702
                   0700.189906523771
                   0682.794873410793
                   0659.946005442979
                   0630.602307676164
                   0591.724534457077
                   0540.210971558779
                   0468.310007546527
                   0366.983520122848
                   0232.482099045467
                   0119.221326515244
                   086.0993231712297
                   0870.721017459249
                   0867.694166889019
                   0861.452169063218
                   0851.695348513053
                   0838.074801742662
                   0820.150080732631
                   0798.114106218254
                   0769.23592584679
                   0732.273205189213
                   0683.445871040256
                   0619.376347550163
                   0530.911932367462
                   0409.116383643963
                   0255.464491218678
                   0137.830496876525
                   0104.404727582678
                   01023.78455562954
                   01019.94220595441
                   01012.05451305768
                   0999.662334772011
                   0982.413098311262
                   0959.799908527923
                   0931.984403208739
                   0895.562389223751
                   0849.087029396759
                   0787.999958518605
                   0708.612467536068
                   0600.258200190426
                   0454.878797939083
                   0281.305410251685
                   0159.937523978016
                   0125.950460546273
                   01204.38980239768
                   01199.47790609557
                   01189.47657357977
                   01173.69364299253
                   01151.93095652677
                   01123.34020996741
                   01088.19588952967
                   01042.29942192631
                   0983.835958486841
                   0907.569244120289
                   0809.505605988378
                   0677.368106866982
                   0505.225413876015
                   0311.322377613469
                   0186.427194318313
                   0151.680846607792
                   01417.69695740132
                   01411.44746641543
                   01398.71193876301
                   01378.71531963762
                   01351.14896276517
                   01314.96692933969
                   01270.56427222696
                   01212.75056981609
                   01139.25829256792
                   01044.20368893154
                   0923.502373079901
                   0763.179933764199
                   0560.841650632543
                   0346.671787505977
                   0218.099112132742
                   0182.396691057882
                   01664.99107865398
                   01657.04443402337
                   01640.9004985854
                   01615.71056711838
                   01580.94162414239
                   01535.47630211532
                   01479.66747572711
                   01407.12180326656
                   01315.23625597443
                   01197.46263632165
                   01049.60001968585
                   0856.512191310777
                   0620.814556118696
                   0386.870180794617
                   0254.251531537582
                   0217.455433123739
                   01951.86101414493
                   01941.90625176078
                   01921.58639613951
                   01889.88182217446
                   01846.29738016184
                   01789.27078827651
                   01719.4548357789
                   01628.82432698443
                   01514.57304510851
                   01369.34173142111
                   01189.16481108643
                   0958.138642193098
                   0686.279629804091
                   0432.966610877355
                   0273.770565198348
                   0257.401518549886
                   02283.83877068997
                   02271.37144459709
                   02245.86088518351
                   02206.19373931084
                   02151.80630005681
                   02080.70688978917
                   01993.67414851181
                   01880.78832348533
                   01739.25659756785
                   01560.95228152908
                   01342.54981567884
                   01068.33563195267
                   0757.777432331789
                   0485.78873424436
                   0322.06473462088
                   0302.545807706829
                   02677.24010691433
                   02661.59450168539
                   02629.49965314584
                   02579.76743219516
                   02511.51290539274
                   02422.21485382596
                   02313.50031692263
                   02172.86867297346
                   01997.63840544884
                   01779.24010219155
                   01515.46148785371
                   01191.35272534686
                   0839.508101614086
                   0549.091008875425
                   0379.337184525482
                   0356.374320859274
                   03127.06706534329
                   03107.43284007251
                   03067.42078039497
                   03005.5035696975
                   02920.42473148514
                   02809.48275075799
                   02674.70149654926
                   02500.84964262865
                   02285.1692218631
                   02019.35576916236
                   01703.54380607815
                   01324.17687583914
                   0929.021893669046
                   0620.398057172313
                   0443.38156957328
                   0416.073757542708
                   03641.19705766754
                   03616.80751477225
                   03567.22217514083
                   03490.509370409
                   03385.36370304123
                   03247.98344997693
                   03081.81557440779
                   02867.92094933854
                   02604.51865594091
                   02283.25565606526
                   01907.7746284907
                   01467.4430963718
                   01027.57832318521
                   0700.467830020528
                   0514.887831819149
                   0482.816055807588
                   04243.25079321138
                   04212.8805474839
                   04151.27757792635
                   04055.94015187361
                   03925.79077021309
                   03755.72862316284
                   03550.67145422914
                   03288.16385419428
                   02967.13773287059
                   02580.42723907528
                   02136.17308793651
                   01628.40958513164
                   01142.23281991245
                   0794.595422093953
                   0598.4533106954
                   0561.170833028665
                   04924.26551712085
                   04886.85675866334
                   04810.95489769407
                   04693.65005444948
                   04533.54884884418
                   04324.47698956959
                   04073.45481527008
                   03753.59602887501
                   03365.34757788599
                   02903.36166204912
                   02382.07517129514
                   01801.92306881637
                   01268.36117296393
                   0898.649525593164
                   0690.289435476424
                   0647.23029575412
                   05706.86964431371
                   05660.83302138984
                   05567.48779484711
                   05423.3298836274
                   05226.77234211304
                   04971.06680541016
                   04664.41855155601
                   04276.38901180735
                   03809.36340404554
                   03260.57395387974
                   02652.80252955544
                   01994.89496106416
                   01412.1477074612
                   01016.97634310644
                   0794.761211479985
                   0744.748775628355
                   06593.16076248282
                   06536.85946720394
                   06422.84924252143
                   06246.51683616188
                   06006.59714108869
                   05695.11078890638
                   05323.37795480241
                   04855.35491368743
                   04296.88483480517
                   03649.31014603674
                   02946.74501302643
                   02206.06590959156
                   01572.6108708901
                   01148.05167386781
                   0910.200326137275
                   0852.02289311252
                   07599.44101510101
                   07530.81276743864
                   07391.93749317448
                   07177.10827679191
                   06885.52461649042
                   06507.89144180599
                   06058.95133442231
                   05497.92341247025
                   04833.91104463422
                   04075.06517232943
                   03267.86686139336
                   02439.86386956761
                   01752.94207978119
                   01293.84251851755
                   01038.87712019538
                   0970.949160114836
                   08727.91811296005
                   08645.02078067865
                   08476.4821142634
                   08216.67413910372
                   07863.99551246488
                   07409.12142508239
                   06870.42970971328
                   06202.56192239269
                   05418.99939643061
                   04535.90108636674
                   03614.86563401669
                   02695.5081151486
                   01951.54196410329
                   01453.62620542317
                   01179.49319108787
                   01101.97936764225
                   010005.6664813255
                   09905.30355200056
                   09701.40679398588
                   09387.80194225864
                   08963.33572560985
                   08417.64773125559
                   07774.4454778043
                   06982.71471471214
                   06063.38580539368
                   05041.91302591132
                   03997.76847725626
                   02981.05606613087
                   02174.77978377177
                   01528.42596458112
                   01336.52554495751
                   01249.42038499128
                   011429.913897463
                   011309.3785771825
                   011065.2132544375
                   010688.3396053191
                   010180.4413732143
                   09529.84801491567
                   08766.8479820986
                   07834.3248629527
                   06762.29202973565
                   05589.88684950846
                   04414.03736657809
                   03294.23533570168
                   02419.80628884722
                   01724.36956851921
                   01507.24368416804
                   01410.8723191836
                   013015.5792588294
                   012871.6324783893
                   012580.0059394649
                   012130.3564931557
                   011525.6861839551
                   010754.4016380793
                   09854.2145672781
                   08763.16547209195
                   07521.33176558536
                   06184.35607954306
                   04868.46014503268
                   03638.26178880582
                   02689.86216977992
                   01940.58443229514
                   01696.24489434268
                   01584.9691027247
                   014771.3914743382
                   014600.3445165466
                   014254.1807614431
                   013721.4905105574
                   013004.7969475233
                   012095.9521915921
                   011039.8447546445
                   09770.5381752358
                   08342.06359898902
                   06825.85989426384
                   05361.35020694249
                   04013.34814432056
                   02983.76530948541
                   02175.0309445002
                   01900.65985487494
                   01773.89480114391
                   016701.3730408983
                   016499.2756303243
                   016090.1939219205
                   015462.1777760132
                   014619.3882966821
                   013554.7952361212
                   012323.9299073955
                   010858.5877944351
                   09224.64139398743
                   07516.16470836834
                   05895.00722717625
                   04422.28755681772
                   03302.97319335716
                   02430.42441130506
                   02123.55076583816
                   01980.24999704146
                   018821.6518842031
                   018584.2756706597
                   018104.5658874638
                   017367.7262108642
                   016381.7042160949
                   015141.9575713898
                   013715.0420596573
                   012032.3638452202
                   010175.5224679091
                   08259.67015731521
                   06471.63060721494
                   04866.53940030168
                   03646.50031037759
                   02706.26800445708
                   02364.92729828702
                   02204.31764566843
                   021138.9603489063
                   020862.0214359231
                   020301.1576046595
                   019441.9340002649
                   018296.3343215543
                   016860.0925136847
                   015215.665514579
                   013294.182595603
                   011197.092384014
                   09059.39631034958
                   07093.89338373682
                   05347.90163224796
                   04014.1894560521
                   03004.82509262737
                   02624.38530621782
                   02445.88202383944
                   023646.0569343802
                   023324.2180775621
                   022673.0728929174
                   021677.4129088392
                   020354.1863196531
                   018700.8406560576
                   016817.8386789159
                   014637.4267655938
                   012282.6895690697
                   09910.95281984107
                   07757.91001651719
                   05860.59546496367
                   04401.85438878884
                   03322.17106633125
                   02899.96793000319
                   02702.35863517801
                   026354.2555916095
                   025982.7487703838
                   025230.7328735717
                   024083.4411623615
                   022562.9462742941
                   020672.5632275189
                   018528.5167022936
                   016067.3321337155
                   013437.3343296739
                   010818.3610499726
                   08465.38544973203
                   06406.32736159969
                   04810.33480744091
                   03659.26851019728
                   03192.1834479719
                   02974.44711967743
                   029260.817528841
                   028834.0188061475
                   027971.5014007091
                   026657.2434775264
                   024920.5585747189
                   022769.6427237717
                   020344.9017767365
                   017582.3966254404
                   014658.6131019398
                   011780.0887101995
                   09216.66714105756
                   06978.80294180382
                   05042.71235111373
                   04012.35446537256
                   03500.4198718492
                   03261.93897158205
                   032357.0260085809
                   031869.9174670048
                   030886.1788533009
                   029389.5260713229
                   027417.704882964
                   024988.6081586439
                   022258.0426717731
                   019176.5632367955
                   015940.157009385
                   012791.8167291765
                   010003.2077332968
                   07572.18599537096
                   05352.84050378862
                   04374.76467876247
                   03820.91065370156
                   03561.40897829461
                   035716.4273179685
                   035160.6240065785
                   034040.4378218665
                   032336.9540756014
                   030097.7317031707
                   027349.3393511561
                   024292.3503381067
                   020853.7461617239
                   017279.1853571439
                   013831.8163032268
                   010800.6258385423
                   08156.27672947263
                   05773.32982470538
                   04714.36700005253
                   04114.73135833985
                   03834.44497701515
                   039129.8837076003
                   038504.9855240204
                   037234.3647889109
                   035322.2728809239
                   032816.3977754719
                   029752.1100470552
                   026339.8846259055
                   022549.0104344542
                   018638.5385399966
                   014901.8599516855
                   011617.1585149518
                   08765.32547948449
                   06231.81876575359
                   05091.32151231416
                   04437.35278640765
                   04137.83351391464
                   042722.3142510818
                   042023.321407918
                   040609.923385686
                   038476.5983295385
                   035675.7917294427
                   032274.0761548
                   028496.0587628135
                   024331.2943257403
                   020071.8790551646
                   016021.5570354866
                   012475.9103372287
                   09403.13228477864
                   06711.22330282057
                   05486.59249605728
                   04779.04801113899
                   04459.64104220976
                   046488.8417023506
                   045699.8780885333
                   044134.0175592221
                   041744.2080995577
                   038648.082836949
                   034891.1969355977
                   030729.0383641198
                   026177.300117804
                   021556.2533086858
                   017183.4540387468
                   013365.9620714281
                   010067.4284925127
                   07217.05363418935
                   05895.38143166565
                   05132.6554846365
                   04788.44756750335
                   050389.0700058784
                   049522.0153027703
                   047773.9267486364
                   045135.304425898
                   041716.9279228639
                   037593.9059331218
                   033037.8431311839
                   028089.6475224122
                   023088.3851244704
                   018383.406347238
                   014286.4510446535
                   010745.4052949652
                   07736.91964986111
                   06321.46777540166
                   05495.10889018718
                   05128.53680778378
                   054418.9760445043
                   053459.1798115731
                   051528.7097684549
                   048628.9173896416
                   044871.5261743995
                   040357.3001609695
                   035379.0806698422
                   030044.0379916694
                   024659.2347816937
                   019620.5208760717
                   015226.3527158325
                   011430.2441845018
                   08266.54546655867
                   06752.92934897274
                   05866.27876588259
                   05472.90840013314
                   058561.0175618754
                   057510.1868858486
                   055390.0783654193
                   052231.5510542546
                   048135.3653751413
                   043228.0409500545
                   037826.3298872267
                   032019.6160405325
                   026255.7397652639
                   020835.8062509345
                   016156.1466058517
                   012086.1720654936
                   08792.52328055598
                   07185.33244424091
                   06240.8934842916
                   05819.3234200219
                   062788.8561987439
                   061651.0649203589
                   059333.9000269642
                   055885.857471202
                   051433.0944989106
                   046118.7764545245
                   040290.7830341345
                   034064.3988459124
                   027844.0159156814
                   022083.9852818076
                   017103.1967601806
                   012214.954000972
                   09323.15170674685
                   07616.88683296342
                   06613.62544686741
                   06166.26872007793
                   067102.6025952397
                   065859.1955831381
                   063347.7118246993
                   059607.2046012477
                   054792.1804947298
                   049065.6989552984
                   042832.3949048843
                   036124.6270227753
                   029449.7353351683
                   023309.3875704624
                   018025.8469230919
                   012623.2707795638
                   09838.13907580132
                   08050.68919140024
                   06990.27967853571
                   06513.74525326923
                   071464.710877673
                   070109.6310669175
                   067398.4955702642
                   063363.2825972515
                   058191.8000757688
                   052068.8798444345
                   045360.5819410246
                   038193.0264126777
                   031085.6340386061
                   024573.487325938
                   018932.1000174118
                   013275.26796563
                   010352.5106147956
                   08485.64730985643
                   07368.15723595919
                   06861.09120626937
                   075832.8867062898
                   074374.7328568704
                   071460.9125725076
                   067151.2258158797
                   061615.7379199591
                   055037.9364535139
                   047884.0179775121
                   040257.6235784348
                   032711.215292781
                   025824.6753872988
                   019843.7038464335
                   013920.4063160752
                   010857.6613232977
                   08912.52913521803
                   07741.51120294628
                   07206.34835232185
                   080227.9719410866
                   078663.292627227
                   075566.4424744883
                   070955.0989266588
                   065022.9026812792
                   058016.4556973312
                   050409.725845036
                   042320.069241398
                   034333.3671052799
                   027069.3289133815
                   020743.9356644553
                   014573.8199805597
                   011366.7186430773
                   09325.96634201653
                   08111.41260917034
                   07547.94626211431
                   084622.505586657
                   082946.4738007441
                   079653.3046145861
                   074723.0124028044
                   068412.5424898725
                   060974.1898302012
                   052917.6105400863
                   044365.4177406605
                   035933.9142075593
                   028291.1757680356
                   021625.8236144702
                   015216.0778586509
                   011873.6410419508
                   09732.99393562495
                   08471.40957811204
                   07880.82067752674
                   088998.8075139435
                   087244.9627289458
                   083713.8698818294
                   078480.3637718011
                   071789.7057944523
                   063922.5414628936
                   055412.4752463804
                   046396.4340402465
                   037515.6246584859
                   029490.1243889741
                   022485.5014029477
                   015847.9095136289
                   012372.5362409167
                   010138.4658631589
                   08820.09883239766
                   08210.45018258615
                   093326.9756878754
                   091467.6118935774
                   087728.0076916136
                   082191.3292360524
                   075123.7902156489
                   066829.3944045787
                   057872.0887107955
                   048394.8434647799
                   039065.3160369522
                   030650.7723793541
                   023317.8011027809
                   016463.3999398496
                   012858.7667364712
                   010532.9837132338
                   09165.460419155
                   08530.88606566211
                   097583.7608067302
                   095603.9096591849
                   091666.1821008797
                   085830.7478437111
                   078395.6800864523
                   069676.8431854442
                   060276.8337646755
                   050341.2372023925
                   040573.0394486987
                   031766.4598642747
                   024092.3148923851
                   017054.3663917801
                   013329.0708988717
                   010914.7220575708
                   09501.4835646128
                   08838.94843383647
                   0101808.362830038
                   099688.4673668928
                   095549.1236437561
                   089421.1270941123
                   081618.2168984466
                   072484.9209289427
                   062647.344581273
                   052258.938677654
                   042044.9403015702
                   032846.3155958668
                   024445.6498485264
                   017636.4521010139
                   013789.0416488141
                   011290.1540862863
                   09829.7825903871
                   09136.85220976935
                   0105915.78310671
                   0103699.075975768
                   099324.906817312
                   092890.6912123661
                   084726.7189488063
                   075191.991135255
                   064937.6987106082
                   054121.4075723513
                   043428.3102911313
                   033868.4248210338
                   024073.1054636126
                   018189.052420824
                   014235.775865391
                   011651.1499595285
                   010138.6816753604
                   09426.00538135222
                   0109943.282651474
                   0107664.574347591
                   0103110.772066365
                   096395.082564123
                   087872.1907215084
                   077916.322664896
                   067223.5793717137
                   055942.6304291642
                   044734.0221616583
                   034803.7995132092
                   024567.0395732685
                   018662.1210324087
                   014630.979899039
                   011974.882561683
                   010425.7923637871
                   09702.03186216954
                   0113887.530580486
                   0111496.053453109
                   0106746.122366078
                   099746.5081467516
                   090873.4322008505
                   080523.7727658159
                   069414.5924135908
                   057697.1204801664
                   046018.2864335972
                   035717.5268102817
                   025181.73435181
                   019144.7251202498
                   015028.8102810923
                   012299.726293844
                   010708.7190038384
                   09962.10822691191
                   0117695.954717954
                   0115208.035380438
                   0110267.342658219
                   0102993.94899291
                   093781.9726816492
                   083045.1682611827
                   071531.5202187544
                   059385.0680002858
                   047218.0481210417
                   036589.1164681806
                   025777.1078451613
                   019605.6898925205
                   015405.7808745441
                   012609.1183148754
                   010977.7264426744
                   010213.1980460609
                   0121374.805338011
                   0118791.684532496
                   0113667.865148014
                   0106129.156604735
                   096589.2985920247
                   085480.7534926277
                   073573.2579077217
                   061002.7567439134
                   048395.225391033
                   037424.7939067643
                   026358.2116837902
                   020054.1465408532
                   015769.533561122
                   012908.2865597578
                   011238.1570287524
                   010455.3068576003
                   0124931.117107358
                   0122256.707896819
                   0116954.519956964
                   0109158.938936594
                   099300.7351967258
                   087828.7072530647
                   075536.6197082845
                   062558.3892507254
                   049514.5132696473
                   038219.2306877658
                   026917.2229153401
                   020485.0920233393
                   016115.6348382879
                   013193.5319172165
                   011486.3378388111
                   010686.2550633981
                   0128349.616714033
                   0125586.970777845
                   0120112.64955714
                   0112068.291438175
                   0101903.066217629
                   090083.025714114
                   077418.0502249011
                   064039.5233279324
                   050575.0033612943
                   038963.0830890944
                   027445.1881065413
                   020896.3300079158
                   016442.3857560422
                   013463.5267310993
                   011721.1812841216
                   010904.6880797663
                   0131648.566198057
                   0128800.08006606
                   0123158.283231624
                   0114874.417687591
                   0104411.455335879
                   092252.9310792177
                   079226.7085149276
                   065460.8198475479
                   051577.9772144927
                   039652.1800893676
                   027948.6236168317
                   021288.7423598438
                   016752.0466059016
                   013720.1531070432
                   011944.3656624073
                   011112.1724758528
                   0134816.181956141
                   0131885.688719764
                   0126082.790233263
                   0117566.999981634
                   0106817.158731403
                   094333.9457201892
                   080957.0516859741
                   066814.2921547141
                   052525.2456445961
                   040151.4435708112
                   028424.0665262446
                   021663.0321084992
                   017045.1345535215
                   013962.9677521342
                   012155.6919988812
                   011308.704525923
                   0137867.816579142
                   0134857.868242965
                   0128899.588117902
                   0120160.398111214
                   0109133.406994422
                   096333.4505091885
                   082617.1696844995
                   068108.2860986422
                   053419.7652026958
                   040240.3254427872
                   028876.3162196752
                   022018.303928731
                   017323.3783445765
                   014193.4890097106
                   012356.1812230172
                   011495.1181525132
                   0140786.269803227
                   0137700.1293908
                   0131592.149162844
                   0122638.314415176
                   0111345.561763242
                   098241.0154431484
                   084199.5461195635
                   069335.8650876459
                   054252.7789093146
                   039704.5167148639
                   029296.4809623386
                   022352.907478793
                   017585.7885669407
                   014410.2356259762
                   012544.7001964168
                   011670.547755788
                   0143609.918410826
                   0140449.708114457
                   0134196.753839822
                   0125035.452445157
                   0113482.618532647
                   0100086.397786823
                   085724.8702666549
                   070517.1960594307
                   055037.0865577289
                   039310.0866260469
                   029687.5947157794
                   022675.5074740466
                   017837.0666281773
                   014617.8800273333
                   012725.175664739
                   011838.3122686881
                   0146353.889007737
                   0143121.302136245
                   0136728.024682154
                   0127362.037515346
                   0115561.416531778
                   0101877.265938553
                   087205.2622793613
                   071658.421053873
                   055778.2596935613
                   039539.8748519386
                   030056.0629454699
                   022985.2325499395
                   018080.9622949834
                   014817.905583172
                   012899.3772503083
                   012000.0518737602
                   0149111.800544424
                   0145806.772811161
                   0139272.71037056
                   0129704.369052067
                   0117651.618155835
                   0103680.677948422
                   088696.9089282211
                   072805.6419393523
                   056516.8156124283
                   039999.3033074334
                   030427.9432471378
                   023299.7042891096
                   018327.3508797762
                   015020.5515534665
                   013075.628367034
                   012163.8235908467
                   0152037.436792871
                   0148657.748068989
                   0141975.443650851
                   0132195.040856626
                   0119876.720033899
                   0105605.524810805
                   090289.4264185706
                   074036.1578210371
                   057321.07244379
                   040540.7437768011
                   030846.5300900359
                   023645.3438160609
                   018597.8590452238
                   015242.9117559502
                   013268.5330416431
                   012343.3206212672
                   0155552.751086697
                   0152084.355249071
                   0145229.806995522
                   0135199.605692614
                   0122569.883714626
                   0107941.291781676
                   092236.409758374
                   075554.0735883327
                   058292.520508594
                   041256.6300830035
                   031396.2341308172
                   024087.0414489325
                   018944.5132291118
                   015527.1749571465
                   013515.6556674754
                   012572.9053932467
                   0158972.054730514
                   0155422.133580882
                   0148407.215402701
                   0138139.804522927
                   0125220.766082086
                   0110256.207009934
                   094190.3803372772
                   077114.153505152
                   059334.5817959748
                   042057.9604644855
                   032008.4826912246
                   024564.4697555606
                   019319.834894692
                   015834.7642457508
                   013783.1720465418
                   012821.5865220797
                   0161005.554532919
                   0157409.02854267
                   0150301.742965901
                   0139905.129923942
                   0126811.128854752
                   0111653.495468529
                   095377.4969378909
                   078074.3048995976
                   060031.1881462207
                   042568.6829286392
                   032397.3886298875
                   024865.523792237
                   019556.2363169414
                   016028.5767468959
                   013951.6523848015
                   012978.2222426464
                   0163166.2175829
                   0159520.126330061
                   0152315.409680934
                   0141776.074335504
                   0128507.684274574
                   0113137.959069382
                   096639.292870676
                   079096.1240192613
                   060963.2102460118
                   043112.4573467714
                   032811.5413604935
                   025185.2186307618
                   019807.6054162056
                   016234.2143214045
                   014130.5547916235
                   013144.6310924543
                   0165489.836528276
                   0161790.059689363
                   0154480.79946595
                   0143788.645102363
                   0130328.923019956
                   0114739.398455055
                   097996.0865430137
                   080198.1442709521
                   061576.7216101157
                   043697.2200972315
                   033256.5974720479
                   025528.163377993
                   020077.4212702557
                   016455.3952441487
                   014323.1465519991
                   013323.4241264398
                   0168003.7663454
                   0164246.639464987
                   0156824.194351443
                   0145966.36466003
                   0132299.157913081
                   0116467.954419698
                   099464.3172311932
                   081388.0722583319
                   062435.523786252
                   044332.0723272519
                   033740.1820431798
                   025900.5353265726
                   020370.1970832154
                   016695.0554986605
                   014531.5762249288
                   013517.3505368376
                   0170722.140108754
                   0166903.098161087
                   0159350.742946845
                   0148315.116068397
                   0134423.72199255
                   0118333.773914974
                   0101053.887779907
                   082672.3886446561
                   063600.0078596309
                   045014.9901883737
                   034260.7472065452
                   026301.996804647
                   020685.3977828156
                   016953.4433114607
                   014756.414041581
                   013726.4681281226
                   0173660.411442534
                   0169774.025148472
                   0162095.902114131
                   0150865.683198099
                   0136725.263153397
                   0120354.615990938
                   0102770.584713864
                   084063.5382980142
                   064379.9597902794
                   045756.2809832566
                   034825.1642710794
                   026737.1557125097
                   021027.2889112876
                   017233.1535918344
                   014999.7694684129
                   013952.6058777913
                   0176842.067718392
                   0172882.77308465
                   0165060.886980896
                   0153621.551070786
                   0139221.288051721
                   0122542.706647361
                   0104629.80133848
                   085568.2545382616
                   065463.383131931
                   046557.822385659
                   035436.1145058672
                   027207.4431781641
                   021396.403966001
                   017535.8308890602
                   015262.978148581
                   014197.3195512629
                   0180310.196686604
                   0176271.325535253
                   0168293.531692328
                   0156625.422411714
                   0141937.687333185
                   0124925.807536391
                   0106656.679256594
                   087209.2448442489
                   066645.7182006172
                   047432.4072106984
                   036103.116108226
                   027720.7752114902
                   021799.2327380595
                   017865.3456686597
                   015550.0032032079
                   014464.2546029283
                   0184069.711042004
                   0179945.016783771
                   0171797.533479608
                   0159882.666264402
                   0144884.193349366
                   0127511.674993266
                   0108854.116147069
                   088988.5640909629
                   067928.3222254212
                   048381.2680977854
                   036825.4914972778
                   028276.8112723342
                   022235.8235813579
                   018222.9799616808
                   015860.9488428564
                   014753.4589724335
                   0188159.752980687
                   0183941.7360485
                   0175609.505997594
                   0163426.490162206
                   0148089.577263288
                   0130323.505201271
                   0111244.767273907
                   090923.7542458798
                   069322.9651776527
                   049413.5207090904
                   037612.0904832553
                   028882.0616842211
                   022711.0491573725
                   018612.1699840731
                   016199.2394028439
                   015067.8682607246
                   0192614.551901523
                   0188295.007408045
                   0179763.014243013
                   0167287.414723464
                   0151580.520918459
                   0133387.272136896
                   0113847.063762389
                   093030.3431653077
                   070839.1810630404
                   050538.0822765573
                   038467.34423684
                   029540.2463830956
                   023227.3645794885
                   019034.8128398688
                   016567.2943788576
                   015410.096453475
                   0197460.831212107
                   0193030.437219483
                   0184279.520190063
                   0171485.021991644
                   0155377.787622945
                   0136720.700412654
                   0116678.733670093
                   095321.152403411
                   072487.0475655299
                   051759.9256584231
                   039397.4113387602
                   030256.0706615193
                   023790.1484406971
                   019495.1103957786
                   016967.372483856
                   015782.0921735038
                   0202747.117020318
                   0198195.765581656
                   0189207.398565099
                   0176064.563069057
                   0159519.724067042
                   0140355.600288761
                   0119766.568470609
                   097818.2930287393
                   074279.5417185166
                   053090.9551048218
                   040410.4338684919
                   031035.2403436317
                   024401.6001351347
                   019995.7757112314
                   017403.0504642392
                   016187.0198722296
                   0208527.509614401
                   0203844.188276085
                   0194595.838674616
                   0181071.620141435
                   0164049.345446428
                   0144330.568108116
                   0123143.203504852
                   0100549.112122213
                   076236.4526815948
                   054547.4507116405
                   041518.8030639619
                   031887.1683026437
                   025070.8263225976
                   020543.2923479982
                   017879.4506411762
                   016629.8875040781
                   0214853.174570905
                   0210025.850070727
                   0200491.141498495
                   0186550.777017851
                   0169005.223939832
                   0148683.308996385
                   0126838.369355341
                   0103536.198764051
                   078373.0548364302
                   056139.5000707196
                   042731.8800144517
                   032819.1485493429
                   025802.1628792451
                   021141.6360031172
                   018399.8026037593
                   017113.7861234637
                   0221775.250276514
                   0216788.661506539
                   0206941.469388486
                   0192547.806691187
                   0174428.186829456
                   0153440.859926799
                   0130879.036630178
                   0106801.399847928
                   080706.7684457789
                   057880.4184738915
                   044058.0424529819
                   033837.6241562332
                   026601.3066369794
                   021796.1055572266
                   018969.0375239715
                   017642.8726364328
                   0229376.201979147
                   0224216.293876559
                   0214026.509135405
                   0199131.551513154
                   0180382.329607908
                   0158665.794303922
                   0135314.151624721
                   0110384.567715724
                   083262.5558366681
                   059791.1048247228
                   045511.4522190779
                   034954.8081879581
                   027478.3628512297
                   022512.9415200698
                   019592.5282417172
                   018222.7834750007
                   0237713.393756725
                   0232362.441144526
                   0221788.554929932
                   0206346.299177982
                   0186906.1267901
                   0164391.304702344
                   0140173.019630117
                   0114308.018827757
                   086053.3007937851
                   061880.2841221113
                   047100.7867415387
                   036176.7674714029
                   028437.4598186286
                   023298.0132942197
                   020275.0748456233
                   018856.7842811543
                   0246901.169252857
                   0241339.266279286
                   0230356.229642908
                   0214302.068050253
                   0194101.087717906
                   0170702.401561659
                   0145529.704103075
                   0118634.032421247
                   089122.8053542394
                   064182.3927110461
                   048852.7205633776
                   037521.5507308297
                   029493.2872628012
                   024161.8833689764
                   021026.4155993775
                   019555.0737028867
                   0257021.555336074
                   0251227.169149382
                   0239787.400577309
                   0223069.408715604
                   0202023.786702457
                   0177651.744714275
                   0151428.963017677
                   0123391.564343892
                   092493.5149450093
                   066713.4832753269
                   050780.6042514266
                   039002.3613044873
                   030655.2480008011
                   025111.9092961423
                   021852.5995402571
                   020322.9630750718
                   0268196.410422375
                   0262146.429758447
                   0250201.235368947
                   0232746.186808353
                   0210772.053772206
                   0185324.337453478
                   0157941.99158116
                   0128639.274552688
                   096204.1978035988
                   069505.8066192106
                   052905.2499677166
                   040634.1654690514
                   031935.3233811039
                   026158.8592912592
                   022762.7991754284
                   021169.2515157656
                   0280550.208198162
                   0274216.519206307
                   0261712.599160083
                   0243442.036036552
                   0220438.933416461
                   0193802.833475789
                   0165133.449796151
                   0134434.71687094
                   0100290.525500493
                   072588.9407853225
                   055251.355137586
                   042435.6548176113
                   033348.2948846147
                   027314.0474453866
                   023767.2684282999
                   022102.7305496149
                   0294240.778591279
                   0287592.334619318
                   0274468.040842261
                   0255292.48806964
                   0231150.255889342
                   0203195.390714815
                   0173098.248929451
                   0140847.435567751
                   0104800.310345417
                   075996.5572520071
                   057844.3603274118
                   044426.2036033602
                   034909.5336594536
                   028590.5961458712
                   024877.5192593282
                   023134.0701283551
                   0309430.503206257
                   0302432.18427931
                   0288619.095158851
                   0268438.681842644
                   0243038.307117061
                   0213611.194819747
                   0181927.868066059
                   0147952.484348907
                   0109784.098048446
                   079771.0390138644
                   060716.1603128514
                   046630.5305137184
                   036638.2646744755
                   030003.4109679554
                   026105.5049802832
                   024275.4246766759
                   0326337.494852414
                   0318949.046086204
                   0304370.075280917
                   0283070.51687896
                   0256262.104457346
                   0225198.857860977
                   0191750.368101715
                   0155849.545742724
                   0115309.923459703
                   083962.7193056376
                   063908.2422328586
                   049077.9706659837
                   038557.3954776399
                   031571.8034755912
                   027469.4631957068
                   025542.350793981
                   0345179.986901158
                   0337357.496759342
                   0321921.911236544
                   0299374.719169311
                   0270994.996178167
                   0238108.769427952
                   0202686.82033017
                   0164635.671290548
                   0121442.639143334
                   088625.8736860796
                   067455.5592503942
                   051799.6400324236
                   040690.5869446857
                   033315.2728037649
                   028984.3686900851
                   026950.3169329929
                   0366248.973197482
                   0357940.356888452
                   0341545.648253016
                   0317601.831016549
                   0287463.541703589
                   0252542.48574612
                   0214904.366416192
                   0174440.901666687
                   0128269.589758307
                   093826.7552056231
                   071412.1450302105
                   054834.2000283131
                   043068.9451626253
                   035258.6588499175
                   030674.0405280927
                   028519.7080209683
                   0389848.821516194
                   0380994.229320429
                   0363525.364281745
                   0338014.597374204
                   0305903.138862039
                   0268694.977467783
                   0228575.225848573
                   0185401.129051596
                   0135883.645329916
                   099637.1875241376
                   075831.3864361961
                   058223.5118382989
                   045724.6802251674
                   037428.4216408952
                   032559.4570408783
                   030271.6458745083
                   0416355.255641897
                   0406887.415686537
                   0388209.987759279
                   0360937.351434755
                   0326607.624603434
                   0286825.723598576
                   0243914.471589809
                   0197685.080637718
                   0144399.780740099
                   0106147.202656215
                   080783.1056695052
                   062019.7585428696
                   048698.4897121648
                   039857.4629463531
                   034670.4099630436
                   032232.3930667809
                   0446187.015796686
                   0436014.600687441
                   0415975.975916601
                   0386717.854639643
                   0349889.901187895
                   0307209.767345954
                   0261149.562063947
                   0211473.990278027
                   0153937.229257264
                   0113452.202839203
                   086337.040933237
                   066277.2915860434
                   052033.4848363638
                   042580.2744228008
                   037036.7133806402
                   034430.3871147168
                   0479896.740256637
                   0468953.17476314
                   0447369.61381739
                   0415852.726381051
                   0376194.787160531
                   0330232.680197915
                   0280605.795114946
                   0227018.749694173
                   0164666.463965477
                   0121682.689056307
                   092595.2959899532
                   071073.7237904951
                   055788.8148832197
                   045646.5854860857
                   039700.3266716995
                   036904.5102010697
                   0517997.562895806
                   0506167.678706636
                   0482838.237570652
                   0448774.04373907
                   0405913.705915088
                   0356235.293629692
                   0302568.536612658
                   0244546.710626635
                   0176742.859583559
                   0130958.258697553
                   099647.0795566311
                   076476.9424076163
                   060018.7182869738
                   049099.1561250394
                   042699.7708998776
                   039689.8704125071
                   0561318.957520332
                   0548479.405579902
                   0523161.295662458
                   0486207.606660395
                   0439685.369883917
                   0385773.403962454
                   0327507.343206562
                   0264412.090852976
                   0190408.092365576
                   0141469.830963
                   0107636.026493409
                   082597.1949884541
                   064809.3617845359
                   053008.0333242656
                   046095.3459401322
                   042843.1613210014
                   0610599.308711744
                   0596608.237747695
                   0569022.804485667
                   0528766.621230429
                   0478080.645451996
                   0419343.669519579
                   0355825.69272328
                   0286935.075320951
                   0205885.605799259
                   0153384.426587139
                   0116693.036755634
                   089533.7764593597
                   070236.0878108098
                   057436.1654849561
                   049940.9984821635
                   046413.6712190892
                   0666885.506323641
                   0651576.621762527
                   0621395.16172357
                   0577357.813890547
                   0521922.915086304
                   0457647.316623559
                   0388110.959349313
                   0312574.038283246
                   0223487.617326677
                   0166949.475841243
                   0126999.002974646
                   097425.0488314068
                   076410.3543004282
                   062471.9168740174
                   054313.639833798
                   050473.3946113664
                   0731306.18618115
                   0714486.76134718
                   0681327.599020781
                   0632952.211391274
                   0572055.045601191
                   0501439.271955163
                   0424993.414558
                   0341807.711930862
                   0243555.809899241
                   0182416.572807403
                   0138750.015178392
                   0106423.47181101
                   083445.8424894651
                   068209.0353270494
                   059294.7096560636
                   055098.3988401911
                   0805295.81839991
                   0786734.754992357
                   0750145.460514199
                   0696775.889824755
                   0629592.410417162
                   0551671.622131146
                   0467263.156852772
                   0375249.578594416
                   0266493.911821725
                   0200111.025339232
                   0152192.619865045
                   0116712.2026677
                   091491.4085730582
                   074769.1081171145
                   064989.0794608703
                   060383.4898743029
                   0890523.735203956
                   0869951.828767675
                   0829399.804538107
                   0770260.536245642
                   0695813.638030365
                   0609475.018429451
                   0515840.930195809
                   0413596.00994271
                   0292844.706077797
                   0220408.581201423
                   0167606.27379399
                   0128511.805327778
                   0100715.55559204
                   082287.4822457791
                   071514.0807954803
                   066440.9935345564
                   0988915.417445828
                   0966015.019804042
                   0920874.135643631
                   0855054.754358116
                   0772196.751353127
                   0676094.079122649
                   0571782.003452814
                   0457658.51519225
                   0323050.791056434
                   0243729.266702059
                   0185322.694002281
                   0142069.346903393
                   0111310.220145027
                   090922.3104312192
                   079007.5555171374
                   073395.3756586891
                   01103018.08089103
                   01077372.33258403
                   01026890.42850163
                   0953301.859304035
                   0860662.786740291
                   0753202.153072462
                   0636453.750869731
                   0508468.261621691
                   0357939.304345648
                   0270626.267503576
                   0205753.077960778
                   0157704.297187803
                   0123528.474797174
                   0100878.299919588
                   087644.2838252184
                   081410.9245167824
                   01235493.88741994
                   01206713.85317827
                   01150001.36482419
                   01067322.36498291
                   0963278.783087847
                   0842583.110252389
                   0711326.21583885
                   0567141.461734803
                   0398243.444718088
                   0301686.789370615
                   0229349.988393786
                   0175764.209257245
                   0137637.121396101
                   0112371.741948279
                   097615.7874591122
                   090663.1495948573
                   01389725.3451059
                   01357250.27699496
                   01293258.9449564
                   01199974.85237373
                   01082607.03705343
                   0946433.089766042
                   0798194.633937886
                   0635015.359528122
                   0445027.632269749
                   0337616.570737911
                   0256653.359952824
                   0196655.567439227
                   0153956.968185709
                   0125663.80981593
                   0109146.596909886
                   0101362.482529755
                   01569198.3448306
                   01532402.52207893
                   01459896.96826029
                   01354263.38704728
                   01221276.4292154
                   01067008.29662744
                   0898921.914545336
                   0713470.922851031
                   0499172.558360893
                   0379123.227090642
                   0288200.518115595
                   0220798.236693685
                   0172816.234054458
                   0141022.589550195
                   0122467.038420047
                   0113721.980104915
                   01779118.55999947
                   01737238.91311869
                   01654721.58461402
                   01534534.33968015
                   01383220.46179537
                   01207676.42826676
                   01016210.74308125
                   0804512.545672285
                   0561989.329059525
                   0427273.692120526
                   0324810.603031635
                   0248814.799864199
                   0194698.539792873
                   0158841.659912246
                   0137919.374762309
                   0128058.529167651
                   02024820.04475574
                   01976949.85412923
                   01882642.1366963
                   01745321.40509449
                   01572481.46619386
                   01371843.10276037
                   01152817.30200312
                   0910141.54544752
                   0634759.299273254
                   0483080.367213761
                   0367257.732668766
                   0281304.582101882
                   0220071.708277859
                   0179503.37831498
                   0155834.801882501
                   0144677.572179866
                   02313026.21746505
                   02258083.70683621
                   02149847.43690081
                   01992290.91283767
                   01793999.70275754
                   01563769.73582978
                   01312166.72718943
                   01032838.95685141
                   0719095.07141964
                   0547820.964618427
                   0416525.753095141
                   0319022.248986095
                   0249528.172201229
                   0203482.142183006
                   0176624.731838781
                   0163963.273100498
                   02649153.02311035
                   02585891.91095322
                   02461287.14950705
                   02279963.85724645
                   02051775.58957926
                   01786827.57500541
                   01496859.15653784
                   01174386.12843583
                   0816111.266553314
                   0622374.65756776
                   0473288.571581306
                   0362484.991066385
                   0283468.665896251
                   0231113.676594287
                   0200580.163803999
                   0186181.436420603
                   03043787.74698276
                   02970668.00696848
                   02826674.89405333
                   02617208.2302984
                   02353627.20187964
                   02047531.60956371
                   01712127.06799692
                   01338493.28789475
                   0928177.40701242
                   0708596.777714919
                   0538986.05644475
                   0412800.765687689
                   0322761.364849089
                   0263095.554855792
                   0228303.883345073
                   0211894.245683888
                   03505262.12106376
                   03420481.32787306
                   03253498.76800547
                   03010809.68230499
                   02705467.26005781
                   02350806.86280907
                   01961697.64981219
                   01527602.9245973
                   01056789.12177114
                   0807656.474265278
                   0614513.825776985
                   0470661.995399722
                   0367949.086270378
                   0299869.348112834
                   0260179.073207921
                   0241452.298079089
                   04041752.02843415
                   03943281.06883786
                   03749429.75137363
                   03467586.01724931
                   03113151.06139011
                   02701395.82553433
                   02249074.85551089
                   01743846.77755766
                   01203099.44603314
                   0920503.294303026
                   0700633.633039103
                   0536657.065875578
                   0419479.538280949
                   0341804.837099882
                   0296521.055314978
                   0275151.618733922
                   04662333.62355222
                   04547796.345973
                   04322370.68790569
                   03994857.99618
                   03582818.65530783
                   03104180.72095631
                   02577703.24793243
                   01989129.809115
                   01368006.3237814
                   01047903.83049927
                   0797950.781419124
                   0611262.17093914
                   0477734.945422464
                   0389204.947574426
                   0337594.965217274
                   0313231.723664074
                   05370571.67766858
                   05237414.47823565
                   04975382.44975613
                   04594872.96390569
                   04116225.94044612
                   03560105.14195017
                   02947663.76044618
                   02262561.68539223
                   01550457.14411807
                   01189137.12430701
                   0905960.629017626
                   0694089.070173747
                   0542411.665910579
                   0441816.845117502
                   0383173.935212329
                   0355485.808530111
                   05349418.35148618
                   05215456.1171814
                   04951997.67472313
                   04569820.26070368
                   04088728.58915676
                   03529561.18531817
                   02913245.80140711
                   02223785.24917954
                   01518117.86667808
                   01165689.32671661
                   0888593.99153647
                   0680906.209765383
                   0532067.441465272
                   0433323.898845494
                   0375761.428293711
                   0348569.978501166
                   05182424.45901052
                   05051499.1231383
                   04793840.73343708
                   04420151.99955225
                   03950357.53213153
                   03403957.48331878
                   02801125.61165222
                   02127188.24143082
                   01446941.37834029
                   01112202.61446473
                   0848270.507049677
                   0650117.461367183
                   0507985.038027046
                   0413656.837146414
                   0358665.735865511
                   0332687.158823344
                   05005289.92879278
                   04877640.82967719
                   04627042.68851214
                   04262800.70698347
                   03805190.6896424
                   03273179.57272779
                   02685541.01610724
                   02029475.58083293
                   01375811.2938784
                   01058492.43899587
                   0807714.618748927
                   0619143.125878247
                   0483756.179758863
                   0393882.348072343
                   0341487.877523981
                   0316724.25213042
                   04818031.30476905
                   04694192.12010142
                   04450491.83044977
                   04097347.53114504
                   03653401.33255914
                   03137171.14735913
                   02566821.38480593
                   01930394.77689166
                   01304553.86302776
                   01004479.49715993
                   0766859.892354545
                   0587923.250149826
                   0459346.545406132
                   0373968.554887401
                   0324191.402862081
                   0300660.568408091
                   04620398.03057197
                   04500612.00008213
                   04265276.76740303
                   03923577.22864225
                   03494726.14612393
                   02995705.63350759
                   02443833.42754695
                   01829649.55329337
                   01232950.46383362
                   0950027.680505223
                   0725613.5930084
                   0556387.975759607
                   0434694.413887155
                   0353864.042035509
                   0306734.431083578
                   0284449.596953519
                   04412562.48925533
                   04300110.13795655
                   04071382.86292248
                   03742053.67277541
                   03329017.07107413
                   02850687.00299379
                   02317521.25513897
                   01727209.30815489
                   01160940.79184996
                   0895122.499106004
                   0683965.162587713
                   0524531.001337769
                   0409789.668918039
                   0333560.019415134
                   0289111.218836235
                   0268087.273737032
                   04194090.87222946
                   04083862.88225785
                   03866317.77118338
                   03551658.09448383
                   03156180.12448172
                   02696248.12074429
                   02187255.61995344
                   01622794.93990507
                   01088300.15758529
                   0839621.852374392
                   0641814.730838744
                   0492269.232730257
                   0384574.084624978
                   0313008.828689905
                   0271274.740743399
                   0251531.404566936
                   03965860.54264945
                   03860415.78944942
                   03653375.04126606
                   03353577.47778343
                   02976782.40487392
                   02538497.82606846
                   02053420.08326694
                   01516653.004876
                   01015159.53834221
                   0783637.410655501
                   0599243.784387163
                   0459682.029154
                   0359102.59725351
                   0292250.735248674
                   0253264.48818321
                   0234817.913141013
                   03727477.14009778
                   03627380.91075607
                   03431317.3428719
                   03147496.3065195
                   02790564.4900042
                   02375306.59635853
                   01916031.31799536
                   01408585.85455302
                   0941366.697354338
                   0727063.290269383
                   0556177.136075617
                   0426696.359124539
                   0333324.63256601
                   0271247.554364559
                   0235045.405870202
                   0217911.589023584
                   03480437.2326822
                   03386069.08380648
                   03201522.53525146
                   02934312.49580866
                   02598521.48529577
                   02207704.53787615
                   01775382.18700399
                   01299211.92410119
                   0867292.10252722
                   0670191.23872171
                   0512846.394774868
                   0393501.646071931
                   0307382.0141134
                   0250117.031749153
                   0216717.041005677
                   0200906.717704899
                   03226097.0901877
                   03137257.7822672
                   02964555.18174941
                   02715018.81540508
                   02401153.80924529
                   02036053.40733816
                   01632265.83614746
                   01188722.07978624
                   0793028.879282754
                   0613101.46950741
                   0469312.02618503
                   0360139.813038186
                   0281312.328695571
                   0228884.05863708
                   0198304.918943497
                   0183826.746164699
                   02964388.23251848
                   02882362.09965151
                   02722447.55466978
                   02491127.67500921
                   02200225.13771387
                   01861775.45719806
                   01487628.42456226
                   01077999.69491673
                   0719106.492663729
                   0556208.845826675
                   0425896.276331886
                   0326857.314415158
                   0255306.282923016
                   0207707.836223664
                   0179944.032069577
                   0166796.442237491
                   02699533.35075514
                   02624002.789593
                   02477003.59678574
                   02264426.33387511
                   01997169.37971858
                   01686132.27176742
                   01342527.14202334
                   0967816.488369377
                   0645987.878801358
                   0499877.01947805
                   0382874.523949361
                   0293871.418628534
                   0229533.386388826
                   0186724.792039307
                   0161753.362025511
                   0149926.193005058
                   02436475.35745039
                   02365231.62665734
                   02231540.20736824
                   02037892.69172789
                   01794424.8070595
                   01511286.3983682
                   01198754.6321046
                   0859545.853455587
                   0574461.199805088
                   0444724.6401088
                   0340727.969532315
                   0261550.166732461
                   0204279.808259601
                   0166168.466621598
                   0143935.278844841
                   0133402.555143525
                   02169552.59080161
                   02107022.81153932
                   01986262.51426381
                   01812182.93107129
                   01592811.09880867
                   01337715.13176641
                   01056672.5261015
                   0753393.69862374
                   0504617.913930458
                   0390818.812079385
                   0299514.666356348
                   0229937.276278902
                   0179583.504702244
                   0146067.642402762
                   0126514.988743474
                   0117250.237314
                   01909813.42557897
                   01854458.0216293
                   01747089.43826368
                   01591559.74726116
                   01396184.24978509
                   01169155.30768496
                   0919300.571679707
                   0651764.325004681
                   0437858.019156809
                   0339256.805190609
                   0260072.613489246
                   0199677.98865146
                   0155945.302786341
                   0126831.85525835
                   0109845.951711826
                   0101796.214426065
                   01658665.36109481
                   01610078.76683667
                   01515650.95792281
                   01378436.88523425
                   01206453.90490149
                   01006760.63412478
                   0787622.725440492
                   0555278.800144201
                   0374489.170244039
                   0290275.536669238
                   0222588.571197069
                   0170915.908256314
                   0133477.836526502
                   0108551.488327395
                   094007.0846457518
                   087112.9850650423
                   01419156.93027213
                   01376689.18198651
                   01294400.62390553
                   01175366.02341574
                   01026013.87465345
                   0852781.336847919
                   0663865.315108294
                   0465270.572121803
                   0315255.010256
                   0244462.990029267
                   0187510.117801804
                   0143995.477279739
                   0112452.233977491
                   091444.5582149418
                   079186.9564425967
                   073375.7645364508
                   01194186.97855427
                   01157967.61128058
                   01087254.20356852
                   0985278.296253724
                   0857272.015939134
                   0709224.783458624
                   0548118.602822699
                   0382842.508072034
                   0260773.1660606
                   0202295.488919442
                   0155211.62784137
                   0119205.053895705
                   093089.5370776695
                   075694.7198992049
                   065543.1889579811
                   060729.712544204
                   0986482.498983465
                   0955676.167448321
                   0896017.456620706
                   0809895.496236352
                   0702005.885244309
                   0577571.023304602
                   0443193.480044815
                   0308671.129349333
                   0211432.599688999
                   0164086.529851928
                   0125931.761729053
                   096728.0774356438
                   075535.1494655076
                   061415.4997507442
                   053175.5763518126
                   049267.3143056198
                   0797934.332747184
                   0772481.67565988
                   0722770.002510759
                   0651257.410707848
                   0561886.049499813
                   0459263.772769643
                   0349678.047485135
                   0243337.454642512
                   0167606.944391993
                   0130126.964612653
                   099897.4565333143
                   076739.5567811823
                   059924.144097753
                   048718.9531334368
                   042179.5156230191
                   039077.0765752027
                   0630425.489435961
                   0609460.26218952
                   0568919.226855354
                   0510655.462400096
                   0438013.258423977
                   0355559.168350905
                   0268285.509624547
                   0187005.672377299
                   0129470.87856427
                   0100560.00212422
                   077221.5033308757
                   059326.2933265956
                   046325.5804241211
                   037660.2381861393
                   032602.3934054526
                   030202.3028296296
                   0484364.995328435
                   0467692.668836506
                   0435193.955681118
                   0388646.480755855
                   0331058.473316372
                   0266089.780365009
                   0199273.815138683
                   0139507.519757753
                   097027.2071775412
                   075391.1334831936
                   057910.5414249899
                   044495.0385199729
                   034743.1576722672
                   028241.8465275304
                   024446.8165329477
                   022645.5894535348
                   0360138.350584938
                   0346962.674765997
                   0321577.275483887
                   0285681.434521466
                   0240945.11618604
                   0191597.5374149
                   0142460.167400328
                   0100425.019028039
                   070118.038321485
                   054504.2136939434
                   041879.314231278
                   032180.4542840055
                   025126.6806136716
                   020422.795856618
                   017676.626108281
                   016373.0063820321
                   0256661.191293059
                   0246734.952340247
                   0227480.317894379
                   0200294.332658275
                   0167312.10499681
                   0131364.284431794
                   097111.1404342164
                   069058.1141978869
                   048380.7129446228
                   037622.8218480875
                   028916.1127072497
                   022221.594834253
                   017349.8704536725
                   014100.3679607175
                   012203.1500549071
                   011302.1567978004
                   0172425.120014984
                   0165128.732826436
                   0151202.195204561
                   0131725.840600841
                   0108532.708312186
                   084123.5558576801
                   061992.5206775572
                   044518.8456220788
                   031284.0949683976
                   024337.5379616475
                   018711.0619790073
                   014380.1005883115
                   011226.8987772623
                   09123.01757678486
                   07894.43143958945
                   07310.96114727285
