             93260.3                 370
                 160
    5339499999.99999    5006048181.56798    4694834386.17908     4404375551.9889    4133287523.08679    3880278453.42319    3644142650.63143    3423754830.40722    3218064754.06581     3026092223.7223    2846922411.24519    2679701498.72381    2523632609.67446    2377972011.59593    2242025571.77804    2115145449.47348    1996727008.66999    1886205936.75086    1783055555.31303    1686784310.32767    1596933429.68293    1513074736.94594    1434808610.92584    1361762081.31434    1293587051.32867    1229958638.88707    1170573628.41199    1115149025.88302    1063420710.25388    1015142174.80693    970083352.447181    928029519.337887    888780271.653059     852148570.57075    817959850.956071    786051189.486468     756270528.25502    728475950.151918    702535002.571022    678324066.218666    655727766.016837    634638421.293436    614955532.639546    596585302.988383    579440190.633658    563438492.057314    548503952.578627    534565402.969263    521556420.302608    509415011.421182    498083317.513724    487507338.394137    477636675.168376    468424290.062966    459826282.270656    451801678.744993    444312238.946896    437322272.612741    430798469.675567    424709741.528891    419027072.876705    413723383.463642    408773399.026417    404153530.851552    399841763.365451    395817549.221131    392061711.381647    388556351.733625    385284765.795381     382231363.11319    379381592.966356    376721875.027037    374239534.644394    371922742.444663    369760457.959318    367742377.012693    365858882.618348    364100999.150164     362460349.56979    360929115.506614           359500000    359348101.265823    359196202.531646    359044303.797468    358892405.063291    358740506.329114    358588607.594937    358436708.860759    358284810.126582    358132911.392405    357981012.658228    357829113.924051    357677215.189873    357525316.455696    357373417.721519    357221518.987342    357069620.253165    356917721.518987     356765822.78481    356613924.050633    356462025.316456    356310126.582278    356158227.848101    356006329.113924    355854430.379747     355702531.64557    355550632.911392    355398734.177215    355246835.443038    355094936.708861    354943037.974684    354791139.240506    354639240.506329    354487341.772152    354335443.037975    354183544.303797     354031645.56962    353879746.835443    353727848.101266    353575949.367089    353424050.632911    353272151.898734    353120253.164557     352968354.43038    352816455.696203    352664556.962025    352512658.227848    352360759.493671    352208860.759494    352056962.025316    351905063.291139    351753164.556962    351601265.822785    351449367.088608     351297468.35443    351145569.620253    350993670.886076    350841772.151899    350689873.417722    350537974.683544    350386075.949367     350234177.21519    350082278.481013    349930379.746835    349778481.012658    349626582.278481    349474683.544304    349322784.810127    349170886.075949    349018987.341772    348867088.607595    348715189.873418    348563291.139241    348411392.405063    348259493.670886    348107594.936709    347955696.202532    347803797.468354    347651898.734177           347500000
                  17
                   0   0.196349540849363   0.392699081698725   0.589048622548088    0.78539816339745   0.981747704246813    1.17809724509618    1.37444678594554     1.5707963267949    1.76714586764426    1.96349540849363    2.15984494934299    2.35619449019235    2.55254403104171    2.74889357189108    2.94524311274044     3.1415926535898
                   2
                   0     6.2831853071796
                   038.4039918670728
                   038.3755028821778
                   038.3192561555545
                   038.2345901826255
                   038.1183215120543
                   037.9639091235316
                   037.764598274231
                   037.5007646504276
                   037.1595764580793
                   036.6988978780477
                   036.0495316744788
                   035.061777060915
                   033.4189118040912
                   030.2648892783749
                   022.6442556102162
                   03.55759561238744
                   044.9539845315247
                   044.9187025048241
                   044.8486594390694
                   044.7416198289995
                   044.5936096296727
                   044.3963167578204
                   044.1400401402968
                   043.8029467526104
                   043.3683771274935
                   042.7799269908668
                   041.9510412556203
                   040.6935806058473
                   038.6067506322938
                   034.6177861701818
                   025.1633836198657
                   03.87254657269019
                   052.5963514898555
                   052.5523559046118
                   052.4644586084905
                   052.3292025308587
                   052.1406407138824
                   051.8882177977493
                   051.5593447317038
                   051.1285886043488
                   050.5743260093117
                   049.8231918774057
                   048.7663427214862
                   047.1652845709698
                   044.5165176983087
                   039.4923036858884
                   027.8301112870448
                   04.28438032160117
                   061.5332577069774
                   061.4781869408198
                   061.3670567710336
                   061.1955123308326
                   060.9553339811858
                   060.6322248483698
                   060.2111730472177
                   059.6611918506193
                   058.9549060966656
                   057.9973103078485
                   056.651457382617
                   054.6148411311301
                   051.2544576239688
                   044.9465455551455
                   030.6267126381527
                   04.81450653309618
                   072.0011838535233
                   071.9318942900207
                   071.7912137224883
                   071.5726865929675
                   071.2661542269678
                   070.8515879487131
                   070.3150801956438
                   069.6146208639404
                   068.7136449425423
                   067.4929482473052
                   065.7810051539685
                   063.1917303812671
                   058.9422387697426
                   051.0396657278155
                   033.5440251420069
                   05.49233105126678
                   084.2648530152664
                   084.1771373095076
                   083.9984145482669
                   083.719869806342
                   083.3283095715121
                   082.7960214184548
                   082.1135066943049
                   081.2221610884253
                   080.0726397200895
                   078.5180834412539
                   076.3413020554777
                   073.0528261746134
                   067.6945163058332
                   057.8212303392848
                   036.5614879240078
                   06.34895290090939
                   098.6454789945933
                   098.5333221005735
                   098.305648723778
                   097.9500705398975
                   097.4499758608557
                   096.7670289287298
                   095.8995289871156
                   094.7668824859597
                   093.3020228571748
                   091.324502729892
                   088.559434401082
                   084.3906220430335
                   077.6441323903692
                   065.3403213899893
                   039.6699001188929
                   05.8780479039785
                   0115.50820690479
                   0115.366163016297
                   0115.076649578717
                   0114.622362396846
                   0113.982359807888
                   0113.108125017853
                   0112.00633934531
                   0110.567262948861
                   0108.703453777378
                   0106.189430662877
                   0102.679259066178
                   097.4055994546285
                   088.9289997374371
                   073.6368594342896
                   042.8627975080185
                   07.36147877924737
                   0135.294980579006
                   0135.11403019965
                   0134.744905273572
                   0134.165939865547
                   0133.347592014014
                   0132.230978519934
                   0130.832390842311
                   0129.005821449946
                   0126.636815316808
                   0123.444043267618
                   0118.988841732895
                   0112.333565104359
                   0101.707996167395
                   082.757908163995
                   046.1645419365073
                   09.20761180825236
                   0158.506355042258
                   0158.275826572915
                   0157.804432004264
                   0157.066584757676
                   0156.023206530818
                   0154.59655064217
                   0152.82300084683
                   0150.506077340281
                   0147.499068401708
                   0143.450640251442
                   0137.805831492935
                   0129.42228300837
                   0116.130180481353
                   092.7437179854017
                   049.6104932629828
                   011.486936178495
                   0185.758904447482
                   0185.465390408582
                   0184.864423675135
                   0183.923993533049
                   0182.591949274483
                   0180.775894424537
                   0178.529933759019
                   0175.590742557317
                   0171.777562867177
                   0166.648540194122
                   0159.508059536944
                   0148.962321094878
                   0132.371104183557
                   0103.6325448023
                   053.2809599997213
                   014.3153271075422
                   0217.746282117212
                   0217.372309510217
                   0216.605554858742
                   0215.407298673697
                   0213.706073414477
                   0211.405805001479
                   0208.563697297089
                   0204.83793349681
                   0200.006086646478
                   0193.518951259393
                   0184.499922110038
                   0171.259216508361
                   0150.603807492043
                   0115.455686176147
                   057.2813355805338
                   017.7964274174853
                   0255.266846824607
                   0254.7905668625
                   0253.81487346976
                   0252.28672598967
                   0250.12070245532
                   0247.204177300323
                   0243.611928121206
                   0238.894406239174
                   0232.778669133768
                   0224.577338993634
                   0213.214124937233
                   0196.628416334623
                   0170.990685414264
                   0128.222205309644
                   061.7604517580023
                   022.0579576100024
                   0299.363514046659
                   0298.753658167013
                   0297.513352254618
                   0295.547520840359
                   0292.785947000701
                   0289.078046238956
                   0284.528068894349
                   0278.544487266714
                   0270.796150087178
                   0260.422773405884
                   0246.132029086412
                   0225.366979780171
                   0193.651321894365
                   0141.902520341656
                   066.8550832891815
                   027.2135059771497
                   0350.975372474419
                   0350.205733531078
                   0348.60926734531
                   0346.13273065269
                   0342.610324024479
                   0337.935400204209
                   0332.188670866506
                   0324.626613951492
                   0314.848091762741
                   0301.764613338282
                   0283.806437116977
                   0257.958003906296
                   0218.853928446527
                   0156.687424445116
                   072.97419759526
                   033.5872394144129
                   0411.523472608886
                   0410.535557074138
                   0408.533111474684
                   0405.366753276487
                   0400.924695783258
                   0394.995768509581
                   0387.754067699985
                   0378.218847382866
                   0365.876889768792
                   0349.425821445971
                   0326.951815733993
                   0294.80069715946
                   0246.7507229791
                   0172.597818781823
                   080.3946656740767
                   041.353378960186
                   0483.53436610815
                   0482.292255389811
                   0479.725794570669
                   0475.689669924094
                   0470.028537816482
                   0462.525599561147
                   0453.342748852329
                   0441.266458668565
                   0425.652808519177
                   0404.868960692959
                   0376.766368970716
                   0336.864781682722
                   0278.070500314774
                   0190.255123022067
                   089.8894032540014
                   051.1809814813869
                   0567.547720712002
                   0565.973861776765
                   0562.749215774999
                   0557.640937028534
                   0550.433559018414
                   0540.931250127608
                   0529.371742467375
                   0514.104213375421
                   0494.437981511283
                   0468.290374053705
                   0433.283472702121
                   0383.903257306364
                   0312.303475969082
                   0209.197698411777
                   0101.303154812641
                   062.8478490596567
                   0665.866752034593
                   0663.837878876907
                   0659.75090161227
                   0653.2877405221
                   0644.190516463432
                   0632.236915202483
                   0617.581660085209
                   0598.365873864886
                   0573.643211382315
                   0540.88415125342
                   0497.316335719655
                   0436.441461993529
                   0349.716665547222
                   0229.774268677306
                   0115.065748172616
                   076.6930886448171
                   0780.908948104987
                   0778.36976399868
                   0773.144199780268
                   0764.968305355669
                   0753.541466495242
                   0738.462061358387
                   0720.025867781814
                   0695.825631752492
                   0664.802996652277
                   0623.862066306458
                   0569.857286946884
                   0495.085162383184
                   0390.673287986871
                   0252.461824952534
                   0131.699865157311
                   093.1994410378023
                   0915.139131413435
                   0911.941907632377
                   0905.338654928596
                   0895.052163864297
                   0880.687896263504
                   0861.747239730425
                   0838.564088548779
                   0808.172473871194
                   0769.355320758986
                   0718.265195628663
                   0651.530837547161
                   0560.11894777248
                   0435.247756145046
                   0277.542021815364
                   0151.51343646916
                   0112.621162292283
                   01071.72848434104
                   01067.6999495536
                   01059.42464431096
                   01046.43753821
                   01028.34989887505
                   01004.65010702226
                   0975.542483697634
                   0937.47135968871
                   0888.992723865038
                   0825.507330503285
                   0743.359218586385
                   0632.082046686752
                   0483.714969376269
                   0305.596951716834
                   0174.968633415467
                   0135.418936893871
                   01255.54095986053
                   01250.41704647845
                   01240.01119368148
                   01223.56413129182
                   01200.90723719351
                   01171.15132803294
                   01134.61840921582
                   01086.97555671219
                   01026.41849025961
                   0947.699815830045
                   0846.894600783628
                   0712.01258058003
                   0537.060934260613
                   0337.938347442152
                   0202.967733851186
                   0162.566786917802
                   01471.43497231288
                   01464.9590443914
                   01451.80336577351
                   01431.11950754212
                   01402.62878376965
                   01365.25094020128
                   01319.42339935693
                   01259.842625827
                   01184.26676256277
                   01086.83762319011
                   0963.583760141604
                   0800.878217784365
                   0595.977172658572
                   0375.712325663144
                   0236.310369952186
                   0194.89283266001
                   01720.40575628898
                   01712.2936764155
                   01695.72156376235
                   01669.85161854407
                   01634.15748016443
                   01587.53957392013
                   01530.34221521039
                   01456.11435129532
                   01362.29137658311
                   01242.40083413185
                   01092.39105552138
                   0897.501299478277
                   0659.51427351559
                   0418.377360020163
                   0274.254786320183
                   0231.712694848261
                   02007.83452540608
                   01997.67901370946
                   01976.89633278934
                   01944.63868822615
                   01900.21335281508
                   01842.13021308221
                   01771.0513603869
                   01679.0196289891
                   01563.17652983366
                   01416.34880828672
                   01234.69564426325
                   01002.67699849625
                   0728.79462297825
                   0466.939900177518
                   0290.562517791331
                   0273.543160723534
                   02338.65180364399
                   02326.02403259966
                   02300.188058675
                   02260.02933001597
                   02204.9931009354
                   02133.11520462614
                   02045.12613115436
                   01931.23780035832
                   01788.72080395246
                   01609.62639744918
                   01390.79577539566
                   01116.81504126231
                   0804.276900193532
                   0522.232863522544
                   0340.906270556813
                   0320.667037665389
                   02728.25907279041
                   02712.56334186881
                   02680.3070967329
                   02630.34559534527
                   02561.78524099639
                   02472.16957638131
                   02363.07078384072
                   02222.15718248638
                   02047.01264793732
                   01829.06000382911
                   01566.27765747142
                   01243.5967296843
                   0889.994441076662
                   0587.999346034163
                   0400.313839618069
                   0376.654494022208
                   03171.47977882512
                   03151.90722993932
                   03111.98146761384
                   03050.21868496352
                   02965.38453771849
                   02854.84715455302
                   02720.55087592629
                   02547.62080835922
                   02333.39451166399
                   02070.04062807834
                   01756.95938902935
                   01380.58240867977
                   0983.522040717266
                   0661.850701568697
                   0466.659337161143
                   0438.611078616967
                   03675.2564485765
                   03651.11696862438
                   03601.98529858551
                   03526.00242713767
                   03421.90561082479
                   03285.99538204797
                   03121.64478771494
                   02910.25647472528
                   02650.35732965434
                   02333.72021104796
                   01963.65927265859
                   01528.07893744032
                   01086.00651733287
                   0744.449633239945
                   0540.52704039657
                   0507.728072936703
                   04261.69282078632
                   04231.83445845409
                   04171.24059165959
                   04077.51440733296
                   03949.59971093814
                   03782.64730863641
                   03581.18791206213
                   03323.54491528495
                   03008.85840161801
                   02629.93125016727
                   02194.14135519474
                   01693.1199002766
                   01203.96035238469
                   0841.053662605482
                   0626.45314561033
                   0588.525716492764
                   04921.342927244
                   04884.81618253361
                   04810.68746147297
                   04696.18247669393
                   04540.03088722909
                   04336.13566226566
                   04091.22290954772
                   03779.3690455815
                   03401.16518579951
                   02950.94624902612
                   02441.76056456609
                   01870.39756421896
                   01333.01361597063
                   0947.466823400534
                   0720.577750490665
                   0677.011311800022
                   05675.0556166243
                   05630.41261887997
                   05539.89783878677
                   05400.25803594611
                   05209.81824581422
                   04962.15536320854
                   04665.03523167104
                   04289.15715205952
                   03836.9293506719
                   03304.85431576109
                   02713.45184755214
                   02066.46630198886
                   01478.96232556227
                   01067.85079830096
                   0827.16657325045
                   0776.798216044921
                   06523.68296523792
                   06469.46708576237
                   06359.74951230963
                   06190.06458652615
                   05959.22969872396
                   05659.58727303894
                   05301.81058620762
                   04851.23092048197
                   04313.47802152613
                   03688.54000851721
                   03007.27059163641
                   02279.72643124442
                   01640.69356795128
                   01200.38504864845
                   0944.228168637151
                   0885.797083496354
                   07481.9531756884
                   07416.2852905858
                   07283.54672206042
                   07078.22369157379
                   06799.59414389163
                   06438.6630222777
                   06009.3716988961
                   05472.45242229883
                   04836.43362526684
                   04107.26629542752
                   03326.78049765993
                   02514.13944933352
                   01821.12531439597
                   01346.91952349762
                   01074.07827469789
                   01006.022219135
                   08550.1481398801
                   08471.41412856697
                   08311.31705092514
                   08064.67122300098
                   07729.88320608951
                   07297.89557868105
                   06785.9981098484
                   06149.96420589921
                   05403.67784818511
                   04558.51945007821
                   03670.03415182057
                   02768.35938809503
                   02018.42880576678
                   01506.4149793993
                   01215.01573595672
                   01137.83149329672
                   09753.09779657499
                   09657.92424015284
                   09466.00129619192
                   09170.21953421372
                   08769.8549691694
                   08254.76512626738
                   07647.27873146937
                   06897.85064048302
                   06025.84098321219
                   05051.82810760139
                   04046.69910083361
                   03050.07904227937
                   02238.7738395977
                   01560.35021433776
                   01371.50250063019
                   01285.3530089749
                   011085.9990395943
                   010972.9952065727
                   010743.5265163615
                   010390.9458024872
                   09914.89086232483
                   09304.43537773149
                   08587.45045216917
                   07709.90113225332
                   06698.11523196592
                   05583.33653729996
                   04453.57755910215
                   03356.69879249047
                   02479.17666268906
                   01754.22121112188
                   01540.57383625525
                   01446.04470395967
                   012561.7987571497
                   012427.6140644575
                   012155.9722123844
                   011737.2297634213
                   011173.8542318484
                   010454.2963453685
                   09613.85137748902
                   08591.39713799589
                   07423.45384869748
                   06156.86146147951
                   04894.76213793344
                   03690.84686115622
                   02742.64863282789
                   01966.03990884833
                   01726.92489384597
                   01617.71335661175
                   014186.8368521152
                   014028.3580888709
                   013707.9106906554
                   013214.0635345595
                   012550.9002310123
                   011707.6416829525
                   010726.9073666052
                   09542.87672341863
                   08204.31804184062
                   06772.14214537574
                   05370.06106411166
                   04052.47226458229
                   03027.89340901495
                   02194.40014533192
                   01927.06490222328
                   01803.13197040355
                   015963.5781807497
                   015777.4152531661
                   015400.8945035365
                   014822.8797101086
                   014046.5931604753
                   013064.0076427776
                   011926.8352367284
                   010565.862855762
                   09040.18856334566
                   07430.27038410894
                   05881.08749501271
                   04444.55345564141
                   03336.29929726132
                   02442.11127373891
                   02144.66508975514
                   02005.04393529245
                   017904.7455892884
                   017687.4592122857
                   017248.7110749715
                   016574.487830833
                   015671.0656048429
                   014532.4475696378
                   013220.5202837419
                   011664.0894900949
                   09935.77153268557
                   08134.67581138274
                   06429.93856089289
                   04868.06628673061
                   03666.299157914
                   02708.61544668963
                   02379.4281095965
                   02223.54430772478
                   020016.5704883071
                   019764.5875970491
                   019254.3900643314
                   018472.3036884704
                   017426.9420192972
                   016115.1374999298
                   014609.9779396918
                   012839.4969891728
                   010893.5600575753
                   08888.26626468627
                   07017.69790799366
                   05325.11514454217
                   04017.98883256095
                   02996.06112223883
                   02630.69174260593
                   02458.3043851875
                   022290.2204629746
                   021998.9176709611
                   021409.8015804057
                   020508.1666223536
                   019307.7014618439
                   017803.0653460144
                   016086.5711025668
                   014084.413926926
                   011905.9979705979
                   09685.63852704549
                   07641.26037895817
                   05809.75680455288
                   04386.66746828363
                   03300.14983566769
                   02896.46617409358
                   02706.39161265292
                   024735.2362617203
                   024400.725865036
                   023723.7868390396
                   022689.8257644572
                   021316.6900073094
                   019603.4540877867
                   017656.7149821749
                   015403.9479583979
                   012976.8367572568
                   010531.4564269014
                   08302.25058731883
                   06322.72390596503
                   04773.24496418512
                   03622.21250817436
                   03177.4941313093
                   02968.91390890736
                   027348.1098874456
                   026965.7062835858
                   026193.0101488389
                   025013.9536093871
                   023452.2453889448
                   021510.3681317072
                   019316.7446490839
                   016795.9553016025
                   014103.6717779086
                   011421.6955518237
                   09000.83201455541
                   06858.26570532915
                   04929.57588582932
                   03957.96601592358
                   03473.01784505227
                   03245.64603718179
                   030120.7419472454
                   029686.2978972877
                   028808.9277121881
                   027471.7894210524
                   025705.4994673108
                   023518.9195992107
                   021057.6680188054
                   018253.9593338365
                   015279.9447810615
                   012354.0951043372
                   09728.35399349101
                   07410.41503800911
                   05221.40344710029
                   04300.41762704273
                   03778.90704891223
                   03532.75174519195
                   033154.4221532959
                   032659.4266223296
                   031663.4589957516
                   030143.4348190804
                   028138.2369058116
                   025664.8935665891
                   022917.2147067315
                   019789.3329394651
                   016506.5807728386
                   013304.7906191169
                   010458.1174948091
                   07944.73104220759
                   05604.97799546341
                   04611.81602911422
                   04049.34429089634
                   03784.63216770295
                   036191.814436349
                   035638.5391883037
                   034508.0561729823
                   032808.5728650399
                   030575.0002070222
                   027827.4954971031
                   024761.6090398871
                   021320.0359394904
                   017736.5024041881
                   014274.8864059757
                   011199.7008654323
                   08501.89541981459
                   06030.21796142702
                   04965.21450567413
                   04351.68224428117
                   04070.71536916306
                   039375.1244472989
                   038759.1922835391
                   037510.1599824534
                   035621.4802683141
                   033129.4310598871
                   030087.5822729081
                   026698.5466426327
                   022925.3552653086
                   019031.3221608127
                   015287.3347059758
                   011978.6295315234
                   09086.21491558474
                   06472.65984366544
                   05333.66476150307
                   04672.57422356542
                   04374.79487059194
                   042706.2722492617
                   042008.8751735323
                   040633.5594056744
                   038517.8278612452
                   035773.691942165
                   032423.3898568249
                   028696.0857927729
                   024580.7153586109
                   020364.945791211
                   016333.1071267821
                   012784.3109304674
                   09688.17180757545
                   06941.71760658018
                   05714.65427605327
                   05004.65248426136
                   04684.06055778172
                   046141.5395744715
                   045380.316058489
                   043844.8699265916
                   041516.2989931802
                   038492.346184376
                   034827.1432986082
                   030754.3790277501
                   026291.3422018204
                   021738.6960050115
                   017412.8836916749
                   013618.3485108969
                   010310.3137031931
                   07423.56624224373
                   06113.50576817585
                   05344.45252780966
                   05004.63201096063
                   049678.3880735811
                   048841.9799395323
                   047148.5755063252
                   044596.7899032662
                   041279.5943080693
                   037271.8950732055
                   032823.648554765
                   028030.4165223591
                   023141.9845361113
                   018525.8140754032
                   014469.6534234882
                   010937.2793666652
                   07914.02001239834
                   06516.4290344824
                   05692.46063565296
                   05328.72364487818
                   053311.4061561528
                   052395.1651536886
                   050544.0795300966
                   047776.1571813713
                   044169.7134805261
                   039822.4875487276
                   035003.6459401942
                   029772.9288421384
                   024561.8167252162
                   019601.4473480878
                   015304.7909250478
                   011553.5753539165
                   08397.6076724575
                   06918.09414819908
                   06043.11538279945
                   05653.6367342633
                   057017.7600532203
                   056027.737263201
                   054006.6358440141
                   050988.0667419754
                   047075.5908236986
                   042376.2159116809
                   037185.8202051552
                   031595.2460211568
                   025957.8101419614
                   020712.4132410695
                   016158.5653100593
                   011509.7429117417
                   08887.9959614783
                   07318.96547149946
                   06390.58221337548
                   05978.26594303967
                   060792.8820096479
                   059714.7598556297
                   057522.4281359369
                   054258.0107875165
                   050033.7706555868
                   044980.4646790688
                   039450.3168158271
                   033417.4522208517
                   027374.2034902223
                   021790.6737515052
                   016984.4649126111
                   011893.8405976391
                   09360.11845473146
                   07722.59942416868
                   06742.43978226787
                   06303.5337792664
                   064601.3216771966
                   063426.202990181
                   061063.1012598145
                   057547.6244654143
                   053024.6840306106
                   047637.43425509
                   041677.6293520387
                   035242.0277582694
                   028816.3896687609
                   022913.3822747109
                   017791.8919825525
                   012485.5324205681
                   09832.39611641551
                   08126.80669072725
                   07095.71511114667
                   06628.14851163338
                   068412.0100174334
                   067148.8520875049
                   064617.6526982154
                   060875.872530359
                   056040.5015978714
                   050249.2088064819
                   043900.7258166412
                   037061.068774968
                   030249.352552293
                   024024.0910432843
                   018611.6347566447
                   013070.8867684175
                   010293.5050256936
                   08523.29366171831
                   07445.10131982696
                   06951.64211176158
                   072243.220621918
                   070889.1381697868
                   068212.7811222016
                   064205.4876635955
                   059027.7362909232
                   052866.3764448367
                   046124.4468166766
                   038875.2049869933
                   031678.4972883064
                   025128.8682676771
                   019421.1130848392
                   013668.0572702091
                   010761.7529355688
                   08903.96677787683
                   07790.87776799042
                   07271.37714208336
                   076073.6336575477
                   074623.4476337577
                   071782.5201085329
                   067499.6266904628
                   061996.9170788227
                   055461.6631704938
                   048327.1911131052
                   040671.1540417752
                   033086.0023621094
                   026211.9303529445
                   020214.3972737464
                   014254.2796159942
                   011228.5114141592
                   09280.43361770757
                   08126.66080003527
                   07582.40772780036
                   079884.1601952136
                   078377.2564435161
                   075325.1782866571
                   070783.3637015352
                   064954.9773725185
                   058047.0189108393
                   050516.9184546142
                   042453.0877640767
                   034475.4320099072
                   027274.4542463589
                   020989.4665433999
                   014830.4318816718
                   011688.4419054149
                   09656.58100601979
                   08450.88490224784
                   07891.06860330039
                   083659.1653571642
                   082062.9380376412
                   078833.3935464658
                   074034.8475228355
                   067878.2658215866
                   060598.9745093279
                   052677.9406753358
                   044208.2456013529
                   035840.13018955
                   028304.5860387365
                   021743.0330735568
                   015394.5323106451
                   012138.1732788779
                   010023.2583361039
                   08774.29941835249
                   08191.79897408674
                   087373.0647545729
                   085668.7664048733
                   082273.0772897363
                   077218.8992184276
                   070744.509677337
                   063097.0092623153
                   054788.3239878615
                   045916.2381216851
                   037166.4871816372
                   029294.5527175365
                   022434.1396598646
                   015936.5910092241
                   012572.6786146268
                   010378.2621016783
                   09089.21349417647
                   08480.01536114468
                   091071.8009540608
                   089239.5434467585
                   085670.1398717307
                   080365.5067758488
                   073574.3037753739
                   065565.3326516828
                   056873.8501218648
                   047603.6084924874
                   038465.3702976403
                   030256.9991215113
                   022604.5624781746
                   016473.1358013754
                   013001.1373083797
                   010729.7200102345
                   09398.25588336375
                   08759.91987053725
                   094664.1434959446
                   092750.8352098778
                   088974.2596950844
                   083401.3887603137
                   076296.0362866435
                   067937.7948788972
                   058885.6612116219
                   049242.9923111636
                   039670.3573826647
                   031165.4095935603
                   022182.6349141742
                   016980.9011435383
                   013417.0597996839
                   011066.678124032
                   09688.17128445744
                   09032.33021646052
                   098195.5834010307
                   096239.3607439359
                   092311.7450923443
                   086497.0046849037
                   079075.8999719376
                   070349.8115760767
                   060908.0748976955
                   050847.9107747198
                   040813.6067008647
                   031997.1817236393
                   022655.8699636023
                   017411.6856097265
                   013781.081429634
                   011366.3679801561
                   09955.82685128275
                   09291.88906640328
                   0101665.116163508
                   099607.4897857158
                   095510.4159116706
                   089449.7831789519
                   081722.6256242914
                   072651.2425238581
                   062843.0732136295
                   052397.4160312437
                   041943.0587085547
                   032815.4250473476
                   023219.3001723452
                   017856.7405140062
                   014151.4211101268
                   011670.4196583413
                   010222.1380967289
                   09536.83416173413
                   0105020.191788903
                   0102879.413438552
                   098616.6686935367
                   092317.6504895062
                   084294.8432580393
                   074882.7904939657
                   064718.0193471123
                   053889.3940347476
                   043000.0160682384
                   033600.3812912968
                   023767.5637263152
                   018283.3682707609
                   014504.464163602
                   011961.3555997096
                   010476.2530353753
                   09774.84332090023
                   0108274.179991622
                   0106051.044947007
                   0101628.869738671
                   095097.9964665714
                   086786.5206689871
                   077046.3390345
                   066532.5278122538
                   055327.0517531895
                   044050.1816187403
                   034359.6779037044
                   024307.3055769076
                   018701.8337410245
                   014847.5644996036
                   012245.1339329846
                   010724.1978290559
                   010006.4124614596
                   0111423.765777672
                   0109121.473070704
                   0104543.828679946
                   097788.053080613
                   089199.5878241343
                   079134.5808677279
                   068279.7600631963
                   056711.5521263377
                   045051.2451831924
                   035084.1340629883
                   024828.0219431744
                   019105.3680455386
                   015174.447513455
                   012516.2604354767
                   010961.07150259
                   010227.5270759274
                   0114466.302113514
                   0112087.00396804
                   0107358.304693243
                   0100383.737469399
                   091524.0358701697
                   081149.5120148217
                   069961.9253734284
                   058036.175023428
                   046005.3106097119
                   035767.0453710033
                   025322.4338255578
                   019492.6612735552
                   015484.4557029135
                   012774.3424585606
                   011186.5197563999
                   010437.9386113552
                   0117413.2542586
                   0114958.683237351
                   0110083.158415408
                   0102896.840163726
                   093772.9850785577
                   083096.3576700029
                   071585.8018619392
                   059313.5829064343
                   046913.5938846682
                   036401.6356571472
                   025797.8196551604
                   019865.2338202742
                   015780.3257811064
                   013021.1315477188
                   011402.1473624667
                   010638.9576535169
                   0120252.396509179
                   0117725.608895395
                   0112707.794551824
                   0105316.013965478
                   095936.456755356
                   084969.7457001608
                   073144.7079780292
                   060534.4937136871
                   047776.0251874304
                   036806.2501265105
                   026248.6404256562
                   020222.6277449361
                   016061.4123803434
                   013255.7672328156
                   011607.2164699105
                   010830.0798343879
                   0122997.275266936
                   0120400.490443412
                   0115244.668176619
                   0107654.239294812
                   098027.2305109058
                   086776.1208571661
                   074645.7150838145
                   061706.4348710996
                   048594.5440454437
                   036732.7792435539
                   026679.1711072534
                   020562.9900188764
                   016329.5314242478
                   013479.4640587668
                   011802.5660217343
                   011012.217682342
                   0125637.975345443
                   0122973.666033847
                   0117684.698550671
                   0109902.077258656
                   0100036.60177247
                   088510.7900376008
                   076086.4299494076
                   062827.4198700401
                   049363.2110021054
                   036104.4194445594
                   027082.6089040993
                   020887.5880824987
                   016585.6697223832
                   013692.3151859362
                   011988.6242197105
                   011185.7866746192
                   0128218.204990313
                   0125487.407735801
                   0120068.192233773
                   0112098.281704624
                   0101996.983329417
                   090205.6914458523
                   077489.6172289158
                   063917.3486146042
                   050095.0370055461
                   035811.2168982556
                   027461.7780296689
                   021203.9194054414
                   016833.5204666457
                   013898.4168724427
                   012168.5765321149
                   011353.5050273136
                   0130750.668393858
                   0127954.690654602
                   0122407.983463721
                   0114251.792276295
                   0103924.079561012
                   091868.5119148273
                   078867.1159331554
                   064984.108470002
                   050798.0638291611
                   036104.4693353812
                   027825.5276608525
                   021512.5781473164
                   017078.097623172
                   014100.2193795975
                   012345.0605715688
                   011517.8140784968
                   0133345.530640763
                   0130483.196453072
                   0124806.771341782
                   0116463.650167729
                   0105901.413872777
                   093578.1240987012
                   080285.5444041813
                   066081.8812002562
                   051519.5633000741
                   036578.8246406769
                   028204.7126761747
                   021834.1690999858
                   017331.3503519233
                   014310.0552065032
                   012528.3115922333
                   011688.656959977
                   0136199.850902818
                   0133266.819268524
                   0127449.4172465
                   0118903.785495464
                   0108086.879672621
                   095474.3240424269
                   081860.9579945897
                   067308.520149171
                   052341.1859656214
                   037153.9908350643
                   028651.2652763153
                   022203.4768482077
                   017622.4730350319
                   014550.8135239747
                   012738.2228727285
                   011884.5206798662
                   0139721.868968092
                   0136703.092876804
                   0130717.897024796
                   0121928.201061791
                   0110805.361245381
                   097839.9514268543
                   083841.8038685626
                   068865.5412082371
                   053346.9241838763
                   037928.655635661
                   029250.6136494763
                   022687.112814504
                   018004.7732311278
                   014866.3110029321
                   013013.8777532271
                   012141.42687854
                   0143407.161612056
                   0140303.420346523
                   0134151.031252061
                   0125117.426133727
                   0113684.700354521
                   0100363.392892598
                   085981.2486006857
                   070584.8789971823
                   054496.3761898858
                   038840.2261855376
                   029954.5419077163
                   023240.4829386436
                   018443.3074481908
                   015228.2026945903
                   013330.3542783623
                   012436.3991724272
                   0145808.969598143
                   0142652.249795704
                   0136394.142322638
                   0127207.123787312
                   0115582.44622366
                   0102031.037792006
                   087403.9491259113
                   071741.5384604189
                   055342.0516711228
                   039467.1170253847
                   030438.1203713971
                   023617.7537513608
                   018742.2110591803
                   015475.0106162319
                   013546.0201977702
                   012637.5547636476
                   0148387.837629715
                   0145173.890172276
                   0138802.938465107
                   0129450.250262758
                   0117617.088353288
                   0103825.922388962
                   088930.9581477461
                   072986.4388404087
                   056247.608809838
                   040139.4822320308
                   030956.2301726866
                   024021.7643081929
                   019062.7340167302
                   015739.3622697833
                   013777.3247368869
                   012853.2462253689
                   0151164.056227211
                   0147888.218359741
                   0141396.245183434
                   0131865.592696145
                   0119808.397650976
                   0105754.847314153
                   090574.7853932392
                   074325.4713156961
                   057477.1432845874
                   040864.0337366689
                   031514.6858755798
                   024456.2734790487
                   019407.3592911313
                   016023.5804726585
                   014026.184717457
                   013085.0949499508
                   0154165.529547092
                   0150823.283435382
                   0144192.690976369
                   0134470.018884564
                   0122170.935805483
                   0107834.467187779
                   092352.1690276164
                   075767.9875879727
                   058285.160317866
                   041646.1143190851
                   032117.7750185379
                   024925.5031184698
                   019779.3191014496
                   016330.2736598509
                   014294.3861481488
                   013335.35455653
                   0157412.864435671
                   0153999.227011862
                   0147233.142591917
                   0137301.252754944
                   0124732.063088768
                   0110090.137270491
                   094275.9600037318
                   077331.5976655113
                   059416.4261321224
                   042490.6007258585
                   032769.3994257474
                   025432.9968076171
                   020181.4612825176
                   016661.9099885317
                   014584.5396826852
                   013605.9625439461
                   0160931.095854021
                   0157439.536279936
                   0150519.495197954
                   0140361.993186317
                   0127511.844449752
                   0112533.256985723
                   096358.0533022558
                   079025.0610565843
                   060643.8813519945
                   043406.4536502165
                   033475.3716821473
                   025982.2701457703
                   020616.6992212909
                   017020.8349661434
                   014898.5456212954
                   013898.6916058964
                   0164731.629245724
                   0161155.853324332
                   0154068.917162326
                   0143667.806574128
                   0130509.366606516
                   0115174.241324664
                   098607.6495933368
                   080853.0323422758
                   061968.8902427157
                   044394.2408483301
                   034237.7746403799
                   026574.9989129881
                   021085.9024320889
                   017408.250345371
                   015237.2614167739
                   014214.508816819
                   0168872.889872049
                   0165204.793786766
                   0157936.918356138
                   0147269.071688538
                   0133774.538809313
                   0118047.895338478
                   0101058.420018641
                   082843.8361325469
                   063409.8202371301
                   045470.3925517504
                   035068.1680267767
                   027220.8089947853
                   021597.2039677097
                   017829.0709750701
                   015605.7566799706
                   014557.9994287535
                   0173376.679407158
                   0169609.036833315
                   0162143.500622184
                   0151187.711474724
                   0137328.141732241
                   0121175.489463123
                   0103723.853475535
                   085008.5447121906
                   064974.9871065494
                   046640.5065579077
                   035970.3032380956
                   027921.9158690303
                   022152.3562185691
                   018287.366406142
                   016006.4217481783
                   014931.6521452107
                   0178284.585523097
                   0174408.360990453
                   0166727.372666094
                   0155457.35142996
                   0141199.420545975
                   0124581.438181506
                   0106627.020731369
                   087365.0710938501
                   066676.4035756294
                   047913.697761364
                   036952.5194284857
                   028685.4062399018
                   022756.9594002327
                   018785.8807094539
                   016442.1936732086
                   015337.8116082461
                   0183625.92589365
                   0179631.542067985
                   0171717.543318901
                   0160105.069803238
                   0145412.032540797
                   0128289.430730084
                   0109784.665477174
                   089928.5056438875
                   068523.4798985883
                   049299.0534995307
                   038019.6784467647
                   029514.8979457957
                   023413.3247221451
                   019326.6796488081
                   016915.6693161976
                   015779.2621415756
                   0189450.037197976
                   0185326.559497692
                   0177156.623671792
                   0165170.20631115
                   0150004.347298804
                   0132331.574505585
                   0113226.834388921
                   092720.5302532715
                   070533.1851357462
                   050807.1814900013
                   039181.6854836924
                   030418.1841889781
                   024129.2493511645
                   019916.4453387475
                   017431.2061342009
                   016259.8165900546
                   0195810.359054447
                   0191545.625166527
                   0183097.428185341
                   0170701.528639306
                   0155018.704911461
                   0136743.274104454
                   0116984.361209723
                   095766.0741164001
                   072718.5727180072
                   052449.4141411494
                   040447.4634077353
                   031401.5584297689
                   024907.4865972899
                   020558.0324597916
                   017992.3472040352
                   016782.8335163248
                   0202786.470718119
                   0198367.075656096
                   0189613.322937653
                   0176767.2613451
                   0160518.426615071
                   0141581.416945273
                   0121104.425181408
                   099104.4009061299
                   075109.3623024628
                   054250.24683906
                   041835.5024187023
                   032479.2566903947
                   025761.0029785105
                   021261.0665439477
                   018607.3940737695
                   017356.1503853806
                   0210415.705258875
                   0205827.765303437
                   0196737.206651654
                   0183400.692233006
                   0166531.955814982
                   0146871.434130395
                   0125609.392015707
                   0102753.349532064
                   077715.875051167
                   056217.2713291078
                   043352.4492754617
                   033656.6344914422
                   026692.6258933671
                   022028.4770723352
                   019278.3760521041
                   017981.9188252704
                   0218779.013332124
                   0214003.898301994
                   0204545.116059612
                   0190672.747589329
                   0173122.605446192
                   0152667.255288597
                   0130546.041841154
                   0106747.073358055
                   080564.4164905377
                   058369.4887776379
                   045012.1534456318
                   034944.3874555599
                   027711.3727752199
                   022868.2716301721
                   020012.6037253249
                   018666.1116210437
                   0227986.22528421
                   0223006.715624397
                   0213143.248064408
                   0198669.899199655
                   0180370.428213442
                   0159041.980008395
                   0135970.050881882
                   0111134.866155006
                   083686.6948090996
                   060733.7306504157
                   046833.1988438371
                   036358.2618683171
                   028830.4390661009
                   023789.0319833404
                   020817.8285368985
                   019416.8553168993
                   0238092.423288086
                   0232887.529178021
                   0222578.434624978
                   0207459.527824316
                   0188329.455736574
                   0166042.442193123
                   0141924.466993739
                   0115950.97493549
                   087100.3341079197
                   063323.0069255616
                   048827.7586267202
                   037907.1239316202
                   030055.8859924125
                   024798.5926286977
                   021700.3056514617
                   020238.9312687741
                   0249249.745566784
                   0243795.976122149
                   0232994.16718308
                   0217156.681371878
                   0197116.534825801
                   0173767.01422626
                   0148493.970545492
                   0121259.328527358
                   090856.2223633059
                   066177.7840282955
                   051027.5843037004
                   039612.7333222753
                   031405.9736519781
                   025910.6519059195
                   022672.2571018941
                   021144.5632095909
                   0261570.562484699
                   0255841.260854429
                   0244496.264091938
                   0227862.529561603
                   0206815.526882987
                   0182292.534032504
                   0155744.856710311
                   0127110.987228133
                   094986.7800873296
                   069321.694835427
                   053451.5038698967
                   041493.2651323048
                   032893.2998357196
                   027134.6484853499
                   023742.3097519948
                   022141.7187891257
                   0275210.524701489
                   0269177.380242793
                   0257229.870766492
                   0239714.625329691
                   0217551.821440517
                   0191727.763097151
                   0163764.214808923
                   0133578.859519317
                   099538.9856271508
                   072796.3028738015
                   056127.977248131
                   043569.4101889244
                   034534.8678210339
                   028485.9596443147
                   024923.2922564167
                   023242.3976580033
                   0290326.455153833
                   0283955.12798665
                   0271339.760621269
                   0252846.380900095
                   0229450.54292436
                   0202178.019142384
                   0172642.087425783
                   0140734.73764565
                   0104561.416662908
                   076638.5196515962
                   059087.626908117
                   045864.7603398882
                   036349.3919887348
                   029978.6056571511
                   026228.012056637
                   024458.0257098206
                   0307107.795908617
                   0300360.123113423
                   0287001.012166049
                   0267420.607678388
                   0242650.754669955
                   0213773.43571645
                   0182489.718492433
                   0148662.867824327
                   0110110.481282098
                   080890.0558131617
                   062362.5417457812
                   048403.7380302449
                   038356.2831355631
                   031629.9300381431
                   027671.4873058899
                   025802.2543008396
                   0325778.296467793
                   0318611.383195047
                   0304424.054078704
                   0283632.262651979
                   0257330.590788559
                   0226665.242445501
                   0193432.914656083
                   0157465.538149517
                   0116252.867843779
                   085607.8428875505
                   065996.2937177805
                   051220.5471031075
                   040582.383804913
                   033460.6982312973
                   029270.681126824
                   027292.5597627438
                   0346621.053903814
                   0338984.613255157
                   0323873.476465874
                   0301727.471837569
                   0273713.439560547
                   0241053.170959537
                   0205637.44703364
                   0167270.433911978
                   0123078.191751142
                   090858.7907621943
                   070043.3215026939
                   054354.0013116485
                   043058.4057068363
                   035496.3924691773
                   031050.0800992636
                   028949.2325132641
                   0369915.068707307
                   0361754.606693272
                   0345606.419531572
                   0321946.147310397
                   0292014.946370049
                   0257118.536242686
                   0219259.05326258
                   0178202.223648108
                   0130667.642736828
                   096711.575041041
                   074549.3991917213
                   057845.0483149296
                   045815.2422765365
                   037763.0900276824
                   033029.8455202245
                   030793.2838031223
                   0396040.244466429
                   0387290.477501948
                   0369976.902209663
                   0344615.137438841
                   0312530.468943802
                   0275121.21471134
                   0234515.706886125
                   0190429.238849315
                   0139136.59292499
                   0103253.44909891
                   079586.2598160898
                   061746.1015244709
                   048895.182689492
                   040294.7544453968
                   035241.6909207969
                   032852.7075693787
                   0425375.105952439
                   0415961.701118837
                   0397326.641388809
                   0370051.385348282
                   0335544.895457437
                   0295310.425420428
                   0251614.958259026
                   0204114.050052361
                   0148593.07372762
                   0110571.136109869
                   085218.621459226
                   066106.9347753416
                   052337.7079548237
                   043123.797585462
                   037712.0435815456
                   035153.5056086682
                   0458414.701057543
                   0448252.726406485
                   0428136.096604459
                   0398701.031729912
                   0361461.297402044
                   0318036.108650151
                   0270850.804329798
                   0219485.618968176
                   0159194.832117119
                   0118788.69220914
                   091544.0455852413
                   071002.9454120325
                   056200.8532575561
                   046297.380574614
                   040483.6563697256
                   037733.5546433803
                   0495760.430104343
                   0484750.728209096
                   0462970.934655424
                   0431072.639136064
                   0390738.400839412
                   0343700.233396201
                   0292562.637608315
                   0236809.522714478
                   0171115.757770181
                   0128044.902570455
                   098665.471146373
                   076514.3484647566
                   060549.7952656968
                   049868.4081739908
                   043601.3730136044
                   040636.4398493878
                   0538019.306712656
                   0526047.794195141
                   0502369.699663555
                   0467707.489381938
                   0423846.407133893
                   0372710.110359615
                   0317083.738029846
                   0256343.462939543
                   0184536.538505008
                   0138480.534451444
                   0106695.564995996
                   082726.2836683765
                   065447.7489053908
                   053889.9458502034
                   047112.4622770748
                   043904.5405674179
                   0585993.221345424
                   0572926.865233901
                   0547086.733046609
                   0509267.115175441
                   0461406.610781681
                   0405606.460588718
                   0344867.355491123
                   0278434.394180907
                   0199698.516926704
                   0150281.901845055
                   0115773.304869232
                   089747.1269218466
                   070982.3488517096
                   058432.5149843175
                   051077.1328746271
                   047594.6325639128
                   0640611.761605038
                   0626296.153023993
                   0597987.702331617
                   0556562.48539131
                   0504152.515684012
                   0443013.657399707
                   0376432.343984087
                   0303488.330831072
                   0216873.835628227
                   0163667.26217661
                   0126066.803190877
                   097706.8670822853
                   077256.7921679794
                   063580.5365169063
                   055569.6005721238
                   051775.4595784511
                   0702957.584838671
                   0687210.251126602
                   0656077.026135748
                   0610525.28948614
                   0552893.326680501
                   0485656.311521828
                   0412383.137365791
                   0331960.045791059
                   0236384.72236264
                   0178880.100062199
                   0137767.130993253
                   0106751.278521579
                   084381.210159125
                   069424.8987160299
                   060669.1898001136
                   056520.4307700644
                   0774359.452530353
                   0756967.737475918
                   0722587.720889155
                   0672295.981289788
                   0608669.001406378
                   0534424.851442362
                   0453456.322104315
                   0364424.902514213
                   0258626.483125866
                   0196237.420564284
                   0151109.809484378
                   0117062.808967981
                   092504.6266576642
                   076085.9632478412
                   066479.7560723164
                   061926.5896359299
                   0856323.51463879
                   0837039.472733572
                   0798919.126018093
                   0743167.364105862
                   0672634.058318989
                   0590340.037815725
                   0500483.879373042
                   0401509.183601428
                   0284044.014424071
                   0216075.437823139
                   0166357.705748121
                   0128847.620426508
                   0101783.706783788
                   083692.8958305686
                   073114.1235346302
                   068098.9785791254
                   0950722.594734157
                   0929250.023829613
                   0886805.332970524
                   0824744.994583545
                   0746228.291517018
                   0654613.767142093
                   0554494.613829708
                   0443999.883682621
                   0313221.386199955
                   0238815.076353732
                   0183839.256457569
                   0142353.77962984
                   0112414.366024374
                   092406.7209671206
                   080713.0710993532
                   075167.1890926169
                   01059697.80716973
                   01035654.32331285
                   0988199.249065866
                   0918828.532429625
                   0831066.788931989
                   0728657.267053351
                   0616633.608529908
                   0492757.136726307
                   0346640.947800762
                   0264933.368378566
                   0203908.856000469
                   0157859.722928763
                   0124619.786711832
                   0102408.36894432
                   089432.8501919634
                   083278.8215323744
                   01185808.18530816
                   01158841.35804213
                   01105520.15992015
                   01027653.14754682
                   0929145.791415266
                   0814186.200359021
                   0688319.409835221
                   0548856.67725227
                   0385161.068326347
                   0294991.873648765
                   0227017.957755048
                   0175709.324261921
                   0138666.116701987
                   0113916.856252169
                   099465.0196755162
                   092608.3192704325
                   01332293.05623207
                   01301883.24690397
                   01241788.30462936
                   01153963.83838329
                   01042917.62320129
                   0913317.549148164
                   0771276.900859133
                   0613587.002103744
                   0429656.818944627
                   0329699.643528448
                   0253695.395840699
                   0196318.75658252
                   0154881.105578082
                   0127200.974009492
                   0111042.372814161
                   0103375.504738153
                   01502788.74929189
                   01468346.15642619
                   01400291.84274054
                   01300894.10703978
                   01175135.38152739
                   01028415.10445411
                   0867471.732649246
                   0688415.23706244
                   0481113.436528048
                   0369819.764194077
                   0284546.292776748
                   0220154.233084336
                   0173631.363211032
                   0142557.831550625
                   0124426.080687448
                   0115819.95913933
                   01701073.01005418
                   01661912.26110926
                   01584546.980244
                   01471577.22175951
                   01328656.85626174
                   01161913.11447105
                   0978827.868558098
                   0774750.244358615
                   0540660.255103147
                   0416119.4421645
                   0320160.64674109
                   0247665.411004538
                   0195272.442198917
                   0160279.619025232
                   0139870.405812811
                   0130180.127345464
                   01932822.67190806
                   01888111.27341987
                   01799782.95929323
                   01670851.04879093
                   01507797.10432726
                   01317460.42278028
                   01108319.11132038
                   0874776.705378111
                   0609664.208486833
                   0469736.847320614
                   0361415.436248731
                   0279541.90270902
                   0220349.599271239
                   0180813.958306317
                   0157761.24262987
                   0146815.771331497
                   02204130.34179838
                   02152868.16846361
                   02051610.60321159
                   01903860.54560942
                   01717034.44409058
                   01498930.8041007
                   01259060.10979736
                   0990760.290851764
                   0689571.040453019
                   0531862.816787793
                   0409239.335372201
                   0316497.695420002
                   0249417.211093181
                   0204614.23213501
                   0178496.121438141
                   0166093.593789874
                   02522204.77582862
                   02463193.82939214
                   02346650.26211572
                   02176669.52829631
                   01961765.84426164
                   01710869.8015008
                   01434675.79834178
                   01125290.00237557
                   0782088.293518162
                   0603823.733480543
                   0464660.604516541
                   0359330.865135909
                   0283109.946202892
                   0232203.120063973
                   0202528.368076855
                   0188434.341309664
                   02893686.2609637
                   02825540.4400568
                   02690982.34714588
                   02494807.22885764
                   02246840.5540009
                   01957391.45808781
                   01638346.01983253
                   01280572.43868892
                   0888587.302345596
                   0686735.90249108
                   0528554.433319265
                   0408725.841178059
                   0321964.20876987
                   0264007.923135738
                   0230232.891073072
                   0214187.595630752
                   03331329.41911485
                   03252204.46634536
                   03096195.56451801
                   02868867.20570743
                   02581593.29887027
                   02246266.39570892
                   01876283.46806616
                   01460981.74885559
                   01011880.28237795
                   0782816.427819894
                   0602638.344831827
                   0466012.626606927
                   0367028.661130102
                   0300895.413963996
                   0262360.869114908
                   0244050.133892663
                   03841928.60441721
                   03750046.1916412
                   03568695.58573214
                   03304522.4874425
                   02970894.22244305
                   02581478.71724165
                   02151417.10280862
                   01668334.71290581
                   01152968.35878288
                   0892875.349652698
                   0687572.127735823
                   0531705.917708125
                   0418698.89892386
                   0343191.580137578
                   0299195.848681311
                   0278284.834179985
                   04440173.09176236
                   04333034.63548403
                   04121619.84545207
                   03813825.07755277
                   03425251.95204215
                   02971728.40468628
                   02470389.14871629
                   01907029.30569339
                   01314577.45107877
                   01019053.22829506
                   0785014.329680973
                   0607099.327411882
                   0478007.862078356
                   0391726.995061806
                   0341461.940601156
                   0317560.621142251
                   05134397.66390083
                   05009294.53969316
                   04762467.82329987
                   04403505.26857691
                   03950190.08292835
                   03421301.59210986
                   02836168.874613
                   02178537.30080418
                   01497260.07754144
                   01161858.09002688
                   0895404.702968163
                   0692539.217214906
                   0545208.169635948
                   0446720.483319531
                   0389341.749708161
                   0362048.858269216
                   05936080.25438905
                   05789876.81291762
                   05501474.75323624
                   05082388.19098967
                   04553283.64677557
                   03936065.42619101
                   03252585.94155106
                   02484741.01384323
                   01701724.02123844
                   01321925.10823054
                   01019259.43670539
                   0788444.095109222
                   0620641.69221095
                   0508439.400185747
                   0443067.411053962
                   0411965.08560574
                   06852127.31351593
                   06681352.82149649
                   06344522.46378839
                   05855498.55410407
                   05238437.1762698
                   04518391.86992159
                   03720515.2297537
                   02825021.64761922
                   01926859.92275936
                   01498505.72884458
                   01156058.43228972
                   0894400.393295839
                   0703986.873705945
                   0576616.152199761
                   0502403.346986696
                   0467080.581647693
                   06822581.94660122
                   06650440.83641277
                   06310921.85756986
                   05818956.13556796
                   05197607.63963476
                   04472770.77820755
                   03669097.05384629
                   02768440.28176574
                   01880163.63414371
                   01463702.19711081
                   01129879.57801682
                   0874324.051007258
                   0688139.56108585
                   0563547.297873903
                   0490952.425032216
                   0456381.30663204
                   06600983.28401086
                   06432552.6714342
                   06100285.70037857
                   05618917.15019193
                   05011951.57541895
                   04303573.32420672
                   03517758.08544556
                   02638650.77580657
                   01784642.87597233
                   01390626.58576374
                   01074058.65918024
                   0831282.85049795
                   0654238.644301551
                   0535714.332709849
                   0466649.230284508
                   0433750.21541796
                   06365136.61136205
                   06201027.31330679
                   05877709.8257297
                   05408437.35076375
                   04817240.76933956
                   04127775.2901227
                   03362321.82140471
                   02508135.76071123
                   01689791.91589587
                   01317785.78621238
                   01018320.0485987
                   0788289.663503001
                   0620378.318107376
                   0507927.621856881
                   0442399.969358296
                   0411173.772121665
                   06117740.73425201
                   05958436.6832302
                   05644042.00447969
                   05189121.70487427
                   04615700.30169194
                   03946998.06903337
                   03204690.10444361
                   02377601.96731766
                   01596101.06483882
                   01245612.32947029
                   0963004.499494732
                   0745597.207591129
                   0586759.446513409
                   0480355.809219069
                   0418342.99352157
                   0388784.286431661
                   05856760.05461286
                   05702832.9260809
                   05399110.29996546
                   04959304.08857
                   04405592.1546173
                   03759695.46930104
                   03042241.30362266
                   02245746.15760715
                   01502608.63464505
                   01173410.34796482
                   0907585.396648415
                   0702803.475556173
                   0553069.229370042
                   0452732.568380669
                   0394249.142189098
                   0366364.106584092
                   05583350.69226691
                   05439190.08252679
                   05142678.77441113
                   04720217.34271972
                   04187402.68065179
                   03569010.55424455
                   02876728.01402351
                   02112903.18439696
                   01409506.24832014
                   01101354.41091478
                   0852202.772010764
                   0660018.105703504
                   0519384.855999193
                   0425122.461627275
                   0370175.728932227
                   0343967.613894128
                   05295464.69136568
                   05153596.78433328
                   04873622.79821555
                   04469328.78069681
                   03959798.04201233
                   03365973.18277919
                   02706332.3638407
                   01977877.90139538
                   01315907.23867702
                   01028786.00400735
                   0796361.132074733
                   0616852.412356653
                   0485406.438544397
                   0397279.292540142
                   0345901.684295364
                   0321390.916001219
                   04995306.8979375
                   04860040.55681612
                   04593693.08977421
                   04209046.17122014
                   03724353.54311784
                   03159432.55658993
                   02532196.03199902
                   01841510.73722804
                   01222352.41993178
                   0956133.486984005
                   0740388.938455425
                   0573578.081697592
                   0451341.554448478
                   0369367.816256055
                   0321575.134411503
                   0298769.608102596
                   04683008.953765
                   04554765.57422108
                   04302989.75823808
                   03939473.53196117
                   03481170.51154238
                   02946997.55224347
                   02354577.6056042
                   01703689.03496652
                   01128713.04237898
                   0883313.146360235
                   0684230.081826932
                   0530136.242717048
                   0417149.140121401
                   0341358.212212738
                   0297167.981502407
                   0276075.793918496
                   04360214.65313514
                   04239584.78892258
                   04003013.81728575
                   03661473.92136201
                   03231267.11994772
                   02729743.21313421
                   02173637.82708341
                   01564987.88088609
                   01035297.35996207
                   0810574.619604432
                   0628086.149740793
                   0486696.357213196
                   0382958.825763866
                   0313356.187134009
                   0272770.539408519
                   0253394.053904791
                   04029165.51127077
                   03915726.07246426
                   03694922.08967522
                   03376743.85600464
                   02975626.49375949
                   02508345.47445517
                   01990588.4184442
                   01425789.67657337
                   0942307.304407541
                   0738085.495249299
                   0572093.021765395
                   0443359.482275087
                   0348849.175463298
                   0285425.987964449
                   0248439.269087534
                   0230777.314282605
                   03689191.26318287
                   03584786.60626735
                   03380870.53948344
                   03086771.66353768
                   02716113.79558222
                   02284324.95439694
                   01806321.90181937
                   01286945.0904422
                   0850215.05779882
                   0666226.182996987
                   0516545.421072671
                   0400353.009460842
                   0315002.807405503
                   0257714.090689366
                   0224302.773299293
                   0208344.790087888
                   03346630.36095133
                   03250697.26203429
                   03063976.11304277
                   02794531.87501728
                   02455151.82098123
                   02059761.44847318
                   01622558.59534942
                   01149672.92864943
                   0759747.230340527
                   0595569.441640842
                   0461890.143191838
                   0358030.421264356
                   0281694.712211422
                   0230447.465569476
                   0200556.769218921
                   0186277.498527165
                   03006732.99111098
                   02916535.21024658
                   02747292.80988418
                   02502893.52340583
                   02194977.98613193
                   01836652.56426934
                   01440920.01362893
                   01015171.50874359
                   0671544.679052331
                   0526629.773914034
                   0408533.949576745
                   0316704.263731491
                   0249172.926693554
                   0203828.201908836
                   0177378.09465332
                   0164739.08859402
                   02664838.06825493
                   02585994.14080122
                   02433779.26929452
                   02215002.3540742
                   01938761.23217306
                   01617352.42350467
                   01263268.44973696
                   0884728.166593928
                   0586372.474667715
                   0460006.863233768
                   0356947.855733891
                   0276740.003393583
                   0217724.685294757
                   0178090.688210917
                   0154970.268740996
                   0143919.972346538
                   02332312.67276543
                   02262896.18640855
                   02128253.67032416
                   01933811.14822365
                   01689106.83277706
                   01404665.08673986
                   01091803.32293206
                   0760086.498816174
                   0505157.298667539
                   0396439.175655168
                   0307700.549745525
                   0238583.178550014
                   0187700.511700174
                   0153521.644615397
                   0133581.653426478
                   0124049.668144044
                   02013532.91060635
                   01952946.94664571
                   01834715.52763015
                   01664568.36959799
                   01450381.12086902
                   01201675.20433093
                   0929052.825115539
                   0642948.624277207
                   0428878.212311036
                   0336694.912892511
                   0261398.323207784
                   0202701.237792937
                   0159466.826379536
                   0130421.238144343
                   0113474.126476191
                   0105370.994794588
                   01711205.74892323
                   01658581.11511532
                   01556581.72269889
                   01409511.51506412
                   01224708.20548247
                   01010419.28346653
                   0777086.41196686
                   0534416.881811071
                   0358095.738365187
                   0281227.320717591
                   0218389.611402846
                   0169366.72141931
                   0133240.52175309
                   0108963.635349051
                   094798.7348352982
                   088024.573379419
                   01429140.26542295
                   01384578.3756662
                   01297543.79584254
                   01172427.92759973
                   01015184.29461947
                   0833443.700229595
                   0636107.63312408
                   0435809.71222085
                   0293537.320489298
                   0230606.097775708
                   0179126.331601506
                   0138931.620944771
                   0109294.228039915
                   089375.6913224337
                   077751.7101449425
                   072191.3523490271
                   01171005.0336164
                   01133388.45096749
                   01060527.07093316
                   0955667.77983595
                   0824190.950136559
                   0672702.937005644
                   0509558.295094458
                   0347975.471626404
                   0235693.321451238
                   0185228.611286474
                   0143915.3508772
                   0111632.734004403
                   087817.7235874776
                   071807.9547896878
                   062464.7132079861
                   057994.2322112011
                   0938779.536393132
                   0907965.887493076
                   0847761.51187278
                   0761420.409354628
                   0653455.837195883
                   0529670.884709839
                   0397908.656275698
                   0271395.641255653
                   0184861.865140814
                   0145330.518926266
                   0112945.838275458
                   087618.9226089297
                   068925.1685845418
                   056355.8137603708
                   049019.6033251206
                   045508.8099699997
                   0734556.845835329
                   0709400.942013001
                   0660755.736661682
                   0591056.431882636
                   0504133.554509794
                   0405670.484329597
                   0301829.900835555
                   0206130.68527838
                   0141157.281331992
                   0111011.005116463
                   086296.5394662424
                   066951.7331569681
                   052666.0281030352
                   043058.5070535501
                   037450.2674550584
                   034765.726430648
                   0558313.712140862
                   0538515.499602887
                   0499915.309559257
                   0444797.998452146
                   0376616.972353404
                   0299890.179034569
                   0221311.005885637
                   0151760.805914845
                   0104427.299539058
                   082153.8450020903
                   063880.6289923465
                   049565.3861835663
                   038988.5912768056
                   031873.5400750437
                   027719.7534417253
                   025730.9605594449
                   0410602.365698559
                   0395111.89310425
                   0365275.787515599
                   0323231.631769478
                   0270824.850827433
                   0213205.202587621
                   0156100.045950655
                   0107776.836642681
                   074472.7527539226
                   058609.0923607114
                   045584.9785765396
                   035372.7014862564
                   027823.6134169602
                   022743.9513749078
                   019778.174385433
                   018357.6493878349
                   0288927.767497156
                   0277402.845029803
                   0255046.144186414
                   0223582.35050708
                   0185443.207348646
                   0144013.110727619
                   0104750.84727065
                   072971.2831013645
                   050608.6583955833
                   039842.2202495357
                   030996.6120375958
                   024054.6333395951
                   018920.0117753201
                   015464.3615453679
                   013446.3304495228
                   012479.4275667633
                   0191104.076508897
                   0182755.138644738
                   0166831.274680154
                   0144630.527666716
                   0118230.315114408
                   090552.528776817
                   065606.9180183045
                   046172.045855222
                   032129.172639619
                   025302.9733365455
                   019690.602701653
                   015281.7689581611
                   012019.2408319103
                   09822.71736927157
                   08539.70043256172
                   07924.96068043162
