              107227                 350
                 160
    5339499999.99999    5006048181.56798    4694834386.17908     4404375551.9889    4133287523.08679    3880278453.42319    3644142650.63143    3423754830.40722    3218064754.06581     3026092223.7223    2846922411.24519    2679701498.72381    2523632609.67446    2377972011.59593    2242025571.77804    2115145449.47348    1996727008.66999    1886205936.75086    1783055555.31303    1686784310.32767    1596933429.68293    1513074736.94594    1434808610.92584    1361762081.31434    1293587051.32867    1229958638.88707    1170573628.41199    1115149025.88302    1063420710.25388    1015142174.80693    970083352.447181    928029519.337887    888780271.653059     852148570.57075    817959850.956071    786051189.486468     756270528.25502    728475950.151918    702535002.571022    678324066.218666    655727766.016837    634638421.293436    614955532.639546    596585302.988383    579440190.633658    563438492.057314    548503952.578627    534565402.969263    521556420.302608    509415011.421182    498083317.513724    487507338.394137    477636675.168376    468424290.062966    459826282.270656    451801678.744993    444312238.946896    437322272.612741    430798469.675567    424709741.528891    419027072.876705    413723383.463642    408773399.026417    404153530.851552    399841763.365451    395817549.221131    392061711.381647    388556351.733625    385284765.795381     382231363.11319    379381592.966356    376721875.027037    374239534.644394    371922742.444663    369760457.959318    367742377.012693    365858882.618348    364100999.150164     362460349.56979    360929115.506614           359500000    359348101.265823    359196202.531646    359044303.797468    358892405.063291    358740506.329114    358588607.594937    358436708.860759    358284810.126582    358132911.392405    357981012.658228    357829113.924051    357677215.189873    357525316.455696    357373417.721519    357221518.987342    357069620.253165    356917721.518987     356765822.78481    356613924.050633    356462025.316456    356310126.582278    356158227.848101    356006329.113924    355854430.379747     355702531.64557    355550632.911392    355398734.177215    355246835.443038    355094936.708861    354943037.974684    354791139.240506    354639240.506329    354487341.772152    354335443.037975    354183544.303797     354031645.56962    353879746.835443    353727848.101266    353575949.367089    353424050.632911    353272151.898734    353120253.164557     352968354.43038    352816455.696203    352664556.962025    352512658.227848    352360759.493671    352208860.759494    352056962.025316    351905063.291139    351753164.556962    351601265.822785    351449367.088608     351297468.35443    351145569.620253    350993670.886076    350841772.151899    350689873.417722    350537974.683544    350386075.949367     350234177.21519    350082278.481013    349930379.746835    349778481.012658    349626582.278481    349474683.544304    349322784.810127    349170886.075949    349018987.341772    348867088.607595    348715189.873418    348563291.139241    348411392.405063    348259493.670886    348107594.936709    347955696.202532    347803797.468354    347651898.734177           347500000
                  17
                   0   0.196349540849363   0.392699081698725   0.589048622548088    0.78539816339745   0.981747704246813    1.17809724509618    1.37444678594554     1.5707963267949    1.76714586764426    1.96349540849363    2.15984494934299    2.35619449019235    2.55254403104171    2.74889357189108    2.94524311274044     3.1415926535898
                   2
                   0     6.2831853071796
                   037.8799937503954
                   037.851458861732
                   037.7949151583161
                   037.709611508084
                   037.5924436195837
                   037.4367830152047
                   037.2360151830865
                   036.9704321104245
                   036.627303312013
                   036.1639411007408
                   035.5113148390035
                   034.5172428211248
                   032.8608353539614
                   029.6697914639347
                   021.9291623174394
                   03.24824583179396
                   044.3927559387576
                   044.3572957974733
                   044.2866424495399
                   044.178506138958
                   044.0289904110438
                   043.8295748386884
                   043.5708884068767
                   043.2307658465588
                   042.7926324104701
                   042.1994304474114
                   041.3644375781362
                   040.0961420361049
                   037.9873484952784
                   033.9431662900576
                   024.3284879943927
                   03.56511862597034
                   052.0032137352524
                   051.9588205643914
                   051.8698910201378
                   051.7328812254195
                   051.5418932224085
                   051.2861072396244
                   050.9534351265015
                   050.5177929616216
                   049.9576695611162
                   049.1987652850856
                   048.1316668809834
                   046.5130963961888
                   043.8306596787127
                   038.7264571255102
                   026.8550782240838
                   03.97854166242872
                   060.9168061644196
                   060.8610151771917
                   060.7482322814196
                   060.5740034411722
                   060.3301298854735
                   060.0018960329155
                   059.5751654789727
                   059.0177091554941
                   058.3022760596055
                   057.3326824595953
                   055.9706828252161
                   053.907190899519
                   050.4966302975059
                   044.0755598628116
                   029.4889675346585
                   04.51006772731044
                   071.3747769410666
                   071.3043481920458
                   071.1611612226279
                   070.938670909053
                   070.6266568734581
                   070.2046067060279
                   069.6598110292777
                   068.948326007193
                   068.033596012696
                   066.7949774398915
                   065.0585421009456
                   062.4293665008723
                   058.1072038834438
                   050.0470435294111
                   032.2195957348293
                   05.19058321437368
                   083.6484332963992
                   083.5589723798539
                   083.376577768641
                   083.0923250882466
                   082.6929207796342
                   082.1499428011831
                   081.4555687993071
                   080.5483425886226
                   079.3787040606959
                   077.7980548420954
                   075.5851886774696
                   072.2387042514813
                   066.7769573608452
                   056.687857757874
                   035.0263763863968
                   06.05359591698952
                   098.0668143094818
                   097.9530375325755
                   097.7192460824317
                   097.3556854889793
                   096.8444690925848
                   096.1464899290797
                   095.2624316035606
                   094.1071354327223
                   092.613589900594
                   090.5987584600572
                   087.7812716159789
                   083.5298523159129
                   076.6385153666241
                   064.0432731412404
                   037.9017909090548
                   05.8477526441693
                   0115.007755693724
                   0114.862140974815
                   0114.565382574428
                   0114.099956553954
                   0113.444334397252
                   0112.549061656644
                   0111.424169087811
                   0109.953362888829
                   0108.048893807516
                   0105.481940154903
                   0101.89716749016
                   096.5070613182154
                   087.8298249687359
                   072.1497560414934
                   040.8442765991465
                   07.3418227816134
                   0134.926229432154
                   0134.740353648197
                   0134.36130113037
                   0133.766832645381
                   0132.928504827042
                   0131.781265582306
                   0130.350298361019
                   0128.479590404589
                   0126.053595766942
                   0122.78670125442
                   0118.22634034516
                   0111.408743905631
                   0100.508101348464
                   081.0480520187794
                   043.8842341004505
                   09.20632224813173
                   0158.343332842521
                   0158.106175416197
                   0157.621197160512
                   0156.862186531694
                   0155.788780780068
                   0154.322530651831
                   0152.504051166348
                   0150.125526898361
                   0147.039561144599
                   0142.887368315063
                   0137.095981406944
                   0128.487794047419
                   0114.822064815206
                   090.7744438994523
                   047.0698719150876
                   011.5155247717504
                   0185.89976039618
                   0185.597300279558
                   0184.977807375712
                   0184.008280236492
                   0182.634823993943
                   0180.767727792143
                   0178.456070930693
                   0175.432193131764
                   0171.509292466014
                   0166.236230120903
                   0158.892544607588
                   0148.038202607572
                   0130.944091322434
                   0101.359798964283
                   050.4956093657806
                   014.387985828756
                   0218.320989752437
                   0217.934910420269
                   0217.142877003181
                   0215.904529362234
                   0214.146793494741
                   0211.772287318639
                   0208.843038403962
                   0205.00047526562
                   0200.018287523447
                   0193.331099723665
                   0184.03267699696
                   0170.370922399774
                   0149.044195188745
                   0112.831098164548
                   054.2869855310546
                   017.9314878988387
                   0256.444903148457
                   0255.951969144937
                   0254.941743684806
                   0253.358794317448
                   0251.115042856297
                   0248.09788240623
                   0244.385288094161
                   0239.507165541711
                   0233.184869162057
                   0224.707571648101
                   0212.961674925309
                   0195.806074794282
                   0169.279958609266
                   0125.192068932728
                   058.6138655051699
                   022.279097290743
                   0301.346894115837
                   0300.715601108428
                   0299.427916429341
                   0297.392010245653
                   0294.525690283746
                   0290.683632651128
                   0285.969372974691
                   0279.769407979067
                   0271.741357800661
                   0260.991793209196
                   0246.183292351921
                   0224.65467514671
                   0191.778280937652
                   0138.430074907886
                   063.6505432150641
                   027.5625748396691
                   0354.06458798183
                   0353.263874013784
                   0351.609022850332
                   0349.030229324849
                   0345.370221601238
                   0340.510340590409
                   0334.540257869772
                   0326.680920007896
                   0316.519061670308
                   0302.92112024235
                   0284.265694530145
                   0257.392946992628
                   0216.782903130219
                   0152.710434512212
                   069.7963515812573
                   034.0861215470843
                   0416.086892790832
                   0415.059195426898
                   0412.968371895008
                   0409.668459953569
                   0405.033273580528
                   0398.858626738793
                   0391.308616430739
                   0381.366953136439
                   0368.502900124656
                   0351.345863982032
                   0327.932243985563
                   0294.423702310689
                   0244.440440044431
                   0168.07618835442
                   077.3441936506671
                   042.0416189308746
                   0490.112433380987
                   0488.81097583924
                   0486.128286191198
                   0481.912593879492
                   0475.977565292785
                   0468.131875034211
                   0458.520911974717
                   0445.885223751295
                   0429.555073558359
                   0407.810512410019
                   0378.450040752723
                   0336.750017882312
                   0275.500276535275
                   0185.185300818606
                   087.0917612068317
                   052.1206361923422
                   0576.723998425996
                   0575.066587125444
                   0571.673903883412
                   0566.304160790096
                   0558.741557884889
                   0548.775970591039
                   0536.619311265346
                   0520.592886148777
                   0499.948885847677
                   0472.510240106856
                   0435.822500222342
                   0384.093521449177
                   0309.417020571438
                   0203.5871712072
                   098.8594688517572
                   064.0954244548984
                   0678.377229776658
                   0676.243266240666
                   0671.92376280704
                   0665.10263763904
                   0655.523476283065
                   0642.931086329072
                   0627.481122717836
                   0607.226054864934
                   0581.182280541554
                   0546.688056680779
                   0500.904865458798
                   0436.986814297135
                   0346.458608406882
                   0223.67169376808
                   0113.075395106843
                   078.3205790094141
                   0797.703839416267
                   0795.013873541648
                   0789.482394881649
                   0780.81910359078
                   0768.728416332511
                   0752.790415252348
                   0733.278850598084
                   0707.680615460933
                   0674.882323361665
                   0631.62242996455
                   0574.708287614335
                   0496.033890779976
                   0386.990864451855
                   0245.97276853118
                   0130.260213071391
                   095.2950309937624
                   0937.36884890344
                   0933.963472573674
                   0926.946508562294
                   0915.995108910018
                   0900.734427565522
                   0880.665550251778
                   0856.013011815083
                   0823.749949368835
                   0782.560585574754
                   0728.413764456372
                   0657.890949997675
                   0561.512430262258
                   0431.101827520056
                   0270.83546982626
                   0150.714956440133
                   0115.280584803259
                   01100.8074041207
                   01096.49649761629
                   01087.6537895467
                   01073.78328549499
                   01054.50940812751
                   01029.25709523355
                   0998.224151235218
                   0957.651801757488
                   0906.024275485704
                   0838.522000527029
                   0751.475872388504
                   0633.955290106413
                   0479.081904297459
                   0298.904076942939
                   0174.913555214681
                   0138.744189007258
                   01293.32078817734
                   01287.82633685471
                   01276.6485295662
                   01259.03698316922
                   01234.78921724387
                   01202.95147524482
                   01163.85804324682
                   01112.88977450952
                   01048.1658764544
                   0964.204571819356
                   0857.110913383595
                   0714.453172414984
                   0532.002036675292
                   0331.590807318718
                   0203.80483258384
                   0166.699895178544
                   01520.25996341795
                   01513.29242248594
                   01499.10609170177
                   01476.86248496002
                   01446.24331936396
                   01406.07614947746
                   01356.84412555154
                   01292.85821992764
                   01211.79170441191
                   01107.55540615521
                   0976.289435203309
                   0804.013024761423
                   0590.635913687743
                   0370.110785701842
                   0238.236515582392
                   0199.99929919946
                   01782.83292882889
                   01774.00242572705
                   01756.07923948789
                   01728.1462155579
                   01689.64345961793
                   01639.32545004278
                   01577.64541375854
                   01497.62883134033
                   01396.64480192627
                   01268.01008899812
                   01107.89059987206
                   0901.388794982803
                   0654.046435277955
                   0413.892505146107
                   0277.438376347319
                   0237.934881393854
                   02086.79633346994
                   02075.77233423625
                   02053.21220644091
                   02018.24115174088
                   01970.12477522475
                   01907.2079098287
                   01830.29297018782
                   01730.68386938517
                   01605.59140153319
                   01447.61283076761
                   01253.35204618587
                   01007.44754792706
                   0723.496840240664
                   0464.019108330624
                   0298.830910178879
                   0281.073994764743
                   02437.8481143428
                   02424.08398064161
                   02395.94788939106
                   02352.23972675184
                   02292.37769942871
                   02214.17981014475
                   02118.61455096841
                   01994.98471134807
                   01840.6166390524
                   01647.46466468542
                   01413.04245717686
                   01122.69147071463
                   0799.599968356053
                   0521.345846000385
                   0350.881996855881
                   0329.750232540217
                   02852.86880533571
                   02835.6629015541
                   02800.39146764222
                   02745.79226753546
                   02670.9242367349
                   02573.06903699258
                   02454.1347381532
                   02300.70909611796
                   02110.38125923586
                   01874.81090800381
                   01592.96991449411
                   01251.21762832623
                   0886.808295564339
                   0589.813926733651
                   0412.498652595358
                   0387.70863321873
                   03326.49560373038
                   03304.9788816149
                   03261.1616947554
                   03193.40044313766
                   03100.38831757407
                   02979.21739490197
                   02832.28671072364
                   02643.34047648819
                   02410.01857854918
                   02124.73602092693
                   01788.62325835227
                   01390.39367221182
                   0982.567864568849
                   0666.796716835302
                   0481.34327842749
                   0451.928125162379
                   03866.66064111693
                   03840.02727024378
                   03785.90214711201
                   03702.21496305767
                   03587.62800071944
                   03438.09101169168
                   03257.58289202652
                   03025.99385805426
                   02742.20813910289
                   02398.64618624925
                   02001.05409444395
                   01540.80781577572
                   01088.17384423171
                   0753.067969510967
                   0558.140213252501
                   0523.660079100718
                   04497.61114030177
                   04464.56633680094
                   04397.55874058262
                   04293.92993077236
                   04152.58452822548
                   03968.16799625213
                   03746.25574609625
                   03463.16770639951
                   03118.76543736481
                   02707.00111789046
                   02238.67804002551
                   01710.11153721842
                   01210.98878806072
                   0854.199666545431
                   0647.737659300426
                   0607.742807109792
                   05209.92365513741
                   05169.35030986692
                   05087.05848948717
                   04959.95908348024
                   04786.6780827329
                   04560.7413570953
                   04290.0847166176
                   03946.50426482724
                   03531.70059768508
                   03041.8587007055
                   02494.69790282227
                   01893.01555912664
                   01346.14047696843
                   0965.870332961201
                   0746.153438445346
                   0700.044501981759
                   06026.51327048681
                   05976.75063512428
                   05875.89524514137
                   05720.24057147748
                   05508.2244207477
                   05232.89693069122
                   04903.51545998585
                   04488.35315554683
                   03991.46874190576
                   03412.01802491321
                   02776.71798385043
                   02096.69992101558
                   01499.97720943434
                   01092.5849422147
                   0857.946423675813
                   0804.491165593001
                   06949.25618967382
                   06888.59873614774
                   06765.81991251732
                   06576.05416769053
                   06318.15519303049
                   05983.96383925665
                   05586.16214507338
                   05087.39175485664
                   04495.6411451952
                   03814.6749200761
                   03083.1901623028
                   02319.86525324351
                   01671.42311281971
                   01232.72740159538
                   0981.333362810067
                   0919.259055781516
                   07994.40928086991
                   07920.72358223053
                   07771.65536475708
                   07541.24648056078
                   07228.90481359334
                   06825.20778682583
                   06346.60705234125
                   05751.08500099376
                   05050.33011145461
                   04255.5258972477
                   03418.17008541177
                   02566.99316389964
                   01863.67135689761
                   01388.30781439305
                   01118.69065676536
                   01046.35716027753
                   09164.0107769869
                   09075.28627215811
                   08894.95732504981
                   08617.21141288114
                   08240.71217304121
                   07756.17733977593
                   07184.01384119292
                   06477.27534404631
                   05654.10838922119
                   04732.67312655495
                   03780.42324698341
                   02837.25000674208
                   02075.02793442814
                   01558.54560027001
                   01268.59914530385
                   01186.21514395037
                   010485.0379471734
                   010377.9870992413
                   010160.5571219145
                   09826.42926424037
                   09374.86578004453
                   08795.68246546161
                   08115.06357221505
                   07281.02280866772
                   06318.33662454951
                   05256.37569445638
                   04180.16635954652
                   03138.72143940866
                   02311.87105057984
                   01638.34569678754
                   01435.5917640804
                   01343.18425717741
                   011954.0898720733
                   011825.9230604636
                   011565.7582978783
                   011166.2180156966
                   010627.750042761
                   09939.66741679248
                   09134.57233128845
                   08156.56210276403
                   07038.0958037092
                   05823.36202772659
                   04614.71663166664
                   03468.94655542932
                   02571.2473570021
                   01846.50142586885
                   01616.81318540441
                   01514.80685616222
                   013585.8963648489
                   013433.2926177368
                   013124.3441029283
                   012648.4625597747
                   012009.5879294975
                   011196.679409743
                   010251.0513314814
                   09110.13542126761
                   07819.08121024372
                   06438.25386061847
                   05088.89674239913
                   03831.02137684852
                   02856.44313108601
                   02075.07683456093
                   01817.09733652807
                   01699.47419734328
                   015388.5089431712
                   015207.8158007003
                   014842.2376026647
                   014280.3060582476
                   013525.6123128749
                   012571.0227198296
                   011465.4903812968
                   010142.8286835454
                   08662.70699603573
                   07101.41623706168
                   05602.71208258084
                   04224.93926399178
                   03166.06665996504
                   02322.40645968131
                   02033.26966110097
                   01899.51268100018
                   017365.2930622158
                   017152.4383119347
                   016721.7889295725
                   016061.4384056445
                   015176.9166424683
                   014062.4556902468
                   012778.5065181508
                   011256.6860962159
                   09569.00952920487
                   07814.46937772502
                   06158.3872143176
                   04653.43185569032
                   03501.55611907227
                   02591.30394076933
                   02268.48381930844
                   02117.49306717852
                   019532.0323471182
                   019282.8232828297
                   018779.4258170531
                   018007.1518808952
                   016975.6500479587
                   015682.0693745077
                   014198.6126047417
                   012456.7134647227
                   010544.4894079141
                   08581.86238509181
                   06758.40949555302
                   05117.87328735067
                   03861.76094972392
                   02881.1790750864
                   02522.66576987049
                   02353.73677295162
                   021894.8236256458
                   021604.9753422711
                   021018.272339511
                   020120.5831067973
                   018925.8877169611
                   017432.1321495641
                   015728.0393039773
                   013745.0250908236
                   011591.4326158597
                   09406.37632224908
                   07403.79487554481
                   05619.90190154579
                   04246.38084405774
                   03194.2537882968
                   02795.30881067865
                   02607.91242329726
                   024445.4496997899
                   024109.6350158623
                   023430.5675108394
                   022393.5193793628
                   021017.9128859207
                   019303.6000870533
                   017358.3774150562
                   015114.6965583094
                   012702.745585802
                   010283.2654498937
                   08091.77161870219
                   06153.40195659854
                   04651.11666694833
                   03526.40744623678
                   03084.40953301722
                   02877.2690972366
                   027194.9190627596
                   026808.436364751
                   026026.5252335711
                   024835.1197997366
                   023259.1878130604
                   021304.9451579311
                   019096.5892734268
                   016570.9265118058
                   013883.4024786429
                   011216.4807758304
                   08823.37875513064
                   06720.08049160193
                   05076.64644334053
                   03878.58349983547
                   03390.39088297189
                   03162.55551852701
                   030139.6910932826
                   029696.9602771788
                   028802.808047169
                   027441.9979585948
                   025647.2150098692
                   023429.966619567
                   020939.5593880295
                   018111.9686764881
                   015130.7205668505
                   012204.0986851576
                   09598.77992647879
                   07313.10832869578
                   05309.85418130658
                   04246.63468176847
                   03712.5927679368
                   03463.46547991585
                   033270.7691910142
                   032766.8786190319
                   031749.9212174944
                   030204.5826433342
                   028172.4243505836
                   025673.5394694702
                   022878.0862691106
                   019731.5416877195
                   016438.013323763
                   013241.5288967641
                   010409.0268674865
                   07926.5610016841
                   05639.45192101267
                   04623.63755284759
                   04047.00232645903
                   03776.37409654242
                   036670.1075734309
                   036096.4789475445
                   034941.4807500454
                   033186.7091375771
                   030884.0416119169
                   028064.6804062068
                   024940.8097136093
                   021436.1526188648
                   017804.0085697848
                   014307.0645528969
                   011229.3869772568
                   08529.52089615271
                   06074.6380278635
                   04976.32681847649
                   04352.80148833216
                   04060.94250478702
                   040113.2345593498
                   039470.0900253441
                   038162.5042898884
                   036197.6955380769
                   033627.5596679883
                   030491.4310035335
                   027011.4974946994
                   023155.1247526852
                   019187.5474869331
                   015401.0643973035
                   012067.3763657411
                   09157.05431005424
                   06548.85935376297
                   05367.83792697565
                   04688.39766845301
                   04377.03958596883
                   043729.2884759086
                   043011.719724933
                   041561.1717731331
                   039374.3438916501
                   036507.9245510913
                   033034.1761347034
                   029188.8151942658
                   024959.6691166596
                   020644.3674770865
                   016543.6584286948
                   012946.8386451305
                   09812.96889484185
                   07043.37341280524
                   05777.10505358761
                   05043.2090525424
                   04711.70281900294
                   047515.3245902301
                   046706.5958142124
                   045103.9052278766
                   042658.9479659269
                   039497.7069425104
                   035669.4111451546
                   031440.9366618286
                   026826.4769674306
                   022150.73939733
                   017727.3109314309
                   013856.8800572568
                   010487.6691525796
                   07564.74087085416
                   06199.93047723964
                   05410.07470719864
                   05053.14201305057
                   051428.9410175346
                   050542.4192912061
                   048756.6686880161
                   046063.1743853342
                   042579.7614454417
                   038387.2417718451
                   033766.7327107785
                   028758.756767917
                   023703.3432003914
                   018948.3346536971
                   014796.8732473609
                   011190.253802571
                   08099.83522797972
                   06640.36461447166
                   05785.6616133596
                   05406.04298800168
                   055463.1010057879
                   054487.3015135443
                   052518.9944998965
                   049564.8940356557
                   045743.7862289939
                   041161.5965284199
                   036120.3311618973
                   030729.4051552469
                   025293.6543648265
                   020205.5419035706
                   015755.6318958413
                   011891.7428432803
                   08644.62158814051
                   07085.74766373695
                   06169.8232773757
                   05763.06706466488
                   059613.2872928182
                   058544.0768739137
                   056387.0611871645
                   053175.5597701268
                   049017.6457441377
                   044045.3599327623
                   038583.1196470129
                   032718.0583704031
                   026907.4444942132
                   021437.2920352579
                   016702.1981456089
                   012561.726995903
                   09184.91091305494
                   07531.37001824098
                   06557.14940418846
                   06121.98978161885
                   063842.5763300017
                   062686.4967263613
                   060333.9844221755
                   056834.1699378725
                   052322.3505289065
                   046947.1802004002
                   041061.3442602152
                   034782.1328085095
                   028510.4375426848
                   022702.5359362931
                   017665.7703343623
                   012674.2833287159
                   09730.74682648243
                   07977.05343724912
                   06942.80072900826
                   06481.4682653883
                   068160.2317761303
                   066897.5801982305
                   064352.7609570825
                   060562.038518463
                   055691.3460706731
                   049906.653737339
                   043621.8743775404
                   036858.0273949328
                   030134.5593956574
                   023943.5316591647
                   018605.4659476164
                   013108.5979418013
                   010259.8276471011
                   08424.89556751284
                   07332.69300400766
                   06841.42840915816
                   072513.6046793993
                   071141.6851884609
                   068395.8999808606
                   064313.5121921992
                   059091.2188887391
                   052915.667875773
                   046155.8270627481
                   038937.120709195
                   031781.4750979565
                   025220.1338262651
                   019524.0745632153
                   013773.2768113443
                   010786.8268776095
                   08872.65553878767
                   07722.66567503339
                   07200.75913557995
                   076868.3706347356
                   075393.4017834991
                   072447.5907475321
                   068096.6473011173
                   062514.0492179107
                   055886.1247071236
                   048686.0590104486
                   041010.3344518303
                   033417.1348824788
                   026483.8808941903
                   020448.1846598749
                   014430.4438563596
                   011303.4593565085
                   09310.9885631443
                   08107.49205569822
                   07557.14008485248
                   081255.2117051033
                   079675.7483718092
                   076550.3065960495
                   071895.6036595795
                   065922.0273192611
                   058869.8290096115
                   051220.867727423
                   043084.2773654782
                   035050.0195427283
                   027742.0873091952
                   021363.0067863501
                   015097.4446586995
                   011825.2290879099
                   09735.76317989355
                   08489.09437438279
                   07910.58170981259
                   085651.4189073753
                   083960.9727877415
                   080640.5477133809
                   075673.0447184821
                   069320.2829761166
                   061840.5037353731
                   053743.5293830374
                   045144.9571466286
                   036666.3944433206
                   028979.7915111242
                   022260.3331077973
                   015755.3491152653
                   012346.5077958909
                   010157.2607688542
                   08862.30205944145
                   08255.55011838187
                   089998.5068222969
                   088233.1924235612
                   084676.8850289614
                   079409.5595574559
                   072683.956821678
                   064779.7855574419
                   056235.8843385227
                   047176.5473991302
                   038250.8888248037
                   030184.5630282534
                   023128.626504752
                   016396.1715413305
                   012855.9939550603
                   010572.0212936792
                   09220.04933436947
                   08594.64759857062
                   094312.977809556
                   092443.4253795282
                   088681.9143819903
                   083115.2189491177
                   076016.4252102452
                   067689.4610167886
                   058700.6430945025
                   049182.1765347608
                   039808.214625526
                   031354.8630268871
                   023972.7432977212
                   017023.4366565398
                   013354.1272493671
                   010978.1669954696
                   09576.9490969894
                   08926.09600970549
                   098566.0327353449
                   096575.1029340325
                   092617.8268734593
                   086755.7112164023
                   079291.6325540852
                   070544.1955171506
                   061116.6511285623
                   051140.5820242565
                   041326.0585491928
                   032482.0323718923
                   024769.1105138205
                   017629.0535812405
                   013837.4193051971
                   011372.1345559583
                   09924.58786903178
                   09245.0180455691
                   0102773.918238433
                   0100643.072410698
                   096485.8410965111
                   090335.022182202
                   082508.7278038489
                   073352.2522745281
                   063488.2364367853
                   053061.3027892132
                   042803.1875488221
                   033570.1423676856
                   025084.7013635962
                   018220.900372578
                   014308.226553233
                   011757.8631113232
                   010262.5820742927
                   09551.98375423038
                   0106883.468482704
                   0104657.180227114
                   0100266.752615963
                   093812.4128387088
                   085625.6276790917
                   076070.0517242569
                   065792.740165149
                   054938.2701264849
                   044195.3120770037
                   034604.9295336111
                   024724.4315117627
                   018787.795307914
                   014767.7785595355
                   012131.3803710809
                   010583.3838439594
                   09852.72081330895
                   0110902.879096517
                   0108617.188760926
                   0104049.95259297
                   097315.7171387064
                   088771.861471141
                   078801.8380042043
                   068087.1284326711
                   056766.4311805314
                   045506.0587842096
                   035547.8620507716
                   025244.2660642154
                   019269.4391338955
                   015172.802300673
                   012463.3308012885
                   010878.8474421491
                   010137.5482375707
                   0114837.288040089
                   0112439.881999553
                   0107678.92463177
                   0100664.174903948
                   091776.6411253251
                   081411.8429027784
                   070283.9609098862
                   058527.1577783663
                   046793.08703511
                   036469.1760065028
                   025868.930034536
                   019762.1107426376
                   015580.4487762492
                   012797.8649421829
                   011170.9331980994
                   010406.3770219943
                   0118649.502872955
                   0116155.693325829
                   0111205.473164589
                   0103918.587949427
                   094696.3129511638
                   083946.5229215427
                   072414.6608229825
                   060226.6063364818
                   048001.1211928886
                   037352.1144025651
                   026477.1523162633
                   020235.511420804
                   015969.0351662957
                   013118.163899125
                   011450.2814107751
                   010667.3379150908
                   0122325.925055779
                   0119738.671471676
                   0114606.793996002
                   0107057.841754759
                   097508.5166973149
                   086389.442159067
                   074464.921904312
                   061851.3811866794
                   049184.6110842791
                   038196.0905837224
                   027068.4834555444
                   020694.3375092168
                   016342.4633941133
                   013426.6575499502
                   011719.3892901532
                   010917.8905426374
                   0125890.634411445
                   0123213.101000356
                   0117903.832193249
                   0110099.98105236
                   0100233.876746175
                   088752.2894494983
                   076442.6658847522
                   063420.6663903898
                   050313.6155606935
                   039003.095869157
                   027640.4652951367
                   021137.4424757586
                   016699.6778813898
                   013722.1227084161
                   011977.362464898
                   011158.2200292552
                   0129320.502946548
                   0126555.057949492
                   0121074.944008581
                   0113023.527925758
                   0102851.995362057
                   091023.4470740549
                   078340.2726430421
                   064915.7544606112
                   051385.1522301634
                   039759.3053255371
                   028181.2825800807
                   021561.0810834495
                   017037.6113355791
                   014002.0791743836
                   012221.6033835548
                   011385.8689178442
                   0132635.371758377
                   0129784.936574811
                   0124138.305022601
                   0115848.542391598
                   0105379.800969197
                   093212.4063664279
                   080167.3077345989
                   066352.1969002562
                   052400.7861985094
                   040460.7454952315
                   028698.737199522
                   021965.9494822577
                   017358.390717927
                   014269.1114077911
                   012454.5660467694
                   011602.4769523394
                   0135824.301636562
                   0132891.976110676
                   0127084.778625331
                   0118563.376098635
                   0107808.169316501
                   095315.9540438439
                   081918.1506187193
                   067722.4675343842
                   053361.1916504783
                   040958.8320012922
                   029187.6794053797
                   022352.5813707315
                   017662.9943026427
                   014522.2054453578
                   012675.1972955172
                   011808.1388727212
                   0138899.067620616
                   0135887.676503319
                   0129924.950438084
                   0121180.802673659
                   0110148.399811888
                   097338.6371049511
                   083599.2162374387
                   069034.1491459772
                   054269.472626225
                   041023.0283095611
                   029653.205092881
                   022720.1522896506
                   017951.9855610041
                   014762.6028556735
                   012884.665741211
                   012003.5740705619
                   0141842.68425247
                   0138755.154297633
                   0132644.297668755
                   0123685.52655253
                   0112386.900527731
                   099271.2180696084
                   085204.7158264309
                   070281.1153471045
                   055116.9893543192
                   040477.0438503198
                   030087.3764516716
                   023067.4469917501
                   018225.2504919191
                   014989.0703958635
                   013082.4637336252
                   012187.5075490256
                   0144697.769122136
                   0141536.326639924
                   0135279.851349051
                   0126112.938937006
                   0114553.18752215
                   0101144.362295887
                   086754.9892715833
                   071483.021298637
                   055916.3893296702
                   040132.1896225899
                   030492.1392254673
                   023403.1141947373
                   018487.9112283481
                   015206.6765813872
                   013272.2599358833
                   012364.2849803081
                   0147490.125856333
                   0144256.069451179
                   0137858.111182364
                   0128485.178396914
                   0116675.145825232
                   0102975.138289965
                   088270.579714236
                   072652.7671980268
                   056679.0048661454
                   040410.3455053642
                   030877.7427926706
                   023727.9271589041
                   018744.8698874008
                   015418.553748621
                   013456.7427959617
                   012536.0334912817
                   0150315.051335833
                   0147007.215912643
                   0140466.829415625
                   0130888.505634515
                   0118822.78007697
                   0104830.449358358
                   089807.4978989911
                   073837.5842131941
                   057445.744118634
                   040898.8343317818
                   031271.2901602542
                   024060.4175630388
                   019006.8285404771
                   015634.511052733
                   013645.4235637897
                   012711.2557698739
                   0153339.169686301
                   0149955.579372651
                   0143263.840394891
                   0133468.77701337
                   0121131.069020191
                   0106830.14070418
                   091465.1822639651
                   075121.6258282756
                   058291.8115972403
                   041476.7623121083
                   031719.775666119
                   024430.391935158
                   019297.5223264597
                   015874.3782789052
                   013853.9891378709
                   012905.8294335338
                   0157025.613311864
                   0153550.035851739
                   0146679.89906859
                   0136626.070667376
                   0123964.748649601
                   0109292.13176018
                   093522.1901211934
                   076729.7179877084
                   059328.73636832
                   042250.7500262941
                   032316.8630016764
                   024910.922485968
                   019676.2728229791
                   016186.0937137445
                   014125.8161369893
                   013158.5826680904
                   0160694.169501848
                   0157131.969943441
                   0150091.849651859
                   0139786.34933999
                   0126817.597813257
                   0111787.247610916
                   095631.8803247718
                   078419.2409836475
                   060463.878568112
                   043131.6591711639
                   032992.731032601
                   025439.4978070561
                   020093.7052924696
                   016529.4563419984
                   014425.0934462005
                   013437.1983883891
                   0162951.928963231
                   0159338.794087737
                   0152197.02537613
                   0141748.941664962
                   0128587.878736396
                   0113344.629650727
                   096957.8351539132
                   079493.9637998962
                   061247.7458332442
                   043709.265214776
                   033435.0780924311
                   025783.2068905449
                   020364.538121998
                   016752.3642590688
                   014619.5445111394
                   013618.2100252662
                   0165366.647263434
                   0161698.43011758
                   0154448.769102285
                   0143842.696233978
                   0130488.125459465
                   0115010.03199405
                   098375.5441659431
                   080644.567323824
                   062085.6024643586
                   044328.6951882476
                   033908.9756070008
                   026150.5070552219
                   020654.8287859924
                   016990.7176813504
                   014827.3523425912
                   013811.842690197
                   0167955.25339687
                   0164228.378109159
                   0156862.909444334
                   0146087.885713186
                   0132521.988687394
                   0116800.567421938
                   099895.7900569016
                   081882.3911028586
                   062984.5587636549
                   044993.3608104762
                   034417.7632229614
                   026544.1289655672
                   020965.7747245937
                   017246.2976246801
                   015050.4161539646
                   014019.3228950617
                   0170746.365840365
                   0166955.969957061
                   0159466.323881533
                   0148508.830738029
                   0134714.267279309
                   0118726.571294585
                   0101534.411697457
                   083212.8696052295
                   064184.6072079361
                   045709.6685790111
                   034965.9219816163
                   026968.1503456065
                   021300.4686328885
                   017521.2416306212
                   015290.2019636639
                   014242.6378082938
                   0173783.163377967
                   0169924.501329929
                   0162298.489238415
                   0151136.502493071
                   0137093.519013126
                   0120818.453085946
                   0103318.952159066
                   084657.9217703856
                   065014.7091304248
                   046486.3911009631
                   035560.7644103344
                   027428.6279623423
                   021663.7528636606
                   017819.999066101
                   015550.8121384776
                   014485.3635434631
                   0177061.764939873
                   0173128.597904308
                   0165355.96786198
                   0153985.557081625
                   0139667.02732528
                   0123081.169831016
                   0105244.283949062
                   086221.1529139295
                   066145.0518561386
                   047327.663828237
                   036204.326196401
                   027927.0006080739
                   022056.9997404206
                   018143.0843447798
                   015832.6435732308
                   014747.7513851416
                   0180614.673900751
                   0176600.59645041
                   0168669.257286722
                   0157067.443774077
                   0142460.897320204
                   0125533.588613355
                   0107331.486535563
                   087914.326767202
                   067373.9868113155
                   048239.718425049
                   036903.1140023804
                   028467.130982164
                   022482.6991628112
                   018493.2725312225
                   016138.0627426375
                   015032.087617964
                   0184470.272561635
                   0180368.389768999
                   0172264.954075677
                   0160410.829882106
                   0145487.754159937
                   0128192.465507423
                   0109596.912653891
                   089752.1081540554
                   068704.8899196958
                   049228.1715669936
                   037660.8610495673
                   029052.6911554447
                   022944.5895035244
                   018872.40956512
                   016468.9188257521
                   015340.197020711
                   0188659.555343214
                   0184461.794846492
                   0176171.54435531
                   0164044.706927729
                   0148777.723476502
                   0131083.524195007
                   0112056.962856216
                   091747.7231619306
                   070150.3657776915
                   050303.2105441558
                   038482.7921738309
                   029688.367328897
                   023445.7307356677
                   019284.3823024479
                   016828.0837512161
                   015674.5166678601
                   0193223.591225005
                   0188924.042864929
                   0180428.288402087
                   0168004.709576649
                   0152362.464118725
                   0134231.660740655
                   0114737.422525602
                   093921.4049233607
                   071722.4677640138
                   051472.7915462111
                   039378.5556957697
                   030380.4412259123
                   023991.1480553357
                   019733.0428633907
                   017219.1884956923
                   016038.7182534189
                   0198191.841164436
                   0193779.581569636
                   0185062.78053239
                   0172315.24067516
                   0156263.659641712
                   0137659.766104391
                   0117653.833887435
                   096286.0653126604
                   073431.9353200443
                   052747.0513759231
                   040352.8426040887
                   031133.6622209639
                   024584.7927239213
                   020220.5980252223
                   017644.7137105547
                   016434.8317812659
                   0203612.322914537
                   0199076.985845028
                   0190117.460543415
                   0177016.211013607
                   0160519.858002043
                   0141404.127448347
                   0120835.396236067
                   098864.2276280629
                   075293.2468574831
                   054134.8883889578
                   041414.4841279595
                   031953.9845297693
                   025232.3270598424
                   020752.3552239629
                   018108.23732746
                   016866.3495827344
                   0209536.786324596
                   0204867.133997468
                   0195643.516749721
                   0182154.331050262
                   0165171.105157639
                   0145490.903004904
                   0124312.155082265
                   0101680.386581463
                   077322.2091431893
                   055650.3295924195
                   042574.0144486229
                   032849.6706826793
                   025938.5440590098
                   021332.3550631603
                   018614.4272686081
                   017337.3830626591
                   0216004.015108075
                   0211186.212473813
                   0201675.486006233
                   0187762.635498684
                   0170248.696867863
                   0149952.703496116
                   0128107.107656173
                   0104754.36554534
                   079532.8154791694
                   057304.6246848141
                   043839.0544230892
                   033826.9987559924
                   026709.0786214206
                   021965.0398480001
                   019165.7739115718
                   017851.1236289365
                   0223063.315151915
                   0218087.80101938
                   0208257.761020959
                   0193884.455674805
                   0175790.346747228
                   0154820.683985587
                   0132248.855984382
                   0108107.70575831
                   081938.6699866449
                   059107.2120316269
                   045219.5730542987
                   034892.0038253507
                   027548.4609650351
                   022654.565476046
                   019767.4069996354
                   018410.8749626895
                   0230811.209739215
                   0225658.814750089
                   0215481.59678973
                   0200603.770537786
                   0181871.676233776
                   0160162.215020656
                   0136791.287249141
                   0111783.657883352
                   084574.2508088113
                   061084.7030397751
                   046732.6423168401
                   036059.6987633386
                   028468.6664679445
                   023410.6932305497
                   020426.6112823182
                   019024.4538082991
                   0239321.335919233
                   0233976.227252864
                   0223417.958281725
                   0207983.293486314
                   0188551.118103632
                   0166029.329235117
                   0141778.657803598
                   0115818.997604664
                   087461.0993698261
                   063254.8223551968
                   048392.4937932537
                   037340.5905076391
                   029478.662476178
                   024239.4023298907
                   021149.1818397754
                   019697.3137964342
                   0248668.194210645
                   0243109.250909954
                   0232132.509823429
                   0216081.004813449
                   0195879.504064391
                   0172467.5354838
                   0147249.929109242
                   0120243.023394747
                   090617.6032522572
                   065631.6477533722
                   050209.8992241078
                   038743.7632139119
                   030584.5641307689
                   025147.8020639305
                   021940.6765003857
                   020434.1148314236
                   0258958.455009554
                   0253166.473237921
                   0241726.514760003
                   0225005.838058331
                   0203952.404634738
                   0179556.416710952
                   0153274.531080676
                   0125114.466944926
                   094083.874114704
                   068245.6032786539
                   052209.3774727762
                   040285.7540703681
                   031800.3551856481
                   026145.7807302718
                   022811.2370055514
                   021244.0485170848
                   0270311.294155102
                   0264259.132895936
                   0252310.675867074
                   0234846.564429239
                   0212856.378533197
                   0187374.675517885
                   0159922.890454191
                   0130480.564882433
                   097896.3805845785
                   071125.1922134387
                   054413.1784040025
                   041985.8923819298
                   033139.6565377617
                   027245.3986698123
                   023769.5847042649
                   022136.0350974293
                   0282851.996283763
                   0276515.656743414
                   0264003.244009784
                   0245716.938066575
                   0222691.448243652
                   0196009.381882664
                   0167258.396001261
                   0136400.643442913
                   0102093.267216001
                   074301.3439268953
                   056842.373959392
                   043860.1372329021
                   034616.1786584616
                   028457.0651973267
                   024826.0270971782
                   023119.1411658684
                   0296720.142262432
                   0290067.626558053
                   0276932.418872633
                   0257737.13357048
                   0233563.849928431
                   0205554.55358646
                   0175364.045362013
                   0142941.349743189
                   0106716.296595827
                   077809.8816011158
                   059525.3135679567
                   045928.9172041224
                   036245.5271575458
                   029793.9393975287
                   025991.7269390848
                   024203.8799145271
                   0312124.03983885
                   0305119.855702726
                   0291291.297245268
                   0271084.050665656
                   0245644.024740999
                   0216152.411040905
                   0184361.701750175
                   0150193.510922895
                   0111831.145243214
                   081696.4450921291
                   062497.849248238
                   048221.4242531501
                   038051.1621749126
                   031275.2624720423
                   027282.9942861386
                   025405.2577674603
                   0329219.967056229
                   0321824.38342091
                   0307226.546012432
                   0285895.223944143
                   0259041.438830073
                   0227907.789187316
                   0194338.728848445
                   0158230.283455143
                   0117482.63976287
                   086000.6158688005
                   065789.2270552459
                   050758.6684617654
                   040049.1967247284
                   032913.9529261554
                   028711.322024321
                   026734.394344699
                   0348266.361211868
                   0340434.517126207
                   0324978.163975115
                   0302394.678365463
                   0273963.082856538
                   0240996.859962378
                   0205444.87229402
                   0167167.74260122
                   0123751.762720004
                   090784.2907127698
                   069449.1257889728
                   053578.4460888447
                   042268.9132816418
                   034734.9959911617
                   030298.5377721995
                   028210.8805876557
                   0369509.935697419
                   0361192.269498288
                   0344776.059522708
                   0320794.179316753
                   0290601.761669395
                   0255596.053945835
                   0217820.657675106
                   0177118.135987017
                   0130715.734504007
                   096108.5304432816
                   073519.8639608482
                   056714.8593253252
                   044737.9118431097
                   036759.7096372993
                   032062.3667505002
                   029852.3145542959
                   0393296.803172738
                   0384433.263126746
                   0366941.097046766
                   0341391.752444028
                   0309225.626317936
                   0271927.707903943
                   0231664.395744005
                   0188237.69201866
                   0138479.039187606
                   0102054.048914228
                   078066.4305978642
                   060216.9303746651
                   047494.249388833
                   039019.7461876026
                   034032.0724925836
                   031684.0373798914
                   0419931.985035998
                   0410456.661694514
                   0391759.798826567
                   0364452.634281453
                   0330071.82712614
                   0290206.170305095
                   0247151.031403255
                   0200664.751929394
                   0147136.288723061
                   0108697.012870443
                   083143.7084406332
                   064129.2689272195
                   050571.5763220801
                   041542.5674489392
                   036230.1503078487
                   033728.9886126661
                   0449899.812490688
                   0439722.941511407
                   0419668.371051276
                   0390381.536113591
                   0353508.75154365
                   0310747.450012006
                   0264546.517842189
                   0214604.179947276
                   0156828.644946207
                   0116144.840517541
                   088836.9019191206
                   068512.6558041766
                   054020.5708322256
                   044369.6658290885
                   038692.5693681057
                   036019.6251645274
                   0483708.890139747
                   0472763.161714487
                   0451159.777725771
                   0419635.046931533
                   0379943.393812667
                   0333910.623962294
                   0284147.548422905
                   0230294.298215853
                   0167711.567323311
                   0124524.802104236
                   095238.8560507418
                   073442.1131139747
                   057896.5927363461
                   047545.77101822
                   041459.931075121
                   038593.0559790199
                   0521922.092579031
                   0510095.61502116
                   0486763.307303651
                   0452691.03295315
                   0409808.399304414
                   0360071.506951808
                   0306275.154153066
                   0247985.445300398
                   0179957.893355442
                   0133965.883776555
                   0102453.429782826
                   078996.4010852004
                   062263.5363349103
                   051123.3503406537
                   044575.2779014673
                   041490.8410044182
                   0565240.957186498
                   0552411.461089888
                   0527106.140778673
                   0490164.832434157
                   0443646.261516605
                   0389701.589239203
                   0331328.00983534
                   0267977.102941721
                   0193778.803262513
                   0144635.645953747
                   0110604.919125923
                   085269.8316165304
                   067195.2982480138
                   055162.1194954705
                   048092.8947243026
                   044761.4333701997
                   0614412.270085491
                   0600442.884782862
                   0572892.851161871
                   0532679.348270856
                   0482034.71233212
                   0423304.591221131
                   0359715.396703201
                   0290599.349997737
                   0209398.075364743
                   0156705.892155274
                   0119824.485250838
                   092364.9033215377
                   072770.0168150202
                   059727.7467411627
                   052067.982662751
                   048457.2338386081
                   0670444.489468487
                   0655171.787981862
                   0625058.205784988
                   0581107.643157409
                   0525766.085979353
                   0461556.564799035
                   0392005.785204851
                   0316289.717497846
                   0227115.133737731
                   0170410.629987079
                   0130294.190728787
                   0100417.621946067
                   079096.8483843294
                   064907.5324729515
                   056577.5511973937
                   052650.3859965669
                   0734455.596446971
                   0717694.183227821
                   0684641.257501701
                   0636411.492056087
                   0575682.021067313
                   0505209.186533199
                   0428824.597978903
                   0345530.926679947
                   0247271.120856933
                   0186012.852009505
                   0142206.966353483
                   0109581.217473703
                   086295.430309611
                   070799.9333032125
                   061706.1512890809
                   057418.391632875
                   0807870.119854426
                   0789394.108052966
                   0752965.022517869
                   0699814.877907385
                   0632887.475869245
                   0555213.866966113
                   0470965.683137527
                   0378932.600477883
                   0270287.755929042
                   0203834.401794449
                   0155815.086539158
                   0120048.581492862
                   094513.1500300671
                   077524.994963006
                   067559.0969507776
                   062859.5107027693
                   0892293.742600862
                   0871842.245667722
                   0831516.117977907
                   0772692.299484419
                   0698620.725791622
                   0612656.100830848
                   0519313.385197833
                   0417176.635769356
                   0296636.027210593
                   0224242.010965845
                   0171394.932989676
                   0132029.122652842
                   0103920.377481492
                   085221.0508812599
                   074256.2186524434
                   069083.7704968875
                   0989645.851102292
                   0966906.266474515
                   0922076.196240248
                   0856689.309906391
                   0774353.628644338
                   0678786.008136929
                   0574929.086086687
                   0461067.802063923
                   0326919.629011078
                   0247669.438216069
                   0189280.39780261
                   0145780.189588059
                   0114714.36914549
                   094050.3156799992
                   081937.9416274102
                   076223.9551764723
                   01102061.75577744
                   01076674.05063957
                   01026620.57687946
                   0953631.904746068
                   0861721.824277048
                   0755027.973072213
                   0638973.804371487
                   0511494.117960703
                   0361641.595083071
                   0274584.471960777
                   0209830.00238273
                   0161578.754305502
                   0127112.945828002
                   0104190.746060971
                   090759.8424080214
                   084422.0646563015
                   01232360.04420422
                   01203883.77110318
                   01147721.18663207
                   01065894.00132587
                   0962851.51579946
                   0843218.68583866
                   0712967.927063393
                   0569603.095611307
                   0401705.0171401
                   0305599.074476169
                   0233513.093112628
                   0179786.054938901
                   0141399.637870854
                   0115873.39392247
                   0100920.028354989
                   093863.8229913206
                   01383801.8617405
                   01351725.9681504
                   01288497.22371658
                   01196313.85496353
                   01080271.95918393
                   0945541.313586594
                   0798699.357965044
                   0636744.573476947
                   0448010.391760043
                   0341433.593675569
                   0260878.532633556
                   0200828.905869828
                   0157906.388964888
                   0129370.341366825
                   0112658.634283909
                   0104769.444612652
                   01560335.16163624
                   01524044.57247626
                   01452509.83865884
                   01348261.99429674
                   01216973.1741326
                   01064553.48246203
                   0898284.046444203
                   0714489.284096254
                   0501765.071805373
                   0382906.037906486
                   0292563.308960814
                   0225184.667084263
                   0177015.956739424
                   0144989.256534046
                   0126240.004114056
                   0117388.470018515
                   01765853.30263199
                   01724627.62171334
                   01643373.17507354
                   01524986.47780015
                   01375886.29985414
                   01202772.36185622
                   01013728.98582488
                   0804326.478713852
                   0563925.088231148
                   0430810.842254995
                   0329168.174480614
                   0253330.905421467
                   0199094.883853101
                   0163034.513855929
                   0141930.091253272
                   0131964.851989614
                   02006096.7087204
                   01959057.93168467
                   01866382.24587666
                   01731376.87671052
                   01561384.67854721
                   01363897.04111223
                   01148051.36566806
                   0908470.754321824
                   0635878.347567518
                   0486292.730383758
                   0371580.345154542
                   0285943.259662269
                   0224674.988301607
                   0183941.97598924
                   0160105.347012423
                   0148851.6148905
                   02287820.07720761
                   02233936.98804031
                   02127758.58563377
                   01973133.84665697
                   01778452.67410729
                   01552235.76628296
                   01304718.00653971
                   01029443.78727868
                   0719305.549830561
                   0550654.01421366
                   0420802.700464414
                   0323800.08935918
                   0254367.892428628
                   0208204.744662544
                   0181199.743917709
                   0168443.783673445
                   02617290.35476921
                   02555331.21531203
                   02433252.14106483
                   02255525.11737947
                   02031773.18723869
                   01771717.71003325
                   01486853.82892215
                   01169461.2908723
                   0815604.842764255
                   0625014.513477924
                   0477700.3661313
                   0367565.444357601
                   0288696.163596614
                   0236253.534204308
                   0205577.766330059
                   0191089.152618476
                   03003692.42287856
                   02932178.31246557
                   02791296.73891721
                   02586261.54260106
                   02328140.46256875
                   02028131.19147186
                   01699014.93686307
                   01331744.97260947
                   0926854.319030773
                   0711008.661072897
                   0543547.332159812
                   0418227.950900154
                   0328429.00114884
                   0268716.825276065
                   0233791.967985923
                   0217291.97089934
                   03455474.47213257
                   03372577.90569885
                   03209515.39928271
                   02972263.27890984
                   02673612.39463699
                   02326428.29160419
                   01945093.5746345
                   01518917.6603143
                   01054657.84194277
                   0809903.598509263
                   0619322.112895318
                   0476542.266933156
                   0374163.168929575
                   0306076.515485252
                   0266261.912437026
                   0247443.13112443
                   03983742.48859962
                   03887598.09491278
                   03698271.24350454
                   03422860.48207538
                   03076323.25909208
                   02673390.71843016
                   02230264.2259152
                   01734410.47400655
                   01201116.20085528
                   0923342.325210961
                   0706310.810973286
                   0543510.340083357
                   0426684.677823367
                   0348979.519362648
                   0303540.652317052
                   0282058.826890279
                   04597534.40641824
                   04485708.12517833
                   04265502.7421169
                   03945309.22671918
                   03542484.00629926
                   03074002.83153719
                   02558131.98521642
                   01980331.44640025
                   01367311.43672924
                   01052234.34861934
                   0805234.971991795
                   0619686.884641666
                   0486427.558259366
                   0397770.760823184
                   0345929.357285548
                   0321417.78027711
                   05306688.79206239
                   05176468.93740525
                   04920088.88186821
                   04547580.65266952
                   04078707.60776086
                   03533430.85777092
                   02932297.44275916
                   02258505.17231008
                   01553984.9759787
                   01197252.08274461
                   0916656.343442233
                   0705510.252808545
                   0553728.165707208
                   0452732.447350306
                   0393676.309945173
                   0365743.11654833
                   06116383.82760888
                   05964821.82298852
                   05666444.03742529
                   05233127.0307095
                   04687782.64185879
                   04053445.32405742
                   03353203.39716439
                   02568237.51580012
                   01760141.33842914
                   01357701.48659299
                   01040059.52153272
                   0800616.925681654
                   0628319.117610832
                   0513624.931005384
                   0446560.489414825
                   0414831.117243153
                   06091475.58400571
                   05939028.41071157
                   05638790.65666109
                   05203366.87351008
                   04654940.46796341
                   04016765.84535117
                   03311725.88734878
                   02521647.05640856
                   01721086.78009654
                   01329063.07747873
                   01018718.15561786
                   0784334.218350709
                   0615495.173213991
                   0503066.778612441
                   0437323.467247086
                   0406209.295898604
                   05895553.99337237
                   05746511.33130833
                   05453081.07927322
                   05027491.62392698
                   04492132.36910944
                   03868757.3587573
                   03179416.30051142
                   02407683.91570765
                   01636881.39852389
                   01265291.94091791
                   0970375.719969141
                   0747256.247840495
                   0586370.768260156
                   0479203.789604569
                   0416532.588489299
                   0386860.476902826
                   05688512.9374986
                   05543300.63713792
                   05258039.64089143
                   04843380.68417326
                   04322113.76371798
                   03715393.00399106
                   03043731.62346526
                   02293033.01841813
                   01553220.62321458
                   01201676.42338378
                   0922069.153086992
                   0710187.055375448
                   0557257.094295979
                   0455358.108719397
                   0395764.659256019
                   0367542.384519521
                   05470101.91490122
                   05329312.90547571
                   05052121.52686884
                   04650249.00937179
                   04144808.83363916
                   03556396.17756679
                   02904864.99165002
                   02177293.54850317
                   01469850.17049894
                   01138057.27337436
                   0873672.726683652
                   0673024.321959574
                   0528083.87031026
                   0431474.874296662
                   0374970.612459513
                   0348203.981238481
                   05240705.92035189
                   05104620.52541685
                   04837019.44367267
                   04448529.17742125
                   03960423.17115752
                   03391934.60408073
                   02761898.38200683
                   02060361.56122513
                   01386615.80597194
                   01074363.2848892
                   0825148.536017561
                   0635746.111866993
                   0498815.227851485
                   0407522.934872818
                   0354121.896630932
                   0328821.676915681
                   04998968.57491796
                   04871260.13997371
                   04611413.41085412
                   04237205.8848779
                   03767550.55924962
                   03222995.9746203
                   02614909.93470568
                   01941408.5278726
                   01302911.11955156
                   01010149.21448736
                   0776159.815248663
                   0598097.035555664
                   0469262.618265679
                   0383343.559271503
                   0333085.002672025
                   0309262.445134507
                   04746135.16698693
                   04621103.72030126
                   04374109.12179116
                   04016818.44341495
                   03567456.48141325
                   03044305.92554343
                   02464225.27695547
                   01820933.19367151
                   01219039.04213071
                   0945682.777640695
                   0726920.98547991
                   0560229.546836656
                   0439541.429863589
                   0359033.856927695
                   0311935.837242235
                   0289607.814153943
                   04480724.88452653
                   04361259.37415848
                   04126478.15351168
                   03786485.01326361
                   03358874.08169335
                   02860961.51973952
                   02308891.31228395
                   01698143.51938329
                   01134427.75254919
                   0880532.321444349
                   0677093.051792892
                   0521902.377130774
                   0409457.948283245
                   0334432.716287291
                   0290538.920354526
                   0269725.740613988
                   04205042.36337514
                   04091754.40676361
                   03869690.06117761
                   03548195.34229341
                   03143605.55377862
                   02672423.85495907
                   02150408.30906766
                   01573941.96218158
                   01049630.83108189
                   0815137.950682825
                   0627028.563853485
                   0483373.80441933
                   0379221.363317379
                   0309710.613492665
                   0269040.471986474
                   0249752.578206165
                   03919617.57757366
                   03813011.31618604
                   03604225.09591507
                   03301974.12994301
                   02921877.89802114
                   02479063.62416667
                   01988460.11598222
                   01448492.03562855
                   0964709.156687032
                   0749557.771315915
                   0576776.548366856
                   0444688.880291944
                   0348860.182604446
                   0284892.468045455
                   0247463.450328073
                   0229707.046732893
                   03626610.32667523
                   03526345.61614681
                   03331325.70280608
                   03049493.64626115
                   02694762.67005319
                   02281724.09173256
                   01824278.37958792
                   01322281.743367
                   0879941.201637548
                   0684015.95128048
                   0526511.837415017
                   0405980.825262678
                   0318484.690215731
                   0260065.681178984
                   0225881.676517691
                   0209662.088752775
                   03325277.08921394
                   03232835.86175839
                   03052590.91265415
                   02791822.13726066
                   02463658.11758738
                   02081509.97607486
                   01658519.67847857
                   01195976.09023479
                   0795695.05675371
                   0618804.711222721
                   0476462.948568799
                   0367431.282394376
                   0288235.268653829
                   0235346.789476072
                   0204396.831267252
                   0189707.836104591
                   03021221.517355
                   02936257.49467558
                   02770908.62648988
                   02531757.88137072
                   02230880.22190181
                   01880420.01033233
                   01492834.93833907
                   01070769.85850364
                   0712696.527491233
                   0554495.503204628
                   0427073.078552206
                   0329377.801959923
                   0258374.934449748
                   0210949.969994104
                   0183195.112000074
                   0170020.405523438
                   02718817.6062267
                   02638949.15244944
                   02488962.38584785
                   02271678.70600969
                   01998310.83634805
                   01680140.83160408
                   01328614.75579192
                   0947718.365937268
                   0631510.185786784
                   0491537.753900991
                   0378690.706218134
                   0292093.837789131
                   0229121.929249621
                   0187051.687512197
                   0162428.97230916
                   0150739.119348796
                   02414515.10246818
                   02344524.96638654
                   02209390.8811319
                   02014529.85553982
                   01768829.76577796
                   01482910.96117089
                   01167658.35594882
                   0828108.391068544
                   0552927.805191864
                   0430547.685176818
                   0331795.411509133
                   0255949.131290836
                   0200763.589225175
                   0163888.304615559
                   0142304.776006268
                   0132055.780733715
                   02118709.00583125
                   02056922.89632593
                   01937117.89961595
                   01763542.20374204
                   01545362.43991226
                   01291665.31215733
                   01012298.59727799
                   0713778.238721545
                   0477952.826135856
                   0372315.909031926
                   0287001.149559872
                   0221415.891356732
                   0173671.282967326
                   0141762.572050799
                   0123084.193638959
                   0114212.871851521
                   01833196.21251572
                   01779154.65766435
                   01674155.06126749
                   01521559.00811713
                   01330180.79377555
                   01107840.41378407
                   0863747.496235195
                   0605526.598878025
                   0406990.312895735
                   0317163.153483372
                   0244553.307708229
                   0188688.237645004
                   0147997.25340733
                   0120796.35800418
                   0104873.68447106
                   097309.5332090819
                   01562368.83004267
                   01515315.6520309
                   01424152.25224314
                   01292248.98661674
                   01126664.85634895
                   0934517.354996429
                   0724901.909982381
                   0505106.412829729
                   0341048.67457102
                   0265878.988476131
                   0205066.986955826
                   0158238.331214075
                   0124111.160486503
                   0101293.613179744
                   087935.6778892144
                   081588.6488667026
                   01309340.29046653
                   01269359.89921199
                   01191323.46379287
                   01078757.40406325
                   0937396.405693508
                   0773843.98580889
                   0595855.927597233
                   0413682.700895352
                   0280771.497014979
                   0218971.640569908
                   0168934.383012341
                   0130371.241183355
                   0102251.25553994
                   083447.1716429014
                   072437.6639492194
                   067205.5740181178
                   01076247.72166813
                   01042405.73595593
                   0976872.805872601
                   0882254.977427288
                   0763673.996989451
                   0626878.122753039
                   0479169.016405463
                   0331642.509771649
                   0226351.439053357
                   0176597.999030085
                   0136282.185997711
                   0105183.562220953
                   082494.5385911402
                   067319.0584197313
                   058433.5345165638
                   054209.380514188
                   0865982.657195721
                   0838157.956475358
                   0783822.464074404
                   0705646.36730874
                   0607914.222940158
                   0495682.980527564
                   0375866.903929969
                   0259863.649895606
                   0178354.81994457
                   0139205.245438056
                   0107455.729419754
                   082943.5308324181
                   065050.4505601225
                   053080.2147666061
                   046070.5953547316
                   042737.7378457694
                   0680189.308877359
                   0657399.043791603
                   0613328.733753483
                   0549988.303031805
                   0470995.324961599
                   0381333.315291464
                   0286480.821372868
                   0198337.611213524
                   0136846.221982301
                   0106848.853314538
                   082503.035246811
                   063689.4188543055
                   049948.735740897
                   040754.1566164157
                   035369.4855972729
                   032808.7228550745
                   0519280.052349115
                   0501262.754848413
                   0466145.16158338
                   0415847.187406336
                   0353602.970421898
                   0283399.454636505
                   0211241.358850269
                   0146854.568395336
                   0101802.637608668
                   079518.2400337603
                   061417.0964145347
                   047416.7777076681
                   037185.5177996722
                   030337.9826047182
                   026327.437811534
                   024419.4976231212
                   0383395.146969686
                   0369249.976214524
                   0341997.31034241
                   0303464.45734283
                   0255433.469535578
                   0202472.79477622
                   0149778.138538699
                   0104832.076610775
                   072969.3610693125
                   057018.3806708809
                   044051.5518652353
                   034013.0386451866
                   026672.9766307858
                   021759.2329485054
                   018880.8405807765
                   017511.2925983381
                   0271221.761316886
                   0260639.008037569
                   0240111.036589135
                   0211131.995865415
                   0175970.734946365
                   0137667.94085671
                   0101209.542965221
                   071460.8590638103
                   049919.3525276536
                   039022.4353368675
                   030156.6033696098
                   023286.3859135838
                   018260.4379839145
                   014894.9922958822
                   012923.2840929052
                   011984.8224700037
                   0180576.789326777
                   0172863.452002511
                   0158141.955472688
                   0137557.218672132
                   0113045.225868151
                   087264.5555083181
                   063922.7557655314
                   045585.0865976665
                   031947.0379762409
                   024982.9030774027
                   019312.5457665601
                   014914.0194177271
                   011694.3931834156
                   09537.86618000567
                   08274.25267909735
                   07672.67501905924
