         1.03151e+06                 350
                 160
         5339499999.99999         5006048181.56798         4694834386.17908          4404375551.9889         4133287523.08679         3880278453.42319         3644142650.63143         3423754830.40722         3218064754.06581          3026092223.7223         2846922411.24519         2679701498.72381         2523632609.67446         2377972011.59593         2242025571.77804         2115145449.47348         1996727008.66999         1886205936.75086         1783055555.31303         1686784310.32767         1596933429.68293         1513074736.94594         1434808610.92584         1361762081.31434         1293587051.32867         1229958638.88707         1170573628.41199         1115149025.88302         1063420710.25388         1015142174.80693         970083352.447181         928029519.337887         888780271.653059          852148570.57075         817959850.956071         786051189.486468          756270528.25502         728475950.151918         702535002.571022         678324066.218666         655727766.016837         634638421.293436         614955532.639546         596585302.988383         579440190.633658         563438492.057314         548503952.578627         534565402.969263         521556420.302608         509415011.421182         498083317.513724         487507338.394137         477636675.168376         468424290.062966         459826282.270656         451801678.744993         444312238.946896         437322272.612741         430798469.675567         424709741.528891         419027072.876705         413723383.463642         408773399.026417         404153530.851552         399841763.365451         395817549.221131         392061711.381647         388556351.733625         385284765.795381          382231363.11319         379381592.966356         376721875.027037         374239534.644394         371922742.444663         369760457.959318         367742377.012693         365858882.618348         364100999.150164          362460349.56979         360929115.506614                359500000         359348101.265823         359196202.531646         359044303.797468         358892405.063291         358740506.329114         358588607.594937         358436708.860759         358284810.126582         358132911.392405         357981012.658228         357829113.924051         357677215.189873         357525316.455696         357373417.721519         357221518.987342         357069620.253165         356917721.518987          356765822.78481         356613924.050633         356462025.316456         356310126.582278         356158227.848101         356006329.113924         355854430.379747          355702531.64557         355550632.911392         355398734.177215         355246835.443038         355094936.708861         354943037.974684         354791139.240506         354639240.506329         354487341.772152         354335443.037975         354183544.303797          354031645.56962         353879746.835443         353727848.101266         353575949.367089         353424050.632911         353272151.898734         353120253.164557          352968354.43038         352816455.696203         352664556.962025         352512658.227848         352360759.493671         352208860.759494         352056962.025316         351905063.291139         351753164.556962         351601265.822785         351449367.088608          351297468.35443         351145569.620253         350993670.886076         350841772.151899         350689873.417722         350537974.683544         350386075.949367          350234177.21519         350082278.481013         349930379.746835         349778481.012658         349626582.278481         349474683.544304         349322784.810127         349170886.075949         349018987.341772         348867088.607595         348715189.873418         348563291.139241         348411392.405063         348259493.670886         348107594.936709         347955696.202532         347803797.468354         347651898.734177                347500000
                  17
                        0        0.196349540849363        0.392699081698725        0.589048622548088         0.78539816339745        0.981747704246813         1.17809724509618         1.37444678594554          1.5707963267949         1.76714586764426         1.96349540849363         2.15984494934299         2.35619449019235         2.55254403104171         2.74889357189108         2.94524311274044          3.1415926535898
                   2
                        0          6.2831853071796
         363.202669161896
         362.813379821795
         362.026743616494
         360.830556585637
         359.216194967341
         357.050853343843
         354.239344634388
         350.509302418449
         345.654302133617
         339.169162307966
         330.003046328122
         316.219002214254
         293.718691509161
         252.317995639399
         163.224279380383
         23.2159047894778
         425.757224008469
         425.275330395032
         424.320739570033
         422.843727569641
         420.786078758806
         418.016156766759
          414.40839044443
         409.633708065732
         403.531945436516
         395.205696518543
          383.57093416699
         366.048682141088
         337.680856455406
         285.816800056738
          177.74110871532
         26.7599329827991
         498.789824509271
         498.196680311451
         496.992343625898
         495.122731350708
          492.49905627273
         488.952891840216
         484.329925651767
         478.305424437567
         470.536072448284
         459.957426079078
         445.131538963292
         423.007709890564
         387.173749602291
         322.569970980017
         192.612148286026
         31.2931671854461
         584.251397199841
         583.501973575763
         581.975770041197
         579.602163607503
         576.255869744295
          571.71778095393
         565.825758241519
          558.25652742139
         548.309267183092
         534.959650533908
          516.18208182963
         488.082446473471
         442.986421028591
         362.985328157001
         207.736526004899
         37.0290773314131
         684.439509123188
         683.492229401512
         681.554809681094
         678.528570649054
         674.255156405412
         668.443365525214
         661.113525717587
         651.444589978473
         638.802524868348
         621.819247474105
         598.018203353819
         562.618582775212
         506.042980256618
         407.168754999423
         223.290153541683
          44.294723283831
         801.915822690092
         800.713329526483
         798.248191008864
         794.387827677272
         788.927067270431
         781.668682465525
         772.352328967243
         760.001130781314
         744.088357260705
         722.525259222079
          692.47466453856
         647.741180602909
          577.03173848119
         455.429627703582
         239.352733327935
         53.3912860236552
         939.723691636126
         938.193093852089
         935.041099988611
         930.125982490584
         923.347121360413
         914.078759414233
         902.205618030326
          886.64565995773
         866.383497290168
         839.138286947698
         801.023325987705
         744.801015180593
         656.747529189025
         507.750605223389
         256.231692177865
         57.1100274144389
         1101.50021257432
         1099.57011289749
         1095.68283547565
         1089.55488262638
         1080.86028934024
         1068.98633087807
         1053.88172903406
         1034.35247531226
         1008.62747899923
         974.078938753499
         926.146995264338
         855.348157716401
         746.018906946822
         564.291179643888
         274.470959340684
         72.0408603848547
         1291.61889323615
         1289.19354057723
          1284.2294418201
         1276.39282779368
         1265.26840681666
         1250.05485069689
         1231.22853511304
         1206.25693794172
         1173.87493485452
          1130.1764663303
         1069.61925650697
         981.040349571941
         845.497507654577
         625.065515635947
         294.766643925015
          90.492188763283
         1514.84478329261
         1511.74700059564
          1505.3853481808
          1495.3662675342
         1481.09872518166
         1462.10868700523
         1438.12851929911
         1406.61149107625
         1365.43621781298
         1310.33575278751
         1234.00724319194
         1123.46643877894
         956.016636111411
         690.287279022098
         318.169700854906
         113.183505383292
          1776.9063686523
         1772.94738553785
         1764.80066145213
         1752.01760876752
         1734.22010184102
         1710.07038259498
         1679.50075913061
         1639.80324911673
         1587.91590145064
         1518.15101919075
         1422.43267788753
         1284.39646496862
         1078.26674435912
         760.045507098323
         345.852583166437
         141.077836585724
         2084.40335195926
         2079.41619719283
         2069.23931082761
          2053.2390539888
         2030.40597624548
         1999.56113630506
         1961.41732616793
         1910.88665963849
         1845.29634307051
         1757.64116609427
         1637.54471153784
          1465.9416024764
         1213.16856749796
         834.620484603372
         379.262619500045
         175.023888949737
         2445.34352377421
         2439.02146234046
         2425.98500410093
         2405.43992950557
         2376.20428255463
         2337.75124189504
         2289.09675694051
         2225.57926272776
         2142.81311048035
          2032.2444408411
         1882.14577854113
         1669.48895808071
          1360.9426398652
         914.242565656825
         419.673690568982
         215.927850826159
         2868.47633700608
         2860.38260417634
         2843.67106813271
         2817.44625508534
         2781.00629059312
         2731.99594879099
         2670.87179106521
         2590.37061206652
         2486.14447748704
          2346.9558929417
          2159.9482593306
         1896.70785605229
         1522.47742357294
         999.930283767677
         468.949302655807
         265.397863701565
         3363.40490405533
         3353.20164387628
         3332.37942781423
         3299.46659491289
         3252.88684830165
         3191.18071462116
         3113.92432408153
         3012.56356820138
          2881.1373216757
         2706.81242357034
         2473.90963969502
         2150.36511295675
         1698.34180628202
         1092.53579264123
         528.821708983129
         324.627774153562
         3943.67302533668
         3930.70842178118
          3903.9340374515
         3861.80401856986
          3803.2603224218
         3725.40174076089
         3628.41864632624
         3500.68931516649
         3335.33985809141
         3117.19990005022
         2828.18160572474
         2431.48008690813
         1888.66053896759
         1193.52325891402
          600.77275123061
         395.006830508502
         4631.79564142712
         4615.08793665365
         4581.03355188974
         4528.11494104315
         4453.49123605664
         4354.94813238282
         4231.80363880789
         4070.68525415556
         3862.94526553044
          3589.4114307034
          3232.2244766706
         2746.87499693837
         2099.16525002053
         1308.96277640586
         690.193579276801
         481.522658967403
         5431.22788508654
         5410.32151532953
         5367.39368251727
         5299.61581242482
         5205.65672436704
         5080.95644145193
          4926.4759820193
         4723.30030131998
         4463.18683615432
         4122.42521834216
         3681.66454860971
         3091.91221999304
         2324.33893127932
         1436.08675234302
         794.445549652403
         581.837013226092
         6361.25124227745
         6334.50011345401
         6279.94645181789
         6195.38642602729
         6076.58247441469
         5920.50510006676
          5726.0324779457
         5471.25161932572
         5145.98368801682
         4723.31316092606
          4182.2227387371
         3468.38205346554
         2566.32009088493
         1578.39452330728
         915.622701357192
         697.938247805561
         7443.07502584602
         7409.69319877824
         7341.06162648245
         7233.19498705089
         7085.34650422021
         6888.83038499898
         6645.25781910037
         6326.72854356111
          5921.3487276655
         5398.51775601838
         4737.44344921708
          3879.3191874353
         2827.47860963355
         1740.40710721754
         1056.72856875933
         832.615827381276
         8695.99310546557
          8653.4914409664
         8568.00015890055
         8433.81249852063
          8247.4839255597
         8001.71307384916
         7697.33567671273
         7300.49631277759
         6797.10547465701
         6153.76270694506
         5349.75071409554
         4324.45451161929
         3109.43410496608
         1924.72377064584
         1218.88844751682
         986.853871092617
         10147.2122958029
         10094.2228883698
         9985.67211049802
         9818.28056495747
         9584.91235903239
         9279.32260511088
          8899.6710147251
         8406.17230632683
         7784.65559993621
         6995.01461299037
         6022.82922099338
         4806.15136676843
         3414.52631831567
          2135.1198057791
         1404.64633057442
         1162.94186359946
         11831.9124819595
         11766.0113045973
         11631.0613048475
          11420.298590733
         11130.9423329093
         10749.3397274221
         10276.8335048492
         9664.65531699063
          8898.3251634892
         7935.00894484625
         6764.19715579675
          5329.9843531521
          3751.3884735049
         2379.88133051023
          1619.0693879829
         1366.61104238871
         13786.3456107005
         13703.8891514091
         13536.0793240073
          13272.969606092
         12912.8980839136
         12437.4506937805
         11851.3485377709
         11095.5486055634
         10151.9610332867
         8981.07235204092
         7580.91080039772
         5901.88042685002
         4125.34830478618
         2664.59239647419
         1866.25168195411
         1601.75660121728
         16019.3051136598
         15915.0568805393
         15706.3789637499
         15381.0359235661
         14933.9412775717
         14345.3163440972
          13622.115005812
          12692.220894721
         11538.2145230861
         10125.3342664016
         8461.30312366296
         6513.09989413825
          4532.5078654829
         2983.14866309967
         2138.51503137553
         1863.04405719286
         18565.0397620747
         18437.2111090988
         18177.2709790273
         17775.8582791365
         17223.9300835805
         16498.1466087307
         15610.8805580979
         14472.4088342768
         13072.3790795118
         11375.9279564617
         9412.73178807306
         7170.86743258064
         4982.37343447624
         3340.48631894357
         2305.97366446687
         2152.52047064937
         21460.5915998969
         21303.4448726704
         20984.1281972125
         20489.0343460944
         19810.5735360808
         18922.1260680895
         17835.5197358844
          16450.517695761
         14760.1328374133
         12738.0121573248
         10435.5529561578
         7880.08665521373
         5479.93230081725
         3740.42804945272
         2651.52265352477
          2471.9733866989
         24794.3306290647
          24600.881040222
         24208.2480717531
         23599.9377645219
         22765.7864804705
         21677.8524533831
         20352.4220212056
         18672.4954141429
         16637.7747341801
         14239.6170967388
         11559.4900990993
         8659.82885809813
          6046.0246907184
         4199.05387829304
         3046.42396130885
         2839.19705358868
         28545.9755500942
         28308.6674962447
         27830.0141764769
         27087.0656531719
         26069.0685492675
         24741.7934558133
          23136.604080196
         21112.2855495717
         18683.1302620483
         15858.0090528315
         12763.8765706462
         9505.59643218931
         6671.48925700675
         4704.72298374705
         3480.50310624115
         3239.80515733491
         32749.4814320783
         32460.1192700405
         31879.4577226192
          30977.850678645
          29742.820690428
         28136.5464514907
         26198.2733893252
         23776.8663405468
         20898.7170482069
         17595.2725306266
         14053.6157507167
         10421.2534558031
         7360.92746086384
         5259.78006976421
         3956.59507488596
         3679.19873920773
         37510.9147308671
         37163.8987829301
         36455.8974067785
         35361.8534856361
         33869.1308299176
         31930.4689313625
         29606.5235195197
         26720.6966717628
         23328.3204983408
         19490.3856180461
         15463.7813164026
         11438.6795210562
         8141.42752357645
         5883.30418952924
         4490.85128465183
         4175.26549805334
         42806.3819493016
         42386.3768619764
         41531.6520215698
         40213.8205071853
         38418.2025112775
         36094.0577672078
         33324.0248034092
         29910.4594545694
         25940.5911469941
         21518.1186406283
         16973.8733989835
         12544.3721809049
         8994.96548306137
         6562.11985062977
         5070.34732648769
         4712.19945611275
         48706.8833990834
         48198.4675747672
          47175.761590744
          45593.228957814
         43445.9781060403
         40680.6122893084
         37389.9798601217
         33378.3209203239
         28766.2685492794
         23703.0816549594
         18609.2220240637
         13761.0288929118
          9937.5406971114
         7305.01787360201
         5706.80869745277
         5299.82126376227
         55214.0080411485
          54611.835203612
         53386.8645067462
         51501.1030689654
         48945.4829014043
         45669.2560802144
         41797.0106938589
         37112.2226610325
         31787.5667188839
         26033.6290217386
         20368.0534484836
          15082.857363383
         10962.7187251187
         8104.37275872356
         6391.86120278529
         5928.91978665886
         62367.9655809099
          61649.050598992
         60193.7468696868
         57958.4786582201
         54937.7177689004
         51080.7134665196
         46547.6414705904
         41119.4986514306
         35015.6178345114
         28527.0491941223
         22255.7308678669
         16517.0079452876
         12071.9107672863
         8959.73912006959
          7128.6348363117
         6604.45990291195
         70169.1455990472
         69321.2279587725
         67604.2252627302
          64966.381567741
         61416.8315806466
         56909.1604243187
         51639.4247068568
         45386.8672540031
         38449.7066099476
         31176.9336594782
         24275.9993354848
         18063.3396602386
         13258.8459814219
         9835.55937672084
         7911.08031806292
         7327.73769859883
         78686.5332964346
         77693.0117142727
         75669.9584540722
           72575.98768034
         68429.5385697047
         63192.5832586348
          57101.217946729
         49957.4418239394
         42108.2479006852
         34010.4893716592
         26453.4810662645
         19732.8972953198
         14527.6985698381
         10165.4073488419
         8740.11482078189
         8101.58668053581
         87839.5387314425
         86681.3663946404
         84320.3015687165
         80719.4043121865
         75908.9377114728
         69863.6254007539
          62877.894333739
         54766.0008785069
         45955.3547999885
         37000.3071457547
         28764.3818371252
         21500.0740851105
         15859.5564320192
         11177.3324251893
         9600.34199301553
          8910.0779776104
         97694.2040314024
         96343.9334642895
         93614.2461679374
         89441.2962095086
         83889.6067707751
         76958.7332307876
         69002.6434933511
         59846.0698223794
         50012.1832140089
         40167.5285513932
         31222.4240003201
         23368.9013528128
         17263.1898565616
         12238.9429761826
         10509.4183048654
         9738.77359610983
          108168.21227403
         106616.297555208
         103468.209603316
         98679.2507168119
           92312.66241311
         84420.2158125345
         75418.3493878071
         65154.5136956713
         54266.3707172459
         43484.2809221554
         33809.1351046423
         25327.3861783335
         18720.8449601771
         13338.6601580843
         11454.4985932673
         10598.0021511418
         119261.511187204
         117480.756351024
         113878.781701093
         108411.203894296
         101170.037067668
         92240.5748537203
          82115.867440729
         70691.7960493985
         58692.0059895348
         46954.9465612218
         36509.3170642748
         27361.3968421401
         20217.9686412066
         14472.2170257344
         12427.7762088645
         11482.5522686246
         130942.896016808
         128906.397441541
         124814.945832999
          118610.71943883
         110423.982877495
         100385.267572416
         89083.6738778161
         76440.7270795702
         63300.2805558941
         50561.5483311573
         39320.5106196298
         29466.5837769732
          21742.134008148
         15639.9123371491
         13418.3242178408
         12393.8973192978
         143109.440745658
         140809.342682008
         136183.205578895
         129194.414755263
         120012.406532661
         108792.735797716
         96254.8323411449
         82348.7019104308
          68041.644152043
         54282.0010593404
          42200.040155363
         31620.8212162076
          23252.821245912
         16817.0684732343
           14413.82938903
         13310.4277375219
         155729.402085507
         153149.869326628
          147956.82640618
         140126.007059841
         129895.672777299
         117447.622723609
         103616.604978653
         88422.3441148461
         72908.4083240513
         58113.4034879642
         45145.1713113807
         33793.4325317559
         24750.4126716165
         18002.6639113726
         15416.2784042366
         14229.6765884287
         168716.563665101
         165831.035997055
         160038.729718448
         151336.739721991
         139996.854296796
         126275.810088376
          111125.13150889
         94600.0427678028
         77871.6570580535
         62005.7770458392
         48128.7810987781
         35972.2342184423
         26058.7643010052
         19176.7572964316
         16406.9013268535
          15142.495583737
         181997.507427206
         178795.434063286
          172387.96772135
          162770.05379723
         150274.540454073
         135242.412557516
         118733.472948838
         100869.484209967
         82902.0826154955
         65960.5532256427
         51119.9395757048
         38095.3706288654
         25567.3636931091
         20297.6569049384
         17376.0105644832
         16040.9663539864
         195304.113253558
         191785.031370356
         184724.932393048
         174163.823750636
         160511.393383164
          144144.65226669
         126270.707153152
         107067.710808581
         87850.6579557019
         69825.5456943076
         54007.1303199516
         40071.1171705299
         26805.6325001633
         21282.0681928709
         18249.7689944806
          16848.975856386
         208560.228713988
         204701.670285378
         196982.718155449
         185469.612434332
         170638.471887367
         152955.794914447
         133701.098539709
         113155.863169309
         92717.7180870952
         73590.2520078444
         56764.9294443465
         41948.2476635032
         27986.9844015804
         22213.0273049198
         19032.2277879299
         17581.1312915703
         221985.939623136
         217790.374650833
         209405.819973414
         196925.491506019
         180895.575311687
         161878.782366442
         141246.797764184
         119365.502371678
         97701.5643914686
         77453.7376650018
         59599.3063768844
         43859.4545833164
         29244.5324241253
         23230.4290605426
         19875.7941946873
         18376.0061462336
         235372.033492003
         230825.961323623
         221769.672508627
         208312.745430329
         191082.232799587
         170724.437245104
         148728.090493406
         125525.676907812
          102643.94044603
         81260.8162584127
         62372.8367202713
         45672.1051045807
          30468.283049461
         24207.6141186911
         20687.0658422609
         19137.9357656636
            248609.316349
         243724.765184761
         233980.339622346
         219554.767401191
         201132.324574423
         179447.452060059
         156109.315157073
         131602.732159738
         107501.542396011
          84976.282721086
          65055.246924013
          47375.842841528
         31634.2231465261
         25137.2437622334
         21456.9817038332
         19857.2478534997
         261580.791837617
         256348.824765943
         245943.008883736
         230552.412893229
         210956.680470154
         187974.064592753
         163315.151046052
         137539.024367859
         112238.094027876
         88567.1786158376
         67606.2994045091
         48979.2374597178
         32729.9706508039
         26007.0532345616
         22184.1149942446
          20526.086724516
         274206.283135528
         268639.421218835
         257567.003949888
         241244.674573966
         220505.447968533
          196255.95189837
         170324.094481797
          143289.05638794
         116801.252558333
         91993.7524588392
         70011.1348930569
         50298.0563231238
         33750.0830370663
          26804.624453492
         22859.9646785942
         21142.4594220766
         286490.656645815
         280583.064083673
         268844.258253929
          251605.91188945
         229749.488297364
         204274.400288978
          177097.84916055
         148845.305922351
         121184.767407055
         95254.4022755305
         72250.1227138877
         49443.1840659153
         34663.8785294701
         27535.0050303565
         23483.8396602888
         21710.7540283779
         298253.622200175
         292013.046908178
         279651.750403441
         261519.161015925
         238596.079199273
         211944.802219882
         183577.630736784
         154162.467621401
         125347.654076417
         98334.3111508137
         74232.2222765566
         47530.0400880573
         35424.4507472309
         28193.1357425285
         24047.9128894899
         22224.3268491788
         309485.135135615
         302936.057999074
         289990.916174827
         270995.631170614
         247030.425455391
         219259.066743021
         189747.246163818
         159197.687971152
         129293.414739182
         101228.324272938
         75957.8448450268
         48314.5368567028
          36043.503975469
         28778.0058493759
         24551.7059458369
         22684.2214465106
         320101.077738997
         313257.184357044
         299745.371148921
         279927.292472554
         254997.262776406
         226148.302535465
         195549.931872427
         163931.668750025
         132981.294069052
          103908.54435085
         77510.7230455863
         49060.0548074227
         36612.2871481283
         29281.0154959248
         24997.0650751778
         23087.7220191746
         330054.726448586
         322931.903286611
          308880.09441269
         288295.501486444
         262436.125476559
         232574.685780113
         200970.120120876
         168325.863395085
         136383.949709335
         106340.056146337
         78856.6575945928
         49703.5155009423
         37131.5022246325
         29700.8397021231
         25378.2801164924
         23434.8277071215
         339325.082324241
         331937.490670734
         317381.476580421
         296073.388256371
         269350.182620261
         238550.675161364
         205989.186691293
         172388.082658985
         139491.709656909
         108512.236768297
         79971.8543643489
         50244.4172809725
         37575.1535860836
         30044.6494797003
         25699.5639856946
         23727.7475127821
         347865.114820323
         340233.283763229
         325185.950138759
         303233.476640279
         275685.883098145
         244019.749264722
         210564.348363399
         176079.961486748
         142295.003119992
         110416.563346693
         80846.3901648924
          50671.418625986
         37940.6025138172
         30327.3218936918
          25960.278393327
         23967.9984271092
         355635.367953155
         347773.189417768
         332288.110510096
         309729.054261338
         281450.658717653
         248984.613987019
         214711.379140361
         179393.637894916
         144816.398693859
          112011.44227587
         81419.7504102837
         50981.3243095607
         38217.3033667708
         30544.5113515632
         26161.4006973822
          24152.103931345
         362623.246395136
          354551.84024417
         338668.900405368
         315555.811300446
         286612.497418839
         253414.230854953
         218397.600986676
         182329.428468044
         147012.601791812
         113301.951735709
         81193.9982996557
         51176.3265405155
         38408.4703857795
         30695.7993305536
         26306.3647022289
          24284.810692475
         368813.982120198
         360541.472963377
         344309.029178129
         320691.259040225
         291148.719567211
         257300.709707872
          221614.86422777
         184871.546378039
         148873.885797227
         114283.565679599
         77257.5383776345
         51246.7435049464
         38517.5961019748
         30781.0188882272
         26394.8044598127
         24367.0580269228
         374172.459245662
          365744.44900076
         349180.414137208
          325125.89155386
         295056.189649897
         260631.914754658
         224350.220020061
         187019.712320977
         150366.902377412
         114911.153269866
          71752.749702566
          51130.584075711
         38544.2065566983
         30806.6929673499
          26425.887153564
         24399.3877332017
         378731.739928665
         370166.685413893
         353336.199314068
         328889.499375251
         298359.483095056
         263434.931435438
         226636.926683967
         188757.168614582
         151535.820788916
         115200.742195936
         71147.6788043468
          50854.817470972
         38489.1684726355
         30772.0297649547
         26407.2698245677
         24385.6992355069
         382480.480284596
         373792.083635841
         356720.698235462
         331946.521857411
         301029.050472594
         265674.957186052
         228431.317825543
         190109.046535313
         152359.280416221
         115307.998747885
         70621.8638628625
         50556.0705277393
         38365.9602699816
         30685.0420797572
         26339.9610039496
         24327.7346343649
         385428.940152896
         376626.985223714
         359359.691363082
         334314.653615137
         303095.480501044
         267373.292997584
         229767.468845478
         191058.846758832
         152861.237649299
         115183.480731139
         70048.4620579383
         50212.2862808703
         38171.6297742022
         30545.5876653801
         26229.2430863551
         24227.1969683217
         387586.641107659
         378704.526994075
         361276.217870443
         336017.538622923
         304543.434601461
         268544.001273842
         230649.209841722
         191629.518929712
         153062.669822068
         114807.018870403
         69407.9530613022
         49809.5304690351
         37918.4815933467
         30360.4120133653
         26075.2339767376
         24088.2799097309
         388980.296134171
          380038.91038663
         362488.955947348
         337066.795540413
         305403.919980264
         269197.194091046
         231085.860554433
         191825.370494214
         152956.681490395
         114116.749273679
         68682.3536273411
         49355.6802669728
         37600.8050948367
         30126.2503184903
         25880.4847219207
         23911.4764636787
         389651.828396073
         380657.029196046
          363025.47265343
           337489.6720644
         305699.906838335
         269361.115927997
         231095.646695837
         191669.903088047
         152560.300285997
         112914.832199933
         67874.9854361155
         48849.0842296403
         37232.9277742667
          29850.691080198
         25649.2283091694
         23700.4642074093
         389615.516191281
         380594.048844884
         362908.942523981
         337311.129947661
         305454.673170164
         269046.255075768
         230697.574623846
         191172.718554864
         151878.560019709
          110521.41124515
         66984.9333942012
         48284.5098498348
         36813.6002034105
         29535.2089144804
         25383.9574780702
         23457.3176683887
         388902.551228459
         379870.962496038
         362168.337731137
          336556.24356618
         304683.784472753
         268274.347062768
         229909.460377119
          190353.77025854
         150909.106329643
         105335.301017321
         66012.4643672901
         47667.6461826339
         36351.6607613906
         29182.1262017489
         25086.4282252259
          23184.303092566
         387556.688015916
         378527.332472357
         360840.460342882
         335252.416444261
         303428.484927183
         267064.908937845
          228750.55431758
         189218.441425056
         149652.867328756
         96135.8095520777
         64947.6741497819
         47002.1258901201
         35852.7679791369
          28795.651373259
         24759.8805865988
         22884.1306366284
         385604.252739608
         376596.613404945
         358953.237291539
          333441.02840678
         301704.832104875
         265452.835009079
         227240.635608574
         187789.275757077
         148066.375435689
         90289.0544342992
         63754.4949760686
         46291.4388216577
         35317.6896548556
         28379.5491949334
         24405.5420942927
         22558.5496008623
         383028.300239837
           374060.2403709
         356488.371390767
         331086.414878732
         299499.480448544
         263409.368874496
         225365.853406254
         186050.717317065
         146136.446066758
         88084.2816782233
         62475.0308828391
         45523.7826269194
         34741.5268435414
         27927.8599330375
         24022.1859026639
         22205.7578639781
         379762.605973816
         370836.451959405
         353370.344456569
         328130.184965838
         296744.394785301
         260885.677731079
         223062.489665206
         183943.767030778
         143766.573299688
         86090.4440777031
         61142.1073928808
         44695.1632845411
         34117.2352313671
         27435.6747333414
         23601.5497990909
         21819.0298434468
         375630.974820331
         366780.209946577
         349457.111827318
         324430.877476626
          293316.49262442
         257763.427833078
         220237.980987746
         181362.373756111
         140693.225597841
         84023.9830605787
         59738.5234941556
         43777.8903138208
         33425.0470465841
         26886.1651864987
         23131.2015267293
         21385.4719691546
         370321.554948411
          361568.41906089
         344441.751333871
         319701.662236062
         288943.668042658
         253793.618915341
         216664.959118755
         178087.488932378
         136332.787175539
         81765.0303902518
         58188.7831847751
         42727.9257304423
         32626.5974864284
         26249.7121122811
         22584.2240355927
         20879.9927262063
         363180.276011277
         354564.360514765
         337709.802147301
         313370.519259138
         283105.002205559
         248517.502568355
         211896.108263351
         173664.441171558
         129746.428281433
         79122.0967173801
         56353.6615135162
         41447.2185791886
         31647.4382030619
         25462.9213141333
         21906.6042561744
         20252.6141833884
         353167.056113323
           344751.9675283
         328288.055952966
         304512.350966105
         274942.534855614
         241122.683872319
         205218.548943385
         167367.767638654
         119671.958789591
         75824.3250765449
         54043.0659779759
         39787.9056105188
         30373.9139064627
           24431.13488609
         21014.0702096485
         19424.3400762972
         349254.917916238
         340905.612695273
          324568.64464073
         300954.337232385
         271617.701562026
         238044.044777422
         202327.490294441
         164380.567148022
         113925.553403186
         74348.4562098162
         53003.5773105802
         39032.2674666968
         29786.9700472376
         23950.9037197202
         20596.4976684117
         19035.1082922206
         350935.576323513
         342537.800569355
         326106.334565303
         302385.389399291
         272847.972822169
         239075.663440231
         203126.351307104
         164842.238437247
         113324.141288581
         74534.6539299313
         53137.8338215113
         39133.4797841312
         29861.1303998676
         24008.0468757819
         20644.0642173524
           19078.21937221
           352848.3458527
         344396.727047666
         327863.547045982
         303990.920142119
         274282.838679588
         240260.534799679
         204052.307086822
         165399.771406079
         112819.591361513
         74768.5286351012
         53308.5606593078
         39259.4437581236
         29952.3544935256
         24078.8697624795
          20704.021290923
         19132.2459738442
         354947.542105513
         346433.991791155
         329788.563546091
         305750.667430594
         275838.563941552
         241590.031328943
         205070.257874905
         166031.409159622
         112356.353778959
         75029.5850618128
         53498.3398485885
         39399.2729380837
         30055.8073751217
         24158.7530276222
         20770.8248842482
         19192.8061107064
         357242.276368055
         348667.905442206
         331897.040703382
         307678.838764379
         277538.560438611
         243021.019170969
         206182.754723175
         166712.632203263
         112304.060394733
         75327.3763871231
         53711.3524159804
         39554.5882063167
         30170.6949797997
         24248.2803946671
         20845.2201382019
         19260.7979889811
         359780.891330802
         351135.037468268
          334222.99076008
         309774.136588257
         279386.755789851
          244576.58820745
          207414.68840082
          167445.21990909
         111580.099766334
         75650.6268001037
         53944.8586637224
          39726.576034992
         30295.9662353906
         24344.6007356085
         20926.5963743814
         19334.2922614678
         362503.127030848
         353783.568504182
         336720.886681329
         312084.302234791
         281392.505517723
         246266.914266231
         208728.914796067
         168239.612365252
         111252.579805107
         76012.2927903144
         54203.4111314558
         39913.6134028818
         30433.6089039254
         24451.5336215952
         21016.1431207028
         19415.4484745929
         365450.423417502
         356646.436670113
         339423.596272932
         314549.772593334
         283587.936304454
         248100.032629399
         210148.622977445
         169095.166108782
         110987.117693198
         76407.6411201846
         54482.0054337124
         40116.7819783356
         30582.8662666608
         24566.3345353644
         21112.3456939198
         19502.7693719037
          368646.06754043
         359747.989510889
         342346.017246037
         317224.005094502
          285941.38264099
         250071.301135506
         211683.809926643
         170008.385515099
         110806.560821157
         76833.8247682743
         54788.6978231139
         40339.4654397358
         30745.1222349459
         24691.6532485292
         21217.3272539216
          19598.197339869
         372090.180098559
         363095.474948857
         345504.870955453
         320108.098122561
         288484.422989899
         252198.871407206
          213332.00853058
         170979.382404642
         110711.591995291
         77298.0847023516
         55118.6536763726
         40577.9304533545
         30920.1926392184
         24826.5382208394
         21330.1412658257
         19700.1470145396
         375814.765011586
         366718.616980295
         348919.992637467
         323228.558014235
         291228.496185256
         254492.627669904
         215102.153060431
         172017.486028259
         110713.219070112
         77807.0758480202
         55478.9382620323
         40837.6562537935
         31110.3563746715
         24973.1277575494
         21452.9691148049
         19810.9985064617
          379853.69149998
         370642.050705327
         352624.606603294
         326609.486270371
         294194.460575405
         256973.310818559
         217012.481413962
         173128.502971702
         110835.665161579
         78362.9929700844
         55873.0422771599
         41121.8200759804
         31316.2398673581
          25132.373223685
           21585.22837384
         19931.6629775808
         384225.835097963
         374890.860729827
         356632.403983718
          330267.79925083
         297409.010044239
         259675.599338719
         219072.777056132
         174312.459728004
         111093.024989032
          78965.843596782
         56300.0217198724
         41427.8661486592
         31541.3648904686
         25304.8646898566
         21730.0053321384
         20062.0482062541
         388969.017769995
         379498.353678112
         360974.363552932
         334225.846906863
         300880.730105537
         262573.733684207
           221286.9385863
         175573.169601062
         111486.974334589
         79628.0379949333
          56765.753201798
         41760.5472023587
         31784.7904490737
         25492.8884811055
         21885.9104290259
         20203.2216807333
         394106.792296745
         384490.961378435
         365678.493667001
         338506.601723211
         304637.010687762
         265703.379900843
         223670.288912375
         176911.056641115
         112033.581181451
         80345.9591777977
         57273.7070147824
          42125.304557647
         32049.8372194855
          25695.444102501
         22056.2813485149
         20357.3778287414
         399684.244274068
         389907.987417255
         370778.661159838
         343150.724310461
         308709.200679732
         269089.827121081
         226242.276853151
         178344.351149994
         112745.773260424
         81134.2215328665
         57828.4347512187
         42520.4403672334
         32338.4114080622
         25917.9734702672
         22241.2645238205
         20524.8613103467
         405744.684197607
         395787.560718379
         376314.361226812
         348195.729441693
         313124.682203239
         272754.092545923
          229009.97150042
         179871.405926697
         113630.644607058
          81999.855636458
         58434.3685837456
         42952.8337372902
          32653.255372319
         26160.6029153306
         22444.1298929532
         20707.9511854709
         412328.897265784
         402181.519342979
         382332.986950688
         353672.365803786
         317907.369656863
         276720.987970826
         231992.896382159
         181496.441074637
         114695.814155201
         82945.9772959122
         59099.6645861651
         43427.6309253837
         32999.9643695972
         26425.7012524912
         22665.2547901561
         20908.8919706409
         419554.008736425
         409194.993624042
          388933.36849675
         359647.307284146
         323122.282941917
         281030.451971621
          235222.65570699
         183234.557521262
          115949.34677328
         83985.9132362427
         59829.0458874304
         43946.6648390394
         33379.6839902165
         26717.9832698904
         22909.4080816507
         21129.9358910497
         427404.968540098
         416816.757990415
         396098.906293543
         366180.920992875
         328798.963625814
         285717.793154849
           238719.7779492
         185114.607865471
           117401.8416178
         85139.4846184762
         60633.9144610909
          44521.892738381
         33799.2766229038
         27041.1673074404
         23179.8776431485
         21374.1769819248
         435994.119258798
         425144.236834886
         403931.448908669
         373291.112337378
         334990.598505643
         290811.988975214
         242526.108961961
         187122.753113775
         119067.154685273
         86419.8443130587
         61527.3590169654
         45160.5154248975
         34265.2184374443
         27401.1960200999
         23479.8323194069
         21646.6808967576
         445386.287725952
         434261.601695821
         412502.942332878
           381062.3805549
         341754.546837041
         296365.450143913
         246636.257596932
         189284.181939439
         120947.299176739
         87829.1419394016
           62516.75535849
         45866.0937507782
         34782.8239334377
         27799.8047244842
           23813.99340407
         21949.5657846633
         455701.100118408
         444269.509541269
          421902.11763196
         389588.601529596
         349153.091137255
         302430.834645233
         251097.497042462
         191628.814189066
         123066.040483233
         89400.8972539886
         63613.4318976115
          46651.380909862
         35358.2015987404
         28246.0248901192
         24188.1074500942
         22288.8771273812
         467026.406592483
         455257.060995361
         432214.186105005
         398931.035577042
         357280.238393584
         309049.192937995
         255950.370712913
          194157.19810255
         125444.146037673
         91149.1853585716
         64839.2293044188
         47529.9448883462
         36003.9357329284
         28745.8134130415
         24607.7657975443
         22670.1369243272
          479485.21745896
         467327.921758425
         443548.637509686
         409182.608350765
         366164.933599893
         316283.828685056
          261228.73830481
         196914.761048161
         128103.333873734
          93094.579160207
         66204.6080496022
         48507.8370279429
          36725.961402045
         29306.1150433692
         25078.8543143502
          23098.825298734
         493169.290048239
         480593.056457108
         455991.195626441
         420427.639339637
         375885.848067581
         324177.885709202
         266952.912608961
         199907.394456788
         131059.877938466
         95257.2336401769
         67720.5456569109
         49601.2327604673
         37532.1757641303
         29935.7993767202
          25607.933972932
         23580.2655816932
          508209.42474735
         495165.971445405
         469645.003010707
         432758.284571962
         386522.652619378
         332808.488093091
         273151.443055374
          203161.10712749
         134350.239094141
          97658.284738246
         69411.9051521708
         50821.2732152319
         38434.8584006169
         30639.0658525083
          26201.951127642
         24121.6728997458
          524702.84330259
          511148.53017132
         484607.545136476
          446241.87550152
          398130.64543591
          342161.86303586
         279845.942405415
         206687.845726991
          137990.10638009
         100309.428684995
         71283.5372044248
         52174.2798991676
         39440.2171688838
         31426.5976694005
         26865.7885071316
         24727.2690832682
         542750.110254725
         528615.640728233
         500945.860067451
         460947.811002349
         410748.555668936
         352283.829846519
         287028.581874778
         210508.406118864
         141989.913679287
         103234.149678612
         73351.3522853686
         53670.0566413675
         40554.0190642943
         32299.9715126686
         27605.3388962521
         25402.6516912754
         562472.376948631
         547647.833763393
         518740.266299197
         476916.454291689
         424407.739254685
          363179.66607372
         294691.781778191
         214624.640586755
         146366.708898319
         106435.118701517
         75621.6463057474
         55319.8447501261
         41783.0622427658
         33265.2349926077
         28423.3185186386
         26150.3583345762
         583829.126165342
         568345.629044672
         537992.338254273
         494167.309836301
         439103.665238808
         374822.717923038
         302783.995904149
         219026.649026856
         151118.044828263
         109911.600877294
         78092.9539018449
         57117.7181274429
         43126.3902419389
         34325.1256852048
         29320.8312361516
         26971.4735912138
         606831.235306842
          590578.95942553
         558748.981793596
         512648.917974284
         454766.570640676
         387127.645034833
         311226.323895964
         223696.512995498
         156203.512077154
         113645.495522745
         80752.3307096929
         59057.2454386261
         44579.5239837423
         35470.7466665687
         30294.0615714426
         27862.7145575639
         631453.793768683
         614336.970733547
         580827.290866278
         532328.561720686
         471299.228965465
         399979.328000857
         319921.599740688
         228578.909774445
         161590.976017531
         117610.611368177
         83592.5549407144
         61131.4801350571
         46133.6875538673
         36700.2641491763
         31336.0708518279
         28818.2516026719
         657514.281533255
         639457.972859041
         604105.840303742
         552946.912204892
         488522.909118238
         413191.000636384
         328653.596979282
         233609.858884206
         167216.457314788
          121747.30242613
         86562.4272038332
         63303.4532313294
         47768.1750819932
         37990.0687773713
         32435.0703960059
         29824.9505335162
         684780.887814254
         665699.774794007
         628347.951512825
         574278.951609468
         506207.303111601
         426499.819610489
         337212.591983926
         238711.184174941
         172968.768613794
         126006.922181479
         89621.2849345369
         65548.1174418231
         49455.7628229845
         39325.6605819095
         33569.8657309251
         30865.8270462614
         712881.813488788
         692698.470803981
         653168.395474253
         595945.561429512
         523892.393602133
         439537.579403619
         345303.555973099
         243728.118104172
          178719.56789253
          130273.17164555
         92694.5359249674
         67804.5481580241
         51153.9557025366
         40673.8969475124
         34715.7320936917
         31915.0557678203
         741300.970326126
         719910.317152121
          678032.20298679
         617423.012215663
         541121.573364875
         451835.969367367
         352540.529500544
         248492.806187055
         184273.354274223
         134407.106314199
         95692.8688706374
         70006.5942103783
         52813.5347029524
         41987.1641385478
         35835.1303197616
         32942.0818928794
         769355.263162627
         746658.862817773
         702271.597956882
         638060.254898815
          557243.25813868
         462849.682050196
         358498.280964083
         252771.276886046
         189397.966830962
         138264.243049812
         98498.1358858786
         72074.6583979227
         54371.2070883257
         43220.6316870107
         36882.1109112978
         33903.2776885992
         796083.213467633
         772040.231033214
         724985.890450038
         656972.670421206
         571450.177859257
         471832.923726507
         362649.314361631
         256275.898330015
         193830.889087336
         141618.181364107
         100953.898270095
         73888.7094358994
         55739.7711830915
         44306.1382636608
         37803.9955407345
         34746.3130445807
         820340.527507177
         794871.294822941
         745040.161135079
         673080.126589737
         582743.720238185
         477907.763248275
         364391.513395312
         258623.717152513
         197195.714594234
          144213.49898559
         102881.705903126
         75324.0379408377
         56822.5022788346
         45160.8237215715
         38529.2310092207
         35408.4690807416
         840760.760691404
         813818.729018582
         761022.230021042
         685063.492752748
         589903.858104607
         480091.260279684
         363051.398316182
         259332.936627635
         199108.384482734
         145752.784119842
         104073.239155122
         76219.1122593661
         57495.6104089822
          45692.515051316
         38978.1015012202
         35816.9542433911
         855454.217517118
         826999.237724685
         771409.233487723
         691390.583073538
         591592.775589766
         477310.946982848
         357962.691596418
         257881.661859098
         199093.457609952
          145915.86972374
         104288.825887336
         76401.7579967972
         57636.5653495801
         45797.1199123717
         39061.3693160768
         35890.1697245502
         862464.942063484
         832536.685583822
         774192.702791421
         690394.633095852
         586312.600089803
         468424.804809856
         348465.305031962
         253634.005895756
         196676.754423194
         144332.257531413
         103273.364117628
         75687.7464093458
         57095.2148985397
         45360.7800638108
         38681.8805968765
         35536.6436873298
         859563.543987763
         828235.466920761
         767295.673099294
         680091.047375431
         572511.705964099
         452353.467608182
         333904.887102558
         245921.685600829
         191362.819628356
         140628.408950314
          100747.80844522
          73865.596244492
         55721.9905041261
         44264.2081608762
         37740.0477471908
         34664.8855849863
         844564.072859977
         811997.683155456
         748806.085180166
         658859.854222067
         548933.244783305
         428276.136475197
          313936.94924978
          234216.24781235
         182748.259504727
         134517.874706359
         96501.3755483132
         70783.2699691946
         53398.0798244863
         42410.9250344268
         36151.6613257097
         33199.8968349208
         815311.802370185
          781761.92050846
         716865.981073976
         625138.270481269
         514402.319647551
         395673.648853712
         288378.151506314
         218063.388702186
         170520.989434615
         125750.684094794
         90358.4774192855
         66310.2478073911
         50025.3689636315
         39720.6836569159
         33849.6110177115
         31079.4698937792
         770254.320797473
          736085.07956007
         670303.486249241
         578162.320623333
         468713.007494338
         354829.876757902
          257572.70161519
         197404.826266295
          154683.54347833
         114305.019943834
         82277.4925524288
         60416.5407052239
         45579.5519020899
         36182.1767316069
         30824.1605863806
         28293.7906134004
         708671.639206305
         674380.620395939
          608812.74186332
         518048.739691619
         412490.282385525
         306759.627450611
         222280.647108781
         172575.268342114
          135496.25060084
         100366.663274226
         72388.2626898319
         53192.3327382293
         40128.0061266363
         31844.4164235288
         27119.4435955758
         24885.5109565521
         631707.984627722
         597881.683845388
         533915.824073121
         446799.876733574
         348048.625553488
         253779.910172038
          184095.68245299
         144646.776113872
         113813.944035902
         84532.3749611198
         61105.6516416333
         44935.1374342964
         33897.9922420503
         26892.1335948471
         22890.2234973359
         20998.6311780726
         541551.093133538
         509191.584816448
         448474.174959878
         367417.741023286
         278699.584580788
         198881.978814478
         144919.971092486
         115094.109279646
          90775.356559913
         67625.3544533883
         49009.7573064086
         36068.3931596091
         27209.6810093019
         21576.2945890359
         18356.3841906279
         16831.2532961691
         443025.384132217
         413006.704837409
         357436.393043671
         285125.333232244
         209369.494731918
         146013.471656507
         107261.958404572
         85990.6449851711
         67998.3527250328
         50830.8965441648
         36947.9199274903
         27215.6594418122
         20530.3217122259
         16270.0377469372
         13833.0642449113
          12677.595516357
         342381.065359556
         315720.430811049
         267190.133506968
         206079.338999818
         145421.222447381
         99037.4153839371
         73624.4228142879
         59497.5873565917
         47190.6906225395
         35411.1208902368
         25823.6975877064
         19041.0177797701
         14362.3845364331
         11374.7987500411
         9662.70175680814
         8849.98033102131
          246671.55419306
         224320.582743816
         184492.461723551
         136328.229073576
         91660.0203799865
         60997.9022202888
         46055.0551185252
         37473.6949018925
         29819.9830138956
         22472.6411254329
         16447.8574103575
          12141.649863231
          9156.2418061888
         7245.06521726454
         6148.27493026375
         5626.58333120054
         139636.124734846
         124798.184705171
         99022.8083517377
         69401.5385629266
         44085.2757199091
           28794.06045254
         22154.4657741426
         18131.5066202801
         14477.1723469535
         10959.2211972311
          8051.7731410957
         5949.74651049275
         4485.43219925625
         3545.15836252283
         3004.35783537768
         2746.72000158848
         69645.2295649545
         60925.1245517663
         46270.6268689664
         30411.8379103722
         18168.6743964969
           11779.53385098
         9255.97844790185
         7611.23511258734
         6096.72739049371
         4634.35979487107
          3416.7123083263
         2526.68910763971
         1903.82736430296
         1502.50258656056
          1271.3215817309
         1160.93279189468
         30870.6065777508
         26301.9027047221
         18943.6446711119
         11523.1214564641
         6453.80066688381
         4214.69560761132
         3380.90854600986
         2791.32142917793
         2242.54140974954
         1711.13935248833
         1265.63365733265
         936.287737207957
         704.865032088732
         555.266563045269
         468.869113966713
         427.561484893943
         11811.0791559376
         9741.77235641223
         6560.56952520262
         3640.03347893087
         1915.41665581878
         1280.70944197354
         1046.33820136072
          866.95362793967
         698.428465385262
         534.818862613178
         396.686052284938
         293.465762886228
         220.617261515013
         173.372261333802
         146.011348059406
         132.907641100721
         3764.66797303436
         2982.02382291059
         1850.92118435173
         920.236252428645
          459.75916588587
         320.033304815335
         265.343648530645
         220.567381991909
         178.153725391429
         136.869581837823
         101.769490955557
          75.246329759756
         56.4575621869196
         44.2194965546735
         37.1150648278974
         33.7034462309123
         954.512086018779
         724.380463424662
          404.34239710742
          177.08888701061
         86.1081329053056
         63.1598495685917
         52.9542382237495
         44.1533659793566
         35.7482863069744
         27.5470277358925
         20.5260648171025
         15.1584294958872
         11.3436663772691
         8.84681664836101
          7.3925934638164
         6.69360618676761
         181.209216496147
         128.597351893972
         63.7153326066632
         24.4070552011366
         12.0764518932921
         9.36351041314138
         7.91801201644013
         6.62117977325506
         5.37295729600955
         4.15180829522239
         3.09914000246288
          2.2849442652222
         1.70428883658948
         1.32225993740233
         1.09895756635703
         0.99146661849188
          23.898049237712
         15.7166792883195
         6.72375003029213
         2.26393098792578
         1.20878558111178
        0.983210628203168
        0.837049175233106
        0.701836934540947
         0.57074511296177
        0.442184234695321
        0.330588246198637
        0.243298684950473
         0.18082124124178
        0.139489595643293
        0.115248333990152
        0.103552016372501
         1.98190456883968
          1.1881662600644
        0.427410744160343
        0.131567163447783
       0.0799132868149799
       0.0671942789798748
       0.0575096045214524
       0.0483362715118788
       0.0393859254330255
       0.0305894277787461
       0.0229050346689027
       0.0168320112502238
       0.0124690265168115
      0.00956710363386602
      0.00785983324121804
      0.00703413281966022
       0.0911973105251768
       0.0488219949029514
       0.0144000765312673
      0.00440207497762169
      0.00309089723400688
      0.00264893642729334
      0.00227650582297981
      0.00191746039662675
      0.00156529737842847
      0.00121854479574447
     0.000913949886078023
     0.000671113747959079
     0.000495938767701891
     0.000378904548289123
       0.0003098493125332
     0.000276393859005477
      0.00199741911348843
      0.00092879205089324
     0.000221034622782975
     7.52418353626747e-05
     5.91791122854705e-05
     5.12238409751956e-05
     4.41584775819092e-05
     3.72609425249043e-05
     3.04683915186381e-05
     2.37699755280124e-05
      1.7859317115406e-05
     1.31135785769126e-05
     9.67663857489484e-06
     7.37133112749332e-06
     6.00827359349592e-06
      5.3468133815767e-06
     1.68387414682851e-05
     6.61299952027437e-06
     1.27699365111467e-06
     5.34527444049561e-07
     4.48422348843394e-07
     3.90385999624628e-07
     3.37352783479303e-07
     2.85099205493246e-07
     2.33474758891055e-07
     1.82504113009215e-07
      1.3735997925362e-07
     1.00900183025429e-07
     7.43955170640342e-08
     5.65620956402442e-08
     4.59992745960537e-08
     4.08655262304063e-08
     4.28600677884281e-08
     1.36721950162403e-08
     2.23751705834755e-09
     1.19634248312913e-09
     1.03259908867771e-09
     9.02505643604189e-10
     7.81417073414731e-10
     6.61262746470953e-10
     5.42239980989039e-10
     4.24605992498603e-10
     3.20093264341081e-10
     2.35267498759638e-10
     1.73388062449637e-10
     1.31646458059174e-10
     1.06877835521438e-10
     9.48258022414041e-11
     2.41818152283328e-11
     5.95640530683677e-12
     9.06954581996942e-13
     5.98107954723399e-13
     5.22647052694786e-13
     4.58206703033896e-13
     3.97376408550359e-13
     3.36662099480329e-13
     2.76385967777532e-13
     2.16761864826903e-13
     1.63647602790076e-13
     1.20351570695288e-13
     8.86697979715699e-14
     6.72487228222071e-14
      5.4522451359136e-14
     4.83197386498114e-14
     1.98012678364193e-15
     3.68412444274808e-16
     5.87586629775436e-17
     4.42816580048478e-17
     3.89498466863071e-17
     3.42307268077477e-17
       2.972625396235e-17
     2.52090545618188e-17
     2.07161961518862e-17
     1.62688376218219e-17
     1.22980475655819e-17
     9.04927991039225e-18
     6.66565622653894e-18
     5.05057523841457e-18
     4.09014316325343e-18
     3.62143904448194e-18
     1.52227607280612e-20
     2.12087590786684e-21
     3.85455428052432e-22
     3.08835350032493e-22
     2.72813760739432e-22
     2.40194981929458e-22
     2.08803995120251e-22
     1.77211904557676e-22
     1.45743666010204e-22
     1.14576456330049e-22
      8.6699691319015e-23
     6.38264653604571e-23
     4.70061190242641e-23
     3.55904784494891e-23
     2.87957896738259e-23
     2.54770975713139e-23
     6.99384340954125e-27
     7.92566525381059e-28
     1.61366789418163e-28
     1.31878741717569e-28
     1.16764159524811e-28
     1.02908558799614e-28
     8.95133685611685e-29
     7.60047129649313e-29
     6.25377009129917e-29
     4.91951338654195e-29
     3.72484084134794e-29
     2.74294029952408e-29
     2.01990678537714e-29
     1.52869833029741e-29
     1.23616381815207e-29
     1.09320561659915e-29
     1.60949344643009e-34
     1.75274551838822e-35
     3.64042967664412e-36
     2.98049741650873e-36
     2.63984262433656e-36
     2.32697555106244e-36
     2.02428630009492e-36
     1.71893194661833e-36
     1.41447677326512e-36
      1.1128161662203e-36
     8.42667051572933e-37
     6.20565226919543e-37
     4.56978986025808e-37
     3.45823189654902e-37
     2.79618698814297e-37
     2.47262127256729e-37
     1.28236847560593e-42
     1.49951287636104e-43
     2.99692874929721e-44
     2.44079843097986e-44
     2.16029015845462e-44
     1.90364475382176e-44
     1.65570356543936e-44
     1.40574088108811e-44
     1.15658077768617e-44
     9.09735063292448e-45
     6.88749422302993e-45
     5.07167372111947e-45
     3.73484182653747e-45
       2.826773875029e-45
     2.28602719453781e-45
     2.02179158307694e-45
     1.05968809981274e-49
     1.25299429468218e-50
     2.48926754781665e-51
     2.02549573307246e-51
     1.79250956072197e-51
     1.57947502116001e-51
     1.37371316724617e-51
     1.16629528370118e-51
     9.59552240963127e-52
     7.54733156247328e-52
      5.7138130530709e-52
     4.20735854647645e-52
     3.09836363727349e-52
     2.34509792013486e-52
     1.89654771975381e-52
     1.67737008753313e-52
     1.08991488622016e-56
     1.28993333641041e-57
     2.56133907120764e-58
     2.08396230616537e-58
     1.84423253982277e-58
     1.62504363594603e-58
     1.41334173762539e-58
      1.1999379075606e-58
     9.87229174267601e-59
     7.76500223780579e-59
     5.87858801559959e-59
     4.32868486829255e-59
     3.18771144532206e-59
      2.4127283247269e-59
     1.95124710469016e-59
     1.72575144999908e-59
     1.11955710344992e-63
     1.32563104090095e-64
     2.63154746732089e-65
     2.14099447659676e-65
     1.89469454952311e-65
     1.66950446796306e-65
     1.45200854485844e-65
     1.23276508833238e-65
      1.0142361500912e-65
      7.9774132418833e-66
     6.03938826528674e-66
     4.44708694076393e-66
      3.2749052234728e-66
     2.47872627293572e-66
     2.00462409752952e-66
     1.77296168318572e-66
     1.13301715138683e-70
     1.34181525939406e-71
      2.6634059793362e-72
       2.166878532725e-72
     1.91759714807666e-72
     1.68968354230537e-72
     1.46955801377594e-72
     1.24766421360652e-72
     1.02649372912422e-72
     8.07382008314327e-73
     6.11237090478204e-73
     4.50082637644979e-73
     3.31448004744339e-73
     2.50868080137584e-73
     2.02885024294409e-73
     1.79438885628345e-73
     1.11769822339325e-77
     1.32367282271551e-78
     2.62739640537058e-79
     2.13758353966184e-79
     1.89167234623155e-79
     1.66684001449327e-79
     1.44969045961517e-79
     1.23079653543106e-79
     1.01261614671316e-79
     7.96466688203009e-80
     6.02973533424708e-80
     4.43997792060619e-80
     3.26967027501885e-80
     2.47476494334323e-80
      2.0014214006647e-80
     1.77012978834643e-80
     1.06404689278341e-84
     1.25997716072984e-85
     2.50113888107874e-86
     2.03488863403458e-86
     1.80079409309692e-86
     1.58676394536546e-86
      1.3800468881687e-86
     1.17166901264985e-86
     9.63970289339079e-87
     7.58204887303445e-87
     5.74007238852504e-87
     4.22668618404368e-87
     3.11259868673307e-87
      2.3558791802857e-87
     1.90527406299095e-87
     1.68509314201458e-87
     9.67520257832445e-92
     1.14543027424075e-92
     2.27402598568324e-93
     1.85015175073687e-93
     1.63731325225595e-93
     1.44271482650757e-93
     1.25476466189808e-93
     1.06530406229381e-93
     8.76460797538873e-94
     6.89375278703181e-94
     5.21899358960029e-94
     3.84299240271804e-94
     2.83004024893413e-94
     2.14201399755943e-94
     1.73231354365776e-94
     1.53212109133233e-94
