               97701                 350
                 160
    5339499999.99999    5006048181.56798    4694834386.17908     4404375551.9889    4133287523.08679    3880278453.42319    3644142650.63143    3423754830.40722    3218064754.06581     3026092223.7223    2846922411.24519    2679701498.72381    2523632609.67446    2377972011.59593    2242025571.77804    2115145449.47348    1996727008.66999    1886205936.75086    1783055555.31303    1686784310.32767    1596933429.68293    1513074736.94594    1434808610.92584    1361762081.31434    1293587051.32867    1229958638.88707    1170573628.41199    1115149025.88302    1063420710.25388    1015142174.80693    970083352.447181    928029519.337887    888780271.653059     852148570.57075    817959850.956071    786051189.486468     756270528.25502    728475950.151918    702535002.571022    678324066.218666    655727766.016837    634638421.293436    614955532.639546    596585302.988383    579440190.633658    563438492.057314    548503952.578627    534565402.969263    521556420.302608    509415011.421182    498083317.513724    487507338.394137    477636675.168376    468424290.062966    459826282.270656    451801678.744993    444312238.946896    437322272.612741    430798469.675567    424709741.528891    419027072.876705    413723383.463642    408773399.026417    404153530.851552    399841763.365451    395817549.221131    392061711.381647    388556351.733625    385284765.795381     382231363.11319    379381592.966356    376721875.027037    374239534.644394    371922742.444663    369760457.959318    367742377.012693    365858882.618348    364100999.150164     362460349.56979    360929115.506614           359500000    359348101.265823    359196202.531646    359044303.797468    358892405.063291    358740506.329114    358588607.594937    358436708.860759    358284810.126582    358132911.392405    357981012.658228    357829113.924051    357677215.189873    357525316.455696    357373417.721519    357221518.987342    357069620.253165    356917721.518987     356765822.78481    356613924.050633    356462025.316456    356310126.582278    356158227.848101    356006329.113924    355854430.379747     355702531.64557    355550632.911392    355398734.177215    355246835.443038    355094936.708861    354943037.974684    354791139.240506    354639240.506329    354487341.772152    354335443.037975    354183544.303797     354031645.56962    353879746.835443    353727848.101266    353575949.367089    353424050.632911    353272151.898734    353120253.164557     352968354.43038    352816455.696203    352664556.962025    352512658.227848    352360759.493671    352208860.759494    352056962.025316    351905063.291139    351753164.556962    351601265.822785    351449367.088608     351297468.35443    351145569.620253    350993670.886076    350841772.151899    350689873.417722    350537974.683544    350386075.949367     350234177.21519    350082278.481013    349930379.746835    349778481.012658    349626582.278481    349474683.544304    349322784.810127    349170886.075949    349018987.341772    348867088.607595    348715189.873418    348563291.139241    348411392.405063    348259493.670886    348107594.936709    347955696.202532    347803797.468354    347651898.734177           347500000
                  17
                   0   0.196349540849363   0.392699081698725   0.589048622548088    0.78539816339745   0.981747704246813    1.17809724509618    1.37444678594554     1.5707963267949    1.76714586764426    1.96349540849363    2.15984494934299    2.35619449019235    2.55254403104171    2.74889357189108    2.94524311274044     3.1415926535898
                   2
                   0     6.2831853071796
                   034.4395228328186
                   034.4155383717822
                   034.3683749397463
                   034.2975249775718
                   034.2003975449578
                   034.0714956912508
                   033.9052509707882
                   033.6849034381655
                   033.4001029401902
                   033.0150642315367
                   032.4715176580242
                   031.6410868640629
                   030.2507910227621
                   027.5491801933131
                   020.8518871657067
                   03.1374433892094
                   040.3423954302491
                   040.3126259572252
                   040.2537771383711
                   040.1640234683384
                   040.0400309140232
                   039.8749494579451
                   039.6604670220888
                   039.3781882534721
                   039.014453255873
                   038.5211539106616
                   037.8253594120465
                   036.7649886323247
                   034.9931646240607
                   031.5629350367123
                   023.2098253724937
                   03.39155192706963
                   047.2395178080633
                   047.2023817468899
                   047.1283740073337
                   047.014663082708
                   046.8563252558754
                   046.6444792727845
                   046.3683458457215
                   046.0064920969923
                   045.5412772866498
                   044.9096481967381
                   044.0197742953098
                   042.6654540722285
                   040.408436430766
                   036.0695767107144
                   025.7080479405664
                   03.72997508138356
                   055.3153679281014
                   055.2688160205433
                   055.1750897908822
                   055.030505915876
                   054.8282476552926
                   054.5561894464646
                   054.2015410208452
                   053.7381138844554
                   053.1434685499402
                   052.335758938066
                   051.1989408859173
                   049.4704145613338
                   046.5963601594307
                   041.1243471642891
                   028.327596718917
                   04.17110758124149
                   064.7865977560166
                   064.7279429550472
                   064.608969386887
                   064.4242761777063
                   064.1653470725494
                   063.8152199212938
                   063.3618779837197
                   062.7698692704596
                   062.0088889686626
                   060.97595434382
                   059.525102961248
                   057.3200014744094
                   053.6712295604839
                   046.7837022407412
                   031.0552771692782
                   04.74046680424031
                   075.8970554559987
                   075.8226082156561
                   075.6710212696205
                   075.4349733393438
                   075.1033369068072
                   074.6522366842794
                   074.0737880031883
                   073.3181160980793
                   072.3440567012681
                   071.0244599412389
                   069.173438430035
                   066.36271496677
                   061.7430423483163
                   053.095789116749
                   033.8668731240699
                   05.46577844547012
                   088.9430639737379
                   088.8484512862318
                   088.6541332851388
                   088.3519068156442
                   087.9270758043383
                   087.3463723429456
                   086.6089619756415
                   085.6456841381249
                   084.4004363892696
                   082.7164459974135
                   080.3571643154642
                   076.7805847236114
                   070.9395446839062
                   060.1088306824573
                   036.7471959732151
                   05.06988883390901
                   0104.261848868963
                   0104.14066406138
                   0103.893773770103
                   0103.506685931271
                   0102.961407673023
                   0102.215705767885
                   0101.276431568826
                   0100.048902405404
                   098.4591979892954
                   096.3116614079808
                   093.3061007242958
                   088.7643467127222
                   081.3932494878814
                   067.8611689107613
                   039.681076511834
                   06.3541075704082
                   0122.264047625313
                   0122.109254644344
                   0121.793754530777
                   0121.299040297133
                   0120.601292546992
                   0119.644369789726
                   0118.44874994405
                   0116.886034931231
                   0114.858808852146
                   0112.12282835254
                   0108.294123002868
                   0102.540070417571
                   093.2586179165895
                   076.3983326891199
                   042.6816601642649
                   07.95753383486915
                   0143.414506675643
                   0143.216915188164
                   0142.812952879322
                   0142.18078551243
                   0141.286771644408
                   0140.062398958767
                   0138.541931034679
                   0136.553894378793
                   0133.972419998178
                   0130.491956404314
                   0125.62292308054
                   0118.34535700841
                   0106.680407007981
                   085.7555568443345
                   045.7710087933478
                   09.94314891474011
                   0168.287941453421
                   0168.035775056125
                   0167.519472531931
                   0166.711675277292
                   0165.567202851486
                   0164.006578038593
                   0162.072848857792
                   0159.543483442421
                   0156.259506632633
                   0151.835474083302
                   0145.652597102308
                   0136.459751484739
                   0121.829230937086
                   095.9663398162466
                   049.0142359780985
                   012.4154002383237
                   0197.533232546688
                   0197.211213138654
                   0196.551057693502
                   0195.519114006788
                   0194.053224343576
                   0192.067187988135
                   0189.616441604376
                   0186.400518332461
                   0182.225811976168
                   0176.611512221866
                   0168.771213763236
                   0157.178771545119
                   0138.872989343616
                   0107.053762792749
                   052.5014741604656
                   015.4689497971129
                   0231.902833303741
                   0231.491702823868
                   0230.649570583395
                   0229.329956589578
                   0227.457890913263
                   0224.932564304601
                   0221.825791286366
                   0217.741114346613
                   0212.439940591189
                   0205.31686385404
                   0195.397916338058
                   0180.81163106724
                   0157.971320709425
                   0119.019414931267
                   056.3684074496065
                   019.2213775421463
                   0272.360281542227
                   0271.832988100118
                   0270.759668019088
                   0269.059261417268
                   0266.665241576549
                   0263.446113866665
                   0259.49943929866
                   0254.303326938606
                   0247.565511410996
                   0238.523669166743
                   0225.997235514771
                   0207.652046451576
                   0179.245142236968
                   0131.827692997134
                   060.7476987719408
                   023.7794219045531
                   0319.82804114898
                   0319.160609115404
                   0317.777643578068
                   0315.627873025793
                   0312.566761644746
                   0308.49523681648
                   0303.495345267567
                   0296.907155383358
                   0288.374437526516
                   0276.926289269768
                   0261.116978880878
                   0238.168832672268
                   0202.948816761603
                   0145.63184107678
                   066.0171076167855
                   029.4364624102082
                   0375.643341292407
                   0374.784984510387
                   0373.042993141554
                   0370.288390683612
                   0366.413607293246
                   0361.236230653642
                   0354.91362502511
                   0346.577931858466
                   0335.770198444139
                   0321.313942562561
                   0301.438308902342
                   0272.750987803152
                   0229.225143493951
                   0160.435442885147
                   072.4443580151344
                   036.3556389411339
                   0442.168517818734
                   0441.084908918173
                   0438.847017753158
                   0435.332108333067
                   0430.367373812842
                   0423.792247152609
                   0415.743733706137
                   0405.146091330177
                   0391.418916902815
                   0373.073150471992
                   0348.100896516403
                   0312.308929173025
                   0258.737503025092
                   0176.777652305101
                   080.7493909778
                   045.1481273726377
                   0519.995785810221
                   0518.617604285176
                   0515.793981723211
                   0511.315690828198
                   0504.985367343813
                   0496.629641788218
                   0486.453629439537
                   0473.00417496229
                   0455.640132249832
                   0432.456034989566
                   0401.192587007359
                   0356.657907778678
                   0291.029862348899
                   0194.230027736292
                   090.8129077907408
                   055.6228004140417
                   0611.327078811092
                   0609.546296795883
                   0605.952522058884
                   0600.264109230955
                   0592.242187090926
                   0581.688185869528
                   0568.738158366208
                   0551.736150978639
                   0529.811164367014
                   0500.62354492296
                   0461.519540010412
                   0406.311233652591
                   0326.340016282819
                   0213.0928820987
                   0103.046955469569
                   068.0993764980616
                   0718.506265207882
                   0716.266918532723
                   0711.655830413684
                   0704.428018122062
                   0694.306027196158
                   0680.939815319944
                   0664.578206343311
                   0643.073259324587
                   0615.433721916166
                   0578.771430884908
                   0530.044129539713
                   0461.846856647157
                   0364.981827554114
                   0233.789938377584
                   0117.939144930921
                   083.029487996272
                   0843.946432251509
                   0841.112810700154
                   0835.261287073427
                   0826.122264250936
                   0813.342025602769
                   0796.506061883912
                   0775.815701981483
                   0748.686129010878
                   0713.93481508922
                   0667.950787611602
                   0607.414102327568
                   0523.550271922279
                   0407.008212038065
                   0256.581267396666
                   0135.781338317694
                   0100.658260983162
                   0990.736917737264
                   0987.14863713846
                   0979.77724912121
                   0968.187270310049
                   0952.025121241003
                   0930.831019051415
                   0904.766407951722
                   0870.61838742698
                   0826.99991935354
                   0769.555235012549
                   0694.623958216851
                   0591.932827034332
                   0452.64381301967
                   0282.019629323628
                   0157.009784641738
                   0121.417156277817
                   01163.60648397741
                   01159.02370498251
                   01149.70340887332
                   01134.96017287872
                   01114.61451720782
                   01087.87810528716
                   01055.00650450875
                   01012.05716505479
                   0957.282472029571
                   0885.660071058963
                   0793.18911640845
                   0667.970292183433
                   0502.773387282513
                   0311.337764423709
                   0182.469786450804
                   0146.213591395047
                   01367.36277948854
                   01361.5412529687
                   01349.69561131105
                   01331.05731392202
                   01305.34158380063
                   01271.58268232058
                   01230.13187587243
                   01176.13387879908
                   01107.39446058249
                   01018.24070475637
                   0904.520628256005
                   0752.568137555734
                   0558.01899471806
                   0345.635514651242
                   0212.921021510935
                   0175.822776301258
                   01603.20833749227
                   01595.82472094636
                   01580.82733338282
                   01557.39638249299
                   01525.02021238151
                   01482.69567225725
                   01430.69446440448
                   01363.05805288692
                   01277.24928449622
                   01166.91176641152
                   01027.6941372433
                   0844.608565603222
                   0617.462869869192
                   0384.459876963023
                   0247.694446126669
                   0209.6307759663
                   01876.3415450166
                   01867.11427495695
                   01848.20429260885
                   01818.83727959783
                   01778.33696253965
                   01725.34193903254
                   01660.39732337424
                   01576.06382906749
                   01469.52047832577
                   01333.60301924957
                   01164.03103791105
                   0944.809501023557
                   0682.130550513517
                   0428.805746814439
                   0263.792790059023
                   0248.147882508387
                   02191.88452608665
                   02180.34976947435
                   02156.72576135747
                   02119.97235437384
                   02069.53991812464
                   02003.61328044707
                   01922.80047369161
                   01817.89362018225
                   01686.07620941951
                   01519.33496402841
                   01313.84627620141
                   01053.5142584815
                   0752.448966606861
                   0479.485701025658
                   0310.306617490601
                   0291.651999197107
                   02565.03541707274
                   02550.60229556467
                   02520.93683408309
                   02474.94930407035
                   02411.77902484407
                   02329.12218532557
                   02228.34914581365
                   02097.81918440963
                   01934.83799355798
                   01730.72516340242
                   01482.52419346613
                   01174.25828610835
                   0832.299892311444
                   0540.095856034242
                   0365.376729660361
                   0343.466106913723
                   02990.99919185509
                   02972.90647606972
                   02935.99252960114
                   02878.84266498472
                   02800.25974954613
                   02697.7581176203
                   02573.03381631905
                   02411.91938033832
                   02211.46252739339
                   01963.3718013688
                   01665.96318654235
                   01304.57216765656
                   0919.328177660984
                   0608.346960070504
                   0426.955758619312
                   0400.901774430158
                   03476.99028690173
                   03454.55473272538
                   03408.89213217975
                   03338.21669978498
                   03241.29164275969
                   03114.59346203751
                   02961.09926152351
                   02763.08896733705
                   02518.49601538971
                   02218.51545464679
                   01864.98865044586
                   01444.76318679137
                   01014.60388066638
                   0684.927168314632
                   0495.641254364201
                   0465.076029918544
                   04045.08854535277
                   04017.18625411526
                   03960.55369599521
                   03872.88653261908
                   03753.12794895554
                   03596.57344734353
                   03407.38223751741
                   03164.64587332853
                   02866.75249462422
                   02505.7091759034
                   02087.12468033737
                   01601.60877804769
                   01124.8119628607
                   0774.876914492439
                   0575.78017505907
                   0540.300660396549
                   04686.42554337782
                   04652.11294209151
                   04582.46472140655
                   04474.79984714116
                   04327.79847414951
                   04135.59892027503
                   03904.33131280431
                   03608.8645915924
                   03248.81074762663
                   02817.47372765875
                   02325.85289420345
                   01769.97624715166
                   01245.45250359789
                   0874.189273337031
                   0663.700602014968
                   0622.806563001441
                   05422.15901712952
                   05380.00294827923
                   05294.4981340304
                   05162.46032296296
                   04982.2499994005
                   04747.5159862514
                   04465.37589894583
                   04107.25229711591
                   03674.29796531587
                   03161.80928060511
                   02587.99746016445
                   01956.2947187449
                   01382.40035318813
                   0986.948100883435
                   0763.538255253151
                   0716.10718263041
                   06253.76510264141
                   06202.29731621369
                   06098.08867476931
                   05936.82457299587
                   05717.22239814879
                   05431.6927942417
                   05090.08731473484
                   04658.42736063032
                   04140.798081053
                   03535.78315209682
                   02871.69776516411
                   02159.12485471602
                   01534.6615509148
                   01111.5239793738
                   0873.521264589725
                   0818.365978973127
                   07196.48757371905
                   07133.84168575992
                   07007.11017567823
                   06810.95201359628
                   06544.46593576676
                   06198.70431487264
                   05786.58387554632
                   05269.41801595797
                   04653.96470727443
                   03944.56976317476
                   03180.5447990362
                   02382.51148917763
                   01705.25364551955
                   01249.76127458607
                   0995.843970288003
                   0931.439291892651
                   08251.38564273606
                   08175.86995263902
                   08022.27668884598
                   07785.45340502463
                   07463.59973933574
                   07047.61014117969
                   06553.57036323106
                   05937.74229971935
                   05211.89411241489
                   04385.81541639287
                   03512.77031186439
                   02625.3377415812
                   01892.5063308222
                   01400.78319705815
                   01129.0587752045
                   01055.73779280882
                   09444.0704337722
                   09352.78052034687
                   09167.24768513414
                   08881.79595856837
                   08494.91340110067
                   07996.3432329827
                   07406.94799433926
                   06677.64092946979
                   05825.32705101607
                   04869.09531113756
                   03877.97337486889
                   02895.38606679974
                   02102.6441710656
                   01458.65026819967
                   01277.55520691722
                   01195.38124423276
                   010770.8979424109
                   010661.4115384448
                   010439.0253345437
                   010097.0389140566
                   09634.67917133052
                   09040.80039291019
                   08341.57589597481
                   07483.36658642812
                   06489.21463514189
                   05390.7949424384
                   04273.27657198597
                   03190.32675745474
                   02332.84620625222
                   01643.21157541292
                   01438.60328938955
                   01348.03210054023
                   012245.6020891803
                   012115.0024423222
                   011850.4548075753
                   011442.2765625945
                   010892.4145353183
                   010188.9542660733
                   09365.23084291194
                   08360.5190387298
                   07208.46992581089
                   05954.93865988518
                   04702.9932145957
                   03513.06874791066
                   02586.13981258819
                   01846.43848301035
                   01616.62040072416
                   01511.87617660786
                   013875.7885524755
                   013720.8432187301
                   013407.2395759201
                   012924.2722249506
                   012273.1397020748
                   011444.7951988306
                   010478.8879507258
                   09310.07701339044
                   07984.19359113018
                   06561.65203778647
                   05167.26918968255
                   03863.83541433456
                   02861.4260842245
                   02066.32747023361
                   01808.58899881209
                   01689.40504513506
                   015665.0090497192
                   015482.123880466
                   015111.965865189
                   014543.1606392616
                   013778.1867396438
                   012808.4620668023
                   011683.2076811693
                   010333.8177412282
                   08816.57919471676
                   07212.27182905028
                   05668.07887650067
                   04245.57180954929
                   03160.13125827716
                   02305.62886283172
                   02017.92592078608
                   01883.30584804732
                   017627.2869837947
                   017412.813028053
                   016979.3372380712
                   016312.7328710627
                   015418.4036338927
                   014289.6747568123
                   012985.6150374433
                   011435.9643345385
                   09710.88267896319
                   07910.60627874639
                   06207.80765926217
                   04659.55884548779
                   03481.08397555148
                   02563.86391024958
                   02244.47338709429
                   02093.76432268257
                   019769.4702377107
                   019519.5713510449
                   019013.2716243132
                   018236.5398970391
                   017198.2004716803
                   015891.0703068413
                   014388.497359
                   012618.6967264374
                   010669.5559238128
                   08659.68235494343
                   06787.7894950783
                   05107.84403652216
                   03824.33280889469
                   02843.23251979468
                   02487.7561516603
                   02320.53787924426
                   022084.0100602285
                   021793.8515910971
                   021206.6244965932
                   020307.2688789952
                   019108.5523540016
                   017604.3068955352
                   015883.7619087449
                   013874.9516720045
                   011685.7155253167
                   09454.73348611893
                   07405.38388351823
                   05584.71803826253
                   04185.52398713589
                   03139.76363786763
                   02745.83461922439
                   02560.97158568581
                   024581.2033221181
                   024246.579037923
                   023568.9504728944
                   022533.2506304013
                   021156.4698215519
                   019436.9082449992
                   017477.9612547881
                   015209.8685472504
                   012763.5223171271
                   010299.7152700728
                   08062.20632772185
                   06091.72445229592
                   04565.60983757717
                   03454.62403987621
                   03019.43894899173
                   02815.98341793957
                   027258.4713404397
                   026874.3456255211
                   026097.69857257
                   024911.8613037258
                   023339.8877413647
                   021383.5424782888
                   019168.0367434533
                   016621.6845910091
                   013900.8215033398
                   011193.278017852
                   08758.685649981
                   06622.8863082108
                   04749.87400553198
                   03784.1073275919
                   03307.92407389512
                   03085.44306228269
                   030107.762662538
                   029669.6438834903
                   028784.3053883099
                   027434.4123333389
                   025649.9214294608
                   023439.2169989427
                   020945.1397732775
                   018104.273994066
                   015091.3191247043
                   012131.2329498188
                   09486.57163155696
                   07172.53756030462
                   05031.09564448689
                   04121.51000607983
                   03607.47694145907
                   03365.83661803482
                   033212.0845388421
                   032711.7837847624
                   031703.5499806017
                   030165.5646136223
                   028136.1518105158
                   025632.7665582784
                   022838.2317559851
                   019663.8027961086
                   016333.1279249278
                   013090.8884866926
                   010220.332039427
                   07708.57115376011
                   05415.62053348085
                   04432.29088582697
                   03876.56809785658
                   03615.98721158931
                   036345.8752791566
                   035784.2174255882
                   034638.5849533917
                   032913.0642112229
                   030643.7528855241
                   027852.7663176887
                   024730.3837458347
                   021229.5626471935
                   017586.332523533
                   014074.7574479804
                   010969.5928206715
                   08268.21399561692
                   05839.31990089504
                   04781.82032048597
                   04175.36195953357
                   03897.7057812025
                   039641.5238065939
                   039013.8864441892
                   037742.0419957629
                   035817.8712535973
                   033280.0393311889
                   030181.4005083194
                   026722.172981799
                   022875.1995974369
                   018907.8568038424
                   015104.0719777009
                   011758.3413275911
                   08855.75698775742
                   06282.12939185975
                   05148.14379992984
                   04492.78501584741
                   04197.47216063611
                   043096.3160625473
                   042385.8000521919
                   040979.0460649132
                   038820.2699696642
                   036016.319231558
                   032594.1418130861
                   028781.3363966124
                   024576.4511069275
                   020273.3373924944
                   016170.567588125
                   012575.8324481219
                   09461.78003635352
                   06750.89798303008
                   05527.24641010107
                   04821.46796795775
                   04503.23420267555
                   046669.675354342
                   045890.5793330419
                   044317.7362581669
                   041934.820389194
                   038837.8229527864
                   035082.8878626559
                   030907.8694411202
                   026337.3847876212
                   021682.0813718842
                   017272.6741916869
                   013422.5578438143
                   010095.9098432084
                   07232.98694041607
                   05923.65727067987
                   05158.37629847241
                   04820.10132295121
                   050356.3258210247
                   049497.0327742506
                   047759.0258231388
                   045140.5500278053
                   041735.2336528186
                   037621.6473358745
                   033055.6992843786
                   028132.9859005131
                   023124.2912960584
                   018409.5538805429
                   014287.8122018829
                   010729.1264948528
                   07724.39432377598
                   06324.77901238624
                   05503.60815479075
                   05140.72007801095
                   054151.6544252308
                   053207.7853014634
                   051299.3181502588
                   048449.615935526
                   044737.8783423788
                   040265.6468990038
                   035310.0642904169
                   029940.5346885867
                   024587.4992614384
                   019518.1340253208
                   015140.7305737097
                   011331.0257621112
                   08211.02392379319
                   06726.0739331327
                   05852.01899914382
                   05462.91242566261
                   058022.3383982184
                   057002.1093084176
                   054914.8170883691
                   051801.3146502417
                   047765.7980018915
                   042921.5241647032
                   037574.1420042304
                   031822.3029002607
                   026036.4461845735
                   020660.7717926934
                   016011.7872935588
                   011373.3665327136
                   08703.33135761312
                   07126.54904423911
                   06198.03466847562
                   05785.37970839719
                   061972.6675479152
                   060856.4441568769
                   058593.7069104232
                   055216.5073759589
                   050850.6793253155
                   045630.7404882606
                   039917.3113302294
                   033710.9532955502
                   027504.2251995434
                   021776.956876886
                   016858.4840560502
                   011744.2351367375
                   09179.41601848903
                   07530.15542358392
                   06548.3344921773
                   06108.56775831749
                   065963.35691058
                   064745.8171650561
                   062301.9455307336
                   058657.552353816
                   053970.506178444
                   048392.6774423371
                   042233.8177249129
                   035605.1887061131
                   028998.5053167657
                   022934.1813257194
                   017687.6375681724
                   012345.5312510609
                   09655.15342680381
                   07934.09774613408
                   06899.86453709373
                   06431.26221049924
                   069961.2689898333
                   068650.1100983832
                   066023.9127645609
                   062134.9712945695
                   057117.6164577623
                   051116.813848937
                   044550.2436791721
                   037495.8322327265
                   030484.8445902649
                   024080.5172812729
                   018526.9609733321
                   012940.386378124
                   010121.5862975903
                   08330.68573328662
                   07247.66471553354
                   06752.73268406327
                   073980.8750705517
                   072573.4383602069
                   069785.9852366305
                   065619.1139728963
                   060239.6120588214
                   053847.1873020053
                   046863.720490367
                   039382.3113088397
                   031966.7314415117
                   025220.8633297491
                   019355.7198963014
                   013546.0933081509
                   010592.8576980694
                   08713.27858624927
                   07591.82467144782
                   07070.52914065828
                   078001.981391671
                   076492.4909114995
                   073529.5848734845
                   069073.9345958895
                   063345.8579836455
                   056557.4635433797
                   049159.912031309
                   041252.0147911374
                   033429.047784593
                   026340.0797621874
                   020168.0508032491
                   014140.8417139973
                   011062.8603995498
                   09090.29100144824
                   07926.66795511855
                   07380.01884344059
                   082002.214736443
                   080427.134929922
                   077244.0261295402
                   072513.1651990765
                   066439.05541441
                   059256.3175328424
                   051442.1099086468
                   043107.0059333962
                   034873.7236854044
                   027438.0714899458
                   020960.7767031656
                   014724.8882594513
                   011525.6737652189
                   09466.68280404871
                   08250.17413595247
                   07686.65986569849
                   085968.7301331292
                   084298.2481058375
                   080925.9047773518
                   075918.2194766636
                   069499.0142610545
                   061923.2065980382
                   053696.7116342804
                   044936.1996433771
                   036292.7185929731
                   028503.4440692756
                   021731.7388150632
                   015296.8237551161
                   011978.3165572607
                   09833.75768274282
                   08572.34134984264
                   07985.62705641086
                   089865.2512239636
                   088083.4812531058
                   084532.0327846734
                   079252.3579997174
                   072496.1515917974
                   064531.0780022168
                   055896.7107911935
                   046714.8636169308
                   037670.9044789385
                   029526.3418234392
                   022454.2933365975
                   015845.5134484648
                   012415.0002126793
                   010188.611281737
                   08885.17901888882
                   08272.11609908728
                   093741.5437633534
                   091827.7775827527
                   088093.1968795609
                   082546.2258650249
                   075453.7526176673
                   067106.7714298284
                   058069.5364200468
                   048470.7742054119
                   039020.0488732894
                   030519.7188728581
                   022704.373267105
                   016387.6328443869
                   012844.5018115206
                   010538.7536397822
                   09192.1585043338
                   08549.95312845672
                   097510.2997831612
                   095508.7754989587
                   091556.3104216853
                   085727.1104606438
                   078302.7928301712
                   069586.899422219
                   060167.9957286089
                   050177.1958432023
                   040282.1694584974
                   031459.1087493889
                   022286.9779857859
                   016902.3028994709
                   013262.0914784381
                   010875.7829525559
                   09480.70672760596
                   08820.19113805477
                   0101205.160764417
                   099152.5204275632
                   095038.6137180969
                   088952.3754963451
                   081194.5207769139
                   072092.4096029989
                   062266.9664749087
                   051845.3651973133
                   041472.5933096666
                   032317.4292404471
                   022744.7366031596
                   017338.8536649986
                   013628.2261451334
                   011175.7730414805
                   09747.42055153743
                   09077.59042112434
                   0104830.170637143
                   0102672.450327557
                   098378.6427112505
                   092032.2023008983
                   083955.0637476231
                   074486.377887196
                   064276.9598463805
                   053453.5316584234
                   042648.099999199
                   033159.2362612237
                   023315.6996246831
                   017787.3576449232
                   013998.9978789667
                   011478.5493100501
                   010011.4122715563
                   09320.13296962639
                   0108334.231412333
                   0106088.212760239
                   0101619.112091674
                   095020.865497596
                   086632.2972125659
                   076805.5149543871
                   066222.7936117585
                   055002.5813713996
                   043746.3817089027
                   033964.4574884015
                   023870.3225020806
                   018216.3882926769
                   014351.5297473693
                   011767.6434136037
                   010262.9087949339
                   09555.11343828388
                   0111727.684839075
                   0109394.447104151
                   0104756.85214797
                   097913.9124206543
                   089221.7441638266
                   079050.8507598898
                   068103.6554232426
                   056491.9040240947
                   044832.2221559379
                   034741.2745684218
                   024415.0474317629
                   018636.1967174014
                   014693.3471795892
                   012048.8649862374
                   010507.6842961858
                   09783.15579807976
                   0115008.01884463
                   0112591.006168595
                   0107789.348089779
                   0100709.498509585
                   091722.644310862
                   081215.1349955013
                   069912.341557016
                   057924.1828115747
                   045865.3077416874
                   035480.6860057985
                   024939.5005426947
                   019040.0404513242
                   015018.3809376149
                   012317.0210037954
                   010741.0558741609
                   010000.4906243268
                   0118161.533684967
                   0115663.497426971
                   0110703.164337755
                   0103393.809681663
                   094123.2200883126
                   083293.4656263958
                   071645.4807487888
                   059288.0401599047
                   046844.9247309731
                   036173.9011050148
                   025434.5537062364
                   019425.4017686553
                   015325.0513903736
                   012570.8612788118
                   010961.9551711448
                   010206.1837775111
                   0121220.485325944
                   0118643.138375631
                   0113528.204621399
                   0105996.544444521
                   096449.287068301
                   085304.4008384185
                   073320.7937120639
                   060604.6035208582
                   047777.7036546366
                   036819.9748426261
                   025910.7880718175
                   019796.3049539056
                   015617.8924631685
                   012813.76572353
                   011173.3606779761
                   010402.8203240713
                   0124155.510725084
                   0121502.369817581
                   0116238.367263004
                   0108491.748505262
                   098677.7171094763
                   087231.4936030801
                   074922.3642295367
                   061857.5757407967
                   048659.0047971451
                   037263.5809733405
                   026359.9579294948
                   020150.2308989066
                   015894.6745384685
                   013043.5154870366
                   011373.3768751241
                   010588.8337327867
                   0126989.154136368
                   0124262.518211398
                   0118854.224451199
                   0110900.085394236
                   0100828.35623215
                   089086.9406385942
                   076462.103913634
                   063058.0950650462
                   049493.5930457169
                   037274.9392212083
                   026788.1484513082
                   020486.4262536561
                   016157.9768313729
                   013262.0239217628
                   011563.4530852392
                   010765.6799687787
                   0129700.022669525
                   0126903.007739753
                   0121356.162902044
                   0113202.33812928
                   0102883.501291127
                   090858.4996253389
                   077931.4038826452
                   064199.4846627257
                   050272.5160903808
                   036681.8613597837
                   027186.9858463148
                   020804.7443156392
                   016407.6755975028
                   013468.4294103147
                   011743.1857366258
                   010932.9959576753
                   0132337.026957743
                   0129470.926492665
                   0123789.009287321
                   0115441.366699367
                   0104879.208623349
                   092581.3134585933
                   079355.3194581016
                   065303.3460245508
                   051009.8456119047
                   036310.0758519574
                   027559.5967349225
                   021113.0960615256
                   016647.7819643238
                   013667.0752065032
                   011915.9477198779
                   011093.6700697126
                   0134913.226763633
                   0131979.633962791
                   0126166.106353812
                   0117626.286801888
                   0106831.500208739
                   094262.9179088459
                   080745.6441524912
                   066377.0266141222
                   051712.0578974636
                   036546.5798038426
                   027913.397256365
                   021411.5642393034
                   016882.9176769213
                   013860.0290433771
                   012084.0467962329
                   011249.8317869819
                   0137507.335505867
                   0134505.985897397
                   0128560.439452779
                   0119830.935416578
                   0108798.824010025
                   095960.3859271447
                   082150.5276065184
                   067460.1570471504
                   052415.4440676183
                   036992.4844308737
                   028272.180462445
                   021715.6512106937
                   017120.8856682374
                   014056.2125873809
                   012254.7082925557
                   011408.559440447
                   0140297.142772826
                   0137225.176411102
                   0131139.111356664
                   0122208.11700887
                   0110923.463273144
                   097799.4532446097
                   083673.504952241
                   068640.3099924349
                   053194.6198709504
                   037524.6962640066
                   028683.2230664648
                   022055.5796852558
                   017387.1054558343
                   014275.2631066311
                   012444.9080730106
                   011585.659675513
                   0143679.594889039
                   0140523.332830674
                   0134272.761783232
                   0125102.837533047
                   0113519.770386265
                   0100052.880193817
                   085554.1321659194
                   070110.8409393788
                   054137.6171229726
                   038232.3311073003
                   029227.0221095483
                   022493.3172207907
                   017730.8987611848
                   014557.470755839
                   012690.5022178613
                   011814.0231659094
                   0147053.85043163
                   0143818.008832019
                   0137411.134378414
                   0128008.970136561
                   0116142.16239685
                   0102345.174099229
                   087491.4132350816
                   071660.6677803086
                   055169.1586959484
                   039036.1364375372
                   029842.890556849
                   022974.7884555794
                   018109.9860803415
                   014868.5883877357
                   012961.4611429277
                   012066.0036493507
                   0149109.56556075
                   0145827.419131866
                   0139328.386765914
                   0129797.134707658
                   0117754.662298646
                   0103762.929506719
                   088697.5876950785
                   072637.688685943
                   055878.6563710737
                   039557.5826817948
                   030241.7817034619
                   023284.0485662693
                   018353.3162651377
                   015068.4281871224
                   013135.3084527494
                   012227.8100618712
                   0151305.282747207
                   0147973.527627021
                   0141376.603420398
                   0131702.015190554
                   0119483.9187584
                   0105277.491924219
                   089986.0519024166
                   073682.1791740798
                   056635.5144883722
                   040114.8813204084
                   030667.5424839382
                   023613.9059975435
                   018613.3118905689
                   015281.6538372589
                   013321.111665132
                   012400.6915537377
                   0153685.71737743
                   0150299.726746589
                   0143597.243353697
                   0133767.414005077
                   0121354.555911991
                   0106924.145394673
                   091382.1303520928
                   074817.821002995
                   057455.3558200608
                   040719.4401793859
                   031129.5481113565
                   023970.8771681976
                   018894.6040710049
                   015512.337167508
                   013522.2913741339
                   012587.6749325194
                   0156243.880515115
                   0152800.417635835
                   0145984.199336983
                   0135987.570057218
                   0123364.987425617
                   0108689.891132355
                   092883.3570018238
                   076035.4904678628
                   058576.0612897052
                   041370.7378565401
                   031627.5595571742
                   024355.6534910357
                   019197.6123369163
                   015760.769591821
                   013738.638599499
                   012789.1365975164
                   0159020.252019416
                   0155514.371221895
                   0148574.053370368
                   0138389.786053955
                   0125540.038672205
                   0110601.775104503
                   094513.6739288277
                   077353.7214206448
                   059301.8526845739
                   042072.9828444545
                   032164.9089887119
                   024771.3404557874
                   019524.8201369651
                   016029.1167444997
                   013972.4554224247
                   013006.7479799935
                   0162021.425191228
                   0158447.774935313
                   0151373.781976715
                   0141000.083616533
                   0127897.062378951
                   0112672.79925232
                   096274.3947688408
                   078781.5931688598
                   060328.5845909928
                   042835.1312529511
                   032747.446893302
                   025221.4207650846
                   019879.1075530277
                   016319.6834955137
                   014225.621806163
                   013242.2319431473
                   0165261.243810068
                   0161614.558544581
                   0154395.790461389
                   0143811.343552687
                   0130445.938055011
                   0114908.840619684
                   098175.8525602958
                   080322.1169994863
                   061439.597797831
                   043656.9856410349
                   033376.5434935153
                   025707.0332742079
                   020260.9428907318
                   016633.2887653411
                   014498.6561278678
                   013496.2684589915
                   0168791.873737447
                   0165065.093255449
                   0157689.58842688
                   0146874.212201613
                   0133218.350654571
                   0117343.500260745
                   0100247.97463818
                   082000.9001856607
                   062649.138483492
                   044553.0734448124
                   034062.3061439474
                   026236.6015346153
                   020677.4048772204
                   016974.0774000656
                   014795.9093582396
                   013772.7471577381
                   0172626.384967783
                   0168813.412956655
                   0161266.767180519
                   0150202.535274919
                   0136231.904896419
                   0119990.023765623
                   0102498.770519524
                   083824.3959730388
                   063962.4167107726
                   045526.7715463082
                   034806.633977031
                   026810.9513932586
                   021129.1917039757
                   017345.0769650384
                   015118.9016830703
                   014073.3393616916
                   0176807.701545814
                   0172900.425168766
                   0165167.289499239
                   0153831.404572408
                   0139516.858179133
                   0122873.668064607
                   0104952.007217992
                   085810.6988628108
                   065391.4762440539
                   046587.1090195346
                   035617.8692951751
                   027437.0299509153
                   021621.7215934852
                   017748.982227107
                   015470.5024727886
                   014400.3481893155
                   0181350.752389904
                   0177341.345730204
                   0169406.782757227
                   0157775.316629655
                   0143086.031329351
                   0126008.525824395
                   0107616.472084916
                   087968.6627584051
                   066941.677438356
                   047739.8793861704
                   036498.2407244253
                   028116.4848191873
                   022155.7925556227
                   018186.619838871
                   015852.1601720895
                   014755.4456600047
                   0186309.27096169
                   0182187.973988177
                   0174032.141051236
                   0162077.43782193
                   0146980.804196005
                   0129434.227125583
                   0110524.090255336
                   090321.6080080557
                   068630.6533208547
                   048996.3008639313
                   037458.0605252198
                   028857.3276314401
                   022739.2523873005
                   018664.6254986354
                   016268.2666392596
                   015142.4980356772
                   0191709.520029545
                   0187466.239382253
                   0179070.675449351
                   0166763.307601192
                   0151222.347999752
                   0133159.413803822
                   0113690.373993177
                   092882.6699964328
                   070463.826060383
                   050361.529244828
                   038501.4442021684
                   029662.1257099
                   023372.0235992781
                   019183.49468593
                   016720.2594380044
                   015562.8921079672
                   0197619.24168495
                   0193242.877481061
                   0184584.401172087
                   0171890.656522518
                   0155864.502248714
                   0137236.180994122
                   0117155.312757847
                   095685.0420868541
                   072466.6412541054
                   051856.5965157785
                   039644.0185091909
                   030542.8721298097
                   024065.113874042
                   019751.3002666291
                   017215.0223719685
                   016023.1385749994
                   0204089.514427503
                   0199567.969277011
                   0190619.734125685
                   0177504.086305184
                   0160946.007403986
                   0141698.536092057
                   0120948.253183103
                   098751.4425568466
                   074653.0879970948
                   053491.4148065761
                   040894.46755995
                   031506.3422004826
                   024822.5598416413
                   020371.8856768784
                   017755.4428684741
                   016526.1318253064
                   0211173.037032689
                   0206490.564520397
                   0197225.81828413
                   0183650.39069563
                   0166508.198281299
                   0146581.431950762
                   0125097.166524198
                   0102104.118564202
                   077040.5046008759
                   055278.9257680282
                   042261.3696654066
                   032559.1881016161
                   025650.0915563738
                   021050.5120000644
                   018346.3705102242
                   017075.6389110402
                   0218956.138688376
                   0214098.268784625
                   0204486.62996259
                   0190402.400113525
                   0172619.108064325
                   0151947.282730413
                   0129653.553047833
                   0105784.798262246
                   079656.4717682296
                   057241.4852495896
                   043760.2107614559
                   033714.5723026486
                   026558.8008177241
                   021794.1363374578
                   018994.0981444985
                   017678.3296925416
                   0227496.99846446
                   0222445.465531757
                   0212451.836521906
                   0197804.091340552
                   0179316.767594956
                   0157828.916794517
                   0134647.057567544
                   0109815.61183425
                   082512.2776789639
                   059387.3195379022
                   045399.1908510869
                   034978.3063902028
                   027552.3453915885
                   022608.3814684049
                   019702.9952038913
                   018337.3344362819
                   0236914.358317561
                   0231649.650995735
                   0221234.264878129
                   0205976.344639702
                   0186708.295366833
                   0164316.106677166
                   0140154.691164297
                   0114262.697133343
                   085654.4190895683
                   061753.0844596449
                   047206.9866924523
                   036369.7585722686
                   028646.9389911188
                   023505.2994199071
                   020483.7911587488
                   019063.3734564302
                   0247300.274098353
                   0241799.777246116
                   0230920.32645724
                   0214982.766420425
                   0194856.609878736
                   0171467.40192577
                   0146230.587476653
                   0119157.397447097
                   089107.4186995983
                   064356.0472194136
                   049197.3568258219
                   037902.8919331848
                   029851.9029697341
                   024491.7181982168
                   021342.762152797
                   019862.2276815509
                   0258777.397968337
                   0253017.634854908
                   0241624.354314734
                   0224935.748341024
                   0203860.984729517
                   0179368.694618308
                   0152936.054961043
                   0124559.84882366
                   092909.7865997781
                   067229.3851005224
                   051392.290036217
                   039593.3694549889
                   031180.2029144973
                   025579.5125198058
                   022289.6971016768
                   020743.0459259488
                   0271472.970862154
                   0265425.242344262
                   0253463.715972204
                   0235943.467049642
                   0213816.213577606
                   0188104.777272395
                   0160346.971077676
                   0130528.60908907
                   097097.275970862
                   070402.7731268677
                   053816.3155444553
                   041459.9734140808
                   032646.6506878413
                   026779.5936452293
                   023334.6115672357
                   021714.6860729479
                   0285554.274922006
                   0279186.128284021
                   0266592.843545551
                   0248149.205212521
                   0224863.074159933
                   0197789.991754398
                   0168560.908612213
                   0137136.826830432
                   0101721.582827213
                   073911.7925977773
                   056496.9167418767
                   043523.4412964208
                   034267.681031942
                   028106.6230803105
                   024490.1265399133
                   022788.6166651868
                   0301193.284902308
                   0294469.44384992
                   0281173.669973808
                   0261703.239034933
                   0237121.666191095
                   0208540.472986182
                   0177674.691769837
                   0144464.280261481
                   0106833.75661926
                   077800.8213832459
                   059467.6258551203
                   045809.9725842628
                   036063.7028601882
                   029576.1962856354
                   025768.8167665247
                   023977.9705306973
                   0318618.23476512
                   0311496.431266358
                   0297418.708060746
                   0276803.386820059
                   0250777.007005708
                   0220511.130967341
                   0187821.76810844
                   0152613.734005067
                   0112505.092356807
                   082123.1477621764
                   062771.8373830668
                   048350.0449809177
                   038058.7079069906
                   031208.163900323
                   027189.8815133937
                   025298.4284641625
                   0338040.490120459
                   0330476.275239674
                   0315524.11693969
                   0293631.938224371
                   0265992.721655404
                   0233855.847023515
                   0199120.277804614
                   0161680.83354306
                   0118798.977303574
                   086931.117676329
                   066443.1741355357
                   051174.3970023826
                   040275.6406856144
                   033021.8799724893
                   028767.9364370869
                   026765.5147402854
                   0359793.553375202
                   0351732.514432551
                   0335798.830791207
                   0312474.816262405
                   0283026.859206309
                   0248785.497602178
                   0211760.074928711
                   0171811.890220495
                   0125814.686734305
                   092299.6059528755
                   070542.8356473255
                   054327.3424591273
                   042750.0930139567
                   035045.8262947031
                   030529.5166718045
                   028402.5797164308
                   0384182.108943908
                   0375562.648575685
                   0358528.569756661
                   0333595.95927764
                   0302116.697575982
                   0265512.268923695
                   0225913.957467367
                   0183142.823606612
                   0133641.552650044
                   098300.2742534104
                   075123.8895283287
                   057849.4699751412
                   045514.03925144
                   037306.096580608
                   032495.7608927326
                   030230.4478468066
                   0411619.581120448
                   0402358.768585782
                   0384085.016877137
                   0357341.249141329
                   0323574.728036856
                   0284307.758954626
                   0241810.611452797
                   0195852.667061155
                   0142402.847868838
                   0105029.213019067
                   080261.4531296639
                   061798.3999542694
                   048611.5534500516
                   039838.3680396721
                   034699.0038279565
                   032277.5877331233
                   0442531.36968456
                   0432571.73878508
                   0412883.22249688
                   0384094.354795452
                   0347746.937916178
                   0305475.090281101
                   0259700.415290278
                   0210138.780459981
                   0152228.446112064
                   0112590.205995291
                   086031.4707532882
                   066232.9257040581
                   052090.3837118712
                   042681.1346401014
                   037171.7356776549
                   034575.7120518408
                   0477459.581725488
                   0466696.926842448
                   0445434.187745907
                   0414316.57572959
                   0375045.529555708
                   0329371.678050132
                   0279886.806415916
                   0226241.237246507
                   0163276.347774179
                   0121105.245345446
                   092530.7396259838
                   071225.9836903605
                   056004.3604611054
                   045879.4197718586
                   039953.76255293
                   037160.4571549441
                   0517069.791040525
                   0505393.980194746
                   0482329.370012732
                   0448590.876300928
                   0405985.550965208
                   0356445.252297798
                   0302748.217783774
                   0244436.24484375
                   0175745.165948583
                   0130727.043746393
                   099872.2348271029
                   076864.8207043839
                   060423.8048099253
                   049489.457842699
                   043092.9649068125
                   040076.949438738
                   0562098.123103466
                   0549381.683032445
                   0524264.017014211
                   0487527.837842437
                   0441135.046090595
                   0387190.134490474
                   0328683.133908832
                   0265051.369454676
                   0189849.823448653
                   0141627.198923899
                   0108187.001865525
                   083250.1426146339
                   065428.2211083702
                   053575.9891692187
                   046646.132774409
                   043377.6650306679
                   0613320.30238633
                   0599416.606681794
                   0571959.582509075
                   0531806.0522973
                   0481107.85660613
                   0422128.162641613
                   0358134.287249542
                   0288417.331010064
                   0205823.291697976
                   0153980.119085604
                   0117611.232520412
                   090484.7927438349
                   071094.3061121882
                   058202.0898362687
                   050668.0943036435
                   047113.1863172121
                   0671888.669892529
                   0656624.096828657
                   0626482.552035682
                   0582412.463688644
                   0526771.111897219
                   0462029.081474212
                   0391738.487788513
                   0315032.167124126
                   0224005.037315759
                   0168056.172789102
                   0128344.022752218
                   098721.907583942
                   077546.3132678783
                   063467.6899372495
                   055244.7644527473
                   051363.716641976
                   0739056.24171055
                   0722228.007670936
                   0688998.753423333
                   0640423.192819272
                   0579094.556697386
                   0507728.823238714
                   0430189.328451446
                   0345420.196597052
                   0244763.518820388
                   0184132.308625065
                   0140600.094791652
                   0108128.796253008
                   084910.4139745511
                   069476.2117723294
                   060466.1391279797
                   056212.8511570263
                   0816259.272255893
                   0797627.083104242
                   0760838.93312901
                   0707070.724253377
                   0639185.191140994
                   0560195.672401122
                   0474282.453693576
                   0380195.054647466
                   0268517.076214036
                   0202533.152601958
                   0154630.632033786
                   0118893.085573853
                   093333.9473858495
                   076348.2205512316
                   066437.3065147924
                   061757.0139312108
                   0905364.04953719
                   0884642.082647353
                   0843730.989926774
                   0783949.122528024
                   0708473.568437972
                   0620646.4405889
                   0525034.646980475
                   0420124.222489592
                   0295847.080277382
                   0223678.304436998
                   0170744.652741576
                   0131255.667042228
                   0103008.561296144
                   084238.3469818615
                   073291.2642814333
                   068121.5097689631
                   01008334.10848108
                   0985187.625864004
                   0939494.566096739
                   0872739.046133143
                   0788461.310312379
                   0690382.117826532
                   0583517.618928943
                   0466024.8351936
                   0327200.654245538
                   0247988.527672851
                   0189279.271864683
                   0145470.662535895
                   0114129.302679119
                   093306.1771560547
                   081167.1985119039
                   075432.6150696561
                   01127777.33121731
                   01101804.06889572
                   01050504.22620581
                   0975632.617550358
                   0881109.210110352
                   0771099.483410049
                   0651118.988868788
                   0518941.13616984
                   0363421.446702152
                   0276034.7327801
                   0210655.415595177
                   0161866.967764796
                   0126953.435084355
                   0103761.756219466
                   090246.1726496086
                   083861.0280429323
                   01266264.46245102
                   01237000.32255316
                   01179240.10475697
                   01094874.62824978
                   0988418.518354809
                   0864519.846099628
                   0729259.64985958
                   0579942.213314656
                   0405208.558951484
                   0308373.996526393
                   0235311.866961358
                   0180779.746121752
                   0141742.752884296
                   0115815.765223599
                   0100712.897701671
                   093575.5511372469
                   01427830.60361904
                   01394707.3801479
                   01329341.96106855
                   01233913.89402184
                   01113436.43398966
                   0973251.804105297
                   0820080.622693484
                   0650613.392115901
                   0453789.489337691
                   0345842.924517484
                   0263886.273339947
                   0202692.783947049
                   0158876.98416924
                   0129778.269428732
                   0112836.304856312
                   0104827.28076602
                   01616509.46912852
                   01578856.41506932
                   01504552.9399998
                   01396109.50217446
                   01259204.57802394
                   01099903.49042741
                   0925674.080067113
                   0732508.550047853
                   0510189.184744942
                   0389262.702510303
                   0297005.081586932
                   0228096.023586739
                   0178741.134667367
                   0145963.944646612
                   0126886.031088887
                   0117867.446105036
                   01837015.11619299
                   01794030.5880984
                   01709217.72664177
                   01585473.15411335
                   01429304.45949684
                   01247490.58572989
                   01048489.27491835
                   0827422.722631588
                   0575539.003155511
                   0439571.901419075
                   0335393.299482555
                   0257542.251248962
                   0201761.467844662
                   0164719.472255469
                   0143165.259101164
                   0132974.918095866
                   02094693.33934653
                   02045432.63384998
                   01948251.45833178
                   01806511.34889
                   01627654.10163686
                   01419402.27263771
                   01191241.01422964
                   0937305.775750312
                   0651099.411154259
                   0497766.953839621
                   0379816.265557082
                   0291621.351434175
                   0228404.585859207
                   0186427.646228881
                   0162004.444588135
                   0150455.990656427
                   02396882.14939262
                   02340201.0513699
                   02228402.90742459
                   02065394.88120461
                   01859737.88303696
                   01620261.5796946
                   01357630.65616021
                   01064826.32530117
                   0738600.076875072
                   0565223.04354277
                   0431336.424187907
                   0331154.429556943
                   0259310.945176252
                   0211600.567875566
                   0183850.290075477
                   0170725.869866572
                   02751157.4581702
                   02685693.71104526
                   02556599.12578935
                   02368451.91975659
                   02131119.149409
                   01854794.58708762
                   01551330.36017496
                   01212542.00193654
                   0839662.173737109
                   0643218.506327107
                   0490934.780036625
                   0376896.036034633
                   0295069.064936586
                   0240728.417296709
                   0209124.68742894
                   0194173.943336453
                   03167039.99781289
                   03091063.5143846
                   02941466.19328169
                   02723535.0849108
                   02448691.53682367
                   02128684.70245953
                   01776874.78002201
                   01383597.26313022
                   0956275.277800148
                   0733315.740629965
                   0559836.529685096
                   0429789.606466467
                   0336419.011439424
                   0274404.105312989
                   0238343.344048459
                   0221281.383491816
                   03652007.75559304
                   03563831.14053792
                   03390031.36686319
                   03136886.72360976
                   02817851.3469717
                   02446381.52244327
                   02037552.41963753
                   01580064.50097968
                   01089655.60826867
                   0836475.931268642
                   0638778.307010484
                   0490409.315755371
                   0383812.609280538
                   0312995.278963801
                   0271824.860284719
                   0252337.625960752
                   04217151.6971169
                   04114470.23755123
                   03912110.52034183
                   03617527.69798132
                   03246381.72627539
                   02814240.4310937
                   02338131.35254184
                   01804980.84345645
                   01241531.99077869
                   0954102.270901186
                   0728875.047601006
                   0559616.615513745
                   0437910.086323009
                   0357046.027348636
                   0310035.221762711
                   0287777.419763176
                   04870282.11949379
                   04750580.07431555
                   04514734.35658243
                   04171726.02360108
                   03739416.48778144
                   03236231.73167415
                   02681294.75369958
                   02059560.4853576
                   01412318.84555526
                   01086587.59458472
                   0830444.419123348
                   0637671.258273114
                   0498924.184034171
                   0406720.020805413
                   0353116.283107101
                   0327732.436901632
                   05614615.37948837
                   05475177.65191555
                   05200500.21586192
                   04801282.98494533
                   04298294.70552037
                   03712849.07372393
                   03066523.96903327
                   02342492.3603638
                   01600614.35203414
                   01232941.39584113
                   0942784.040706495
                   0724021.119755971
                   0566428.871828326
                   0461665.309039543
                   0400760.523993847
                   0371909.323457563
                   05595065.6167132
                   05454665.11132441
                   05177975.99974842
                   04776505.38341468
                   04270344.66488483
                   03681102.44646358
                   03030226.23930653
                   02301490.5258652
                   01566668.14519861
                   01208148.92949275
                   0924343.14565029
                   0709989.147019479
                   0555408.419513601
                   0452610.264829681
                   0392849.119528246
                   0364527.15577148
                   05418726.12807175
                   05281292.25076852
                   05010605.69492442
                   04617830.87077236
                   04123433.55869766
                   03547582.46671697
                   02911008.73624219
                   02199139.37171274
                   01491544.19646144
                   01151387.17292242
                   0881378.821016203
                   0677103.697057282
                   0529658.656299612
                   0431569.073119705
                   0374543.352706248
                   0347510.868640614
                   05233420.47851116
                   05099333.803529
                   04835923.2883493
                   04452784.17207457
                   03970951.85670444
                   03410088.65324286
                   02789467.07973231
                   02096728.6539889
                   01417209.3884439
                   01094973.70888592
                   0838610.840070702
                   0644360.380505834
                   0504022.797410623
                   0410630.75863251
                   0356336.501000636
                   0330589.751393598
                   05036723.73572803
                   04906575.94044175
                   04650284.07311263
                   04278643.91560303
                   03811062.06277541
                   03266760.80157383
                   02664445.27208208
                   01992750.8594777
                   01342641.97304277
                   01038164.91740424
                   0795475.06478711
                   0611316.263323452
                   0478155.199035599
                   0389519.194836196
                   0337980.838860473
                   0313536.463895842
                   04829610.51504546
                   04703653.37210269
                   04456010.2198426
                   04096381.75996433
                   03644500.10938465
                   03118263.17331271
                   02535460.9951394
                   01887542.02363588
                   01268061.31103582
                   0981174.379411546
                   0752138.078377726
                   0578101.989412412
                   0452162.418663734
                   0368306.892161109
                   0319546.733474187
                   0296412.802043112
                   04611854.04247541
                   04493860.72951182
                   04252838.86936491
                   03905984.26704959
                   03470724.396854
                   02966403.02339922
                   02403260.72152878
                   01780796.47537305
                   01193215.73138662
                   0923836.837524508
                   0708476.937168875
                   0544624.471955943
                   0425962.670346802
                   0346934.393152334
                   0300979.274239017
                   0279168.820004134
                   04382409.93355906
                   04266448.91710853
                   04037326.01274674
                   03705947.44198216
                   03289175.97753581
                   02804139.1345983
                   02266779.89977516
                   01671907.37950861
                   01117653.45544268
                   0865837.498907084
                   0664259.966194945
                   0510699.254062459
                   0399418.149220194
                   0325287.288431313
                   0282174.700323424
                   0261709.696483625
                   04142511.12873721
                   04031534.98410792
                   03813481.06277152
                   03497749.61297725
                   03100695.35688254
                   02638562.58448486
                   02126622.22147323
                   01561307.6724083
                   01041639.66482547
                   0807389.369250724
                   0619646.749395711
                   0476466.15975723
                   0372631.394551408
                   0303444.2303781
                   0263205.863112475
                   0244101.52873474
                   03892445.12711277
                   03787066.66713801
                   03580562.5396019
                   03281658.44691959
                   02905547.36941586
                   02467745.9700669
                   01983195.83929843
                   01449079.03925598
                   0965215.503724834
                   0748536.191615771
                   0574675.976675312
                   0441938.983021821
                   0345619.245152707
                   0281422.92085955
                   0244086.169939113
                   0226354.944921194
                   03633116.32800567
                   03533818.57120487
                   03339385.93015296
                   03057991.66775608
                   02704222.03187053
                   02292291.27605691
                   01836363.21532031
                   01335525.90473028
                   0888525.751484862
                   0689396.89427893
                   0529448.292399795
                   0407207.764489926
                   0318446.074409747
                   0259277.111370742
                   0224860.038786339
                   0208512.058968791
                   03366678.71686461
                   03273089.78998018
                   03091176.17905916
                   02828418.64001523
                   02497781.05478756
                   02113041.62349215
                   01687372.85180029
                   01221157.87356063
                   0811880.497725258
                   0630219.585721093
                   0484153.806599798
                   0372413.660775228
                   0291227.497798381
                   0237096.123277434
                   0205607.806953893
                   0190647.619392686
                   03092377.41879266
                   03005993.23210695
                   02837584.25160894
                   02594041.37296933
                   02287659.64941757
                   01931110.00314108
                   01536873.33229204
                   01106625.48677997
                   0735643.603406551
                   0571295.210276157
                   0439019.386970472
                   0337730.470092934
                   0264097.156450291
                   0214990.817513148
                   0186424.62856165
                   0172849.839349506
                   02814992.21186828
                   02735447.42231174
                   02580658.9142238
                   02356890.25886828
                   02075483.91215435
                   01747917.70370847
                   01386052.88910333
                   0992781.58963395
                   0660322.313483797
                   0513018.790315175
                   0394351.252700904
                   0303399.185554968
                   0237243.407888591
                   0193114.846014202
                   0167443.233862776
                   0155240.903786591
                   02538911.40749328
                   02463754.68231378
                   02323064.84559071
                   02119327.59864508
                   01863119.20101105
                   01565146.51737338
                   01236301.19034688
                   0880699.457013043
                   0586509.558326559
                   0455863.982927734
                   0350513.161839094
                   0269701.049538476
                   0210884.788794467
                   0171646.234124038
                   0148817.079562144
                   0137963.871881004
                   02259720.43817823
                   02193870.70981342
                   02066798.1819883
                   01883714.1801051
                   01652931.10532916
                   01384577.15954337
                   01089047.35856654
                   0771380.117050803
                   0514813.937193121
                   0400298.710233915
                   0307875.661692943
                   0236916.323531869
                   0185244.776481905
                   0150765.443600587
                   0130704.256996474
                   0121164.566277901
                   01987842.68148244
                   01929597.65911833
                   01816682.25382812
                   01653163.32786932
                   01447742.00432336
                   01209076.16490203
                   0946566.043052473
                   0666636.067201994
                   0446230.276491571
                   0347110.270748114
                   0267040.591733333
                   0205514.500890369
                   0160686.253679766
                   0130768.121047267
                   0113359.563570724
                   0105080.274332478
                   01724908.72896511
                   01673827.25262744
                   01574594.8546386
                   01430419.3976558
                   01249736.08913465
                   01039994.79447802
                   0810019.840870823
                   0567235.451411969
                   0381164.783147744
                   0296611.678118891
                   0228255.288026315
                   0175680.865231373
                   0137356.840096595
                   0111774.972064242
                   096888.0714005592
                   089806.4597700112
                   01474676.40094314
                   01430044.71399137
                   01343611.71646269
                   01218629.67394654
                   01061835.74782808
                   0880047.357431197
                   0682013.444520264
                   0474738.991478185
                   0320500.38276889
                   0249502.614817293
                   0192053.121866842
                   0147834.491886092
                   0115581.554825646
                   094047.4028975158
                   081516.1822301121
                   075554.1294809095
                   01239955.01410951
                   01201921.39388447
                   01127683.9068301
                   01020683.87491074
                   0886394.564274095
                   0731172.574207356
                   0562469.126540355
                   0390192.463240815
                   0264810.288083181
                   0206226.416780422
                   0158785.954460112
                   0122238.851466315
                   095567.7519844257
                   077757.9418789908
                   067391.9393169932
                   062459.2486980177
                   01023175.30627768
                   0990844.23454259
                   0928272.662328402
                   0837992.686290091
                   0724927.518665484
                   0594622.38270091
                   0454114.548400229
                   0314111.432504859
                   0214377.647547939
                   0167015.549668713
                   0128630.549071311
                   099034.7560031668
                   077424.6812075026
                   062990.9620013075
                   054590.0342796275
                   050591.0452241051
                   0826980.498769489
                   0800293.073933856
                   0748181.487536585
                   0673266.732503242
                   0579683.545328381
                   0472325.206922998
                   0357879.062635056
                   0247338.791617929
                   0169744.603152103
                   0132293.383699922
                   0101916.59666616
                   078475.4564817497
                   061349.5275055363
                   049908.9811983149
                   043249.5620907273
                   040079.1766412807
                   0652506.872729353
                   0630541.871465563
                   0588095.404593208
                   0527135.58322782
                   0451171.933655849
                   0365057.176793594
                   0274069.443593886
                   0189728.525967116
                   0130883.209559671
                   0102045.210186367
                   078635.9966920404
                   060555.3278107396
                   047339.0392068838
                   038508.0019185871
                   033367.0213504061
                   030918.9081399603
                   0500776.151200407
                   0483330.738750367
                   0449335.307160907
                   0400682.850426577
                   0340536.743269408
                   0272773.373519598
                   0203233.907946717
                   0141311.585072561
                   097928.9436933715
                   076381.1380386321
                   058875.3204694514
                   045342.8244356733
                   035445.6564273328
                   028830.8747406746
                   024979.6496881329
                   023145.2096036615
                   0371779.124678856
                   0358005.22510746
                   0331486.181445435
                   0294031.572435706
                   0247370.451169681
                   0195994.446336534
                   0144962.137790077
                   0101499.019559028
                   070616.2267922701
                   055099.1669389181
                   042483.3651931091
                   032721.4018522262
                   025578.3189610413
                   020802.7891308347
                   018022.0883434181
                   016697.3654309011
                   0264647.746705447
                   0254285.565594173
                   0234192.758997458
                   0205854.12298409
                   0171510.063227572
                   0134142.402922541
                   098633.747794973
                   069675.4195657914
                   048640.3273522279
                   037966.6735036614
                   029281.6268847848
                   022555.1448100766
                   017630.3611356105
                   014337.3295295308
                   012419.5994541848
                   011505.5506916478
                   0177594.196441068
                   0169982.603657757
                   0155466.257888502
                   0135187.883563123
                   0111070.752055485
                   085740.6680584686
                   062839.3389709415
                   044833.6376580496
                   031394.4215476523
                   024514.6558527236
                   018912.2263778439
                   014568.7956086811
                   011387.2367305121
                   09259.06257459837
                   08019.44291934779
                   07428.6168952173
