              997338                 360
                 160
         5339499999.99999         5006048181.56798         4694834386.17908          4404375551.9889         4133287523.08679         3880278453.42319         3644142650.63143         3423754830.40722         3218064754.06581          3026092223.7223         2846922411.24519         2679701498.72381         2523632609.67446         2377972011.59593         2242025571.77804         2115145449.47348         1996727008.66999         1886205936.75086         1783055555.31303         1686784310.32767         1596933429.68293         1513074736.94594         1434808610.92584         1361762081.31434         1293587051.32867         1229958638.88707         1170573628.41199         1115149025.88302         1063420710.25388         1015142174.80693         970083352.447181         928029519.337887         888780271.653059          852148570.57075         817959850.956071         786051189.486468          756270528.25502         728475950.151918         702535002.571022         678324066.218666         655727766.016837         634638421.293436         614955532.639546         596585302.988383         579440190.633658         563438492.057314         548503952.578627         534565402.969263         521556420.302608         509415011.421182         498083317.513724         487507338.394137         477636675.168376         468424290.062966         459826282.270656         451801678.744993         444312238.946896         437322272.612741         430798469.675567         424709741.528891         419027072.876705         413723383.463642         408773399.026417         404153530.851552         399841763.365451         395817549.221131         392061711.381647         388556351.733625         385284765.795381          382231363.11319         379381592.966356         376721875.027037         374239534.644394         371922742.444663         369760457.959318         367742377.012693         365858882.618348         364100999.150164          362460349.56979         360929115.506614                359500000         359348101.265823         359196202.531646         359044303.797468         358892405.063291         358740506.329114         358588607.594937         358436708.860759         358284810.126582         358132911.392405         357981012.658228         357829113.924051         357677215.189873         357525316.455696         357373417.721519         357221518.987342         357069620.253165         356917721.518987          356765822.78481         356613924.050633         356462025.316456         356310126.582278         356158227.848101         356006329.113924         355854430.379747          355702531.64557         355550632.911392         355398734.177215         355246835.443038         355094936.708861         354943037.974684         354791139.240506         354639240.506329         354487341.772152         354335443.037975         354183544.303797          354031645.56962         353879746.835443         353727848.101266         353575949.367089         353424050.632911         353272151.898734         353120253.164557          352968354.43038         352816455.696203         352664556.962025         352512658.227848         352360759.493671         352208860.759494         352056962.025316         351905063.291139         351753164.556962         351601265.822785         351449367.088608          351297468.35443         351145569.620253         350993670.886076         350841772.151899         350689873.417722         350537974.683544         350386075.949367          350234177.21519         350082278.481013         349930379.746835         349778481.012658         349626582.278481         349474683.544304         349322784.810127         349170886.075949         349018987.341772         348867088.607595         348715189.873418         348563291.139241         348411392.405063         348259493.670886         348107594.936709         347955696.202532         347803797.468354         347651898.734177                347500000
                  17
                        0        0.196349540849363        0.392699081698725        0.589048622548088         0.78539816339745        0.981747704246813         1.17809724509618         1.37444678594554          1.5707963267949         1.76714586764426         1.96349540849363         2.15984494934299         2.35619449019235         2.55254403104171         2.74889357189108         2.94524311274044          3.1415926535898
                   2
                        0          6.2831853071796
         380.353525228461
         379.933275195632
         379.084083846713
         377.810274223422
          376.06758430374
         373.730292271832
         370.695737383013
          366.67175915443
         361.466608192517
         354.471719146045
         344.634295507121
         329.847610507599
         305.804306665118
         261.910638360267
         168.658645183984
         24.6823958481169
         445.700381196014
         445.191585365326
         444.162112292524
         442.569194724038
         440.349950726602
         437.363117892547
         433.473290020202
         428.327644929385
         421.789023947808
         412.817238320723
         400.339104003364
         381.634269262025
         351.360435708872
         296.430093392634
         183.620283267312
          28.493828697702
         521.935914978253
         521.296531319649
         519.998985757583
         517.984487117076
         515.157794693597
         511.337835031204
         506.359121713419
         499.917195760188
         491.551716573126
          480.22705266578
          464.35419582544
         440.672668613197
         402.580188768474
         334.353405271463
          198.94948745704
         33.3539907408353
         611.064895021884
         610.258216335035
          608.61500519916
         606.060445290886
         602.458205346762
         597.575751082293
         591.288562320709
         583.148928329401
         572.449987762738
         558.168073113059
         538.079919175291
         508.145453152948
         460.266858619171
         375.892778824248
          214.63904280593
         39.4858129274079
          715.47327579914
         714.455198859989
         712.370831769327
         709.117146463465
         704.521994470749
         698.312689392029
         690.459755340487
         680.073155346481
         666.573752341647
         648.334745466756
         622.987572221281
         585.210382394742
         525.345647789701
         421.389406518675
         230.816636716792
          47.229547492994
         837.800689097536
         836.508564258073
         833.860667690425
         829.714066104105
         823.886180829789
         816.127569144518
         806.127581065414
         792.873775523921
         775.893793953768
         752.881978073887
         720.812374496385
         673.261195702301
          598.54431967526
         470.959576701872
         247.638516218383
         56.8890313975853
         981.174398699457
         979.531361846255
         976.149387910117
         970.953899363433
         963.682886172833
         953.748004029719
         941.019495459963
         924.451231804417
         902.734802861101
          873.68075782421
         833.225984261185
         773.546183565687
         680.622062566536
         524.717058855935
         265.412190762526
         60.6208612896832
         1149.39320432378
         1147.35780763175
         1143.19124884485
         1136.62406742238
           1127.309493669
         1114.59805864808
         1098.55028459195
         1077.64327037644
         1050.26352192948
         1013.48067178558
         962.457325920902
         887.625377191078
         772.394795501942
         582.807662619757
         284.723011325564
         76.3877169465941
         1346.88128233406
         1344.28503968406
         1338.97047045303
         1330.58197116849
         1318.65180453239
         1302.50134541598
         1282.42545797284
         1255.72472081033
         1221.28849452543
         1174.80578419497
         1110.67954510485
         1017.06192433715
         874.570651322232
         645.175972712531
         306.284018682272
         95.8416401626975
          1578.4831026491
         1575.17116253249
         1568.36891555962
         1557.65834353789
          1542.5097592285
         1522.30619208904
         1496.69394885796
         1463.24788619305
           1419.535620431
         1361.01508333747
         1280.29736435801
         1163.63861568308
         988.126483651248
         712.216790607165
         331.186597036719
         119.723730706239
         1850.07684120158
         1845.84737714607
          1837.1467441817
         1823.69612105511
         1804.70838373287
         1778.96002143553
         1746.59703305699
         1704.26394144644
         1649.23290823833
         1575.27991945609
         1474.14491508688
         1329.16285369811
         1113.58752853541
         784.028180693681
         360.634065854278
         149.032068778698
         2168.55348648361
         2163.29272525949
         2152.44045544061
         2135.38682610418
          2111.0620421465
         2078.41241111648
         2037.87686720914
          1984.3983050469
          1914.9439990279
         1822.10259778053
         1695.43380650671
         1515.50024077087
         1251.79314626405
          861.03411006137
         396.079190387643
         184.637422522884
         2541.81696071698
         2535.08458508724
         2521.20226583053
         2499.33765793899
         2468.44924364158
         2427.68494571183
          2376.0708777661
          2308.7938571829
         2221.24988472986
         2104.79396371322
         1946.72160539622
         1724.03657251332
         1403.23582787948
         943.246189281792
         438.822737231501
         227.454332357032
         2978.74352127071
         2970.13891056355
         2952.37546201591
         2924.88514911196
         2886.19403828821
         2834.17285565395
         2769.71606633316
         2684.75708374777
          2574.6979641378
         2428.32836660134
         2231.69681298544
         1957.07001093517
         1568.73401275002
         1031.84863653611
         490.756635158915
          279.16278208245
         3489.45189914838
         3478.70893205853
         3456.61414642755
         3421.70679726062
          3372.3382914666
         3307.44470108455
          3225.8080952626
         3118.72064691586
         2980.78762389272
         2797.58561992036
         2553.53433194838
         2216.22634828404
         1748.65896364195
         1127.95761921404
         553.663530603737
         340.984354766385
         4087.11804323024
         4073.38417836942
         4045.03176939887
         4000.45453777797
          3939.0611652114
         3856.69779043722
         3754.73375106885
         3620.34161463488
         3446.59361176959
         3218.12281066587
          2916.4226160885
         2503.78226570326
          1943.5319979562
         1232.90906122602
         629.031297570155
         414.332833621202
         4794.66947928836
         4777.07639590534
         4741.67927616847
         4685.61455644617
         4606.98135403657
         4503.68756441049
         4374.46567396585
          4205.2552601224
         3986.99518178855
         3701.59637664285
         3329.07322740353
         2826.02589109387
         2159.27630186927
         1353.09720966692
          722.42018688318
         504.348945812482
         5616.07528268142
         5594.02426154323
         5548.74770800134
          5477.3274941277
         5379.13849108259
         5248.26755419581
         5085.89246214132
         4873.72694465908
         4601.14433772832
         4246.32775218427
         3788.31552327623
         3178.07143274138
         2390.49364664678
         1485.51118893515
         831.088005742881
         608.581172478144
         6569.28495145296
         6541.17525166962
         6484.67559035504
          6395.7245490839
         6271.21384632746
          6107.7420857298
           5904.372223759
         5637.99847001574
         5298.59033879674
         4859.22190201015
         4298.01019638005
         3562.39991572536
          2638.6836688707
         1633.74681992951
         957.157653526251
         729.070201356272
         7677.28744909179
         7642.21021903838
         7570.14109149853
          7458.1221561552
          7302.9915175933
          7098.0708556428
         6843.84458008439
          6511.1689473034
         6089.49777801315
         5547.13831201191
         4863.76160167329
         3981.23710298976
         2907.07728516423
         1802.49126271315
          1103.7260787574
         868.659806256291
         8957.48468414704
         8913.90067112096
         8824.33311893987
         8683.77507506536
         8490.15534361281
         8233.95544699864
         7917.30340860177
         7503.68859854773
         6982.31443643286
         6316.15487956506
         5486.84418934423
         4435.34102722034
         3196.90413299119
         1994.19552513658
         1271.93392826638
          1028.3378450258
         10438.1475371108
         10382.7694004582
         10270.3150257476
         10096.0679889525
         9854.00508730723
         9535.66172487089
         9141.88914436527
         8629.37987225189
         7986.27030082737
         7171.43359315094
         6171.01676349511
         4926.34331761245
         3511.12095758947
         2212.65060528348
         1464.34935977947
         1210.45392581652
         12154.6395783755
         12085.9375168351
           11945.20462495
         11727.5012624985
         11426.2195816853
         11030.4369066235
         10542.1200553016
         9909.04755078231
         9116.44760286137
         8125.04085093527
         6925.30423039919
         5461.23321652282
         3858.01755771715
         2466.34828004706
          1686.1690865625
         1420.91464110708
         14141.5953704597
         14056.4633880975
         13881.9174813743
         13610.1090234494
          13236.142286163
          12744.455164769
         12139.9979171134
          11359.998004347
         10388.5436668203
         9185.67378530102
         7753.74163239466
         6044.52577819782
         4243.52542592688
          2760.8915785465
         1941.49201540246
         1663.65839408411
         16405.4092342373
         16299.6714033227
         16084.2194010263
         15747.4639485694
         15285.5041088169
         14678.8586779319
         13933.6214505783
         12976.0544257275
         11792.6696450343
         10345.3542396287
         8647.37218048499
         6668.75448860287
         4663.10648142055
         3089.97715690194
         2221.98664476468
         1933.15132904987
         18985.2300778601
         18853.0353423341
         18586.9475786064
         18171.9241668116
         17603.3444323007
         16858.6901549462
         15944.7122438768
         14777.7084069019
         13343.2266554821
         11611.7416836766
         9612.79236013371
         7339.98549446736
         5126.53607630742
         3458.50810384197
         2389.48492012442
         2231.35872022468
         21912.9099350409
          21750.594113919
         21424.4442952755
         20914.4190269303
         20217.5272252048
         19306.8736915304
         18193.1115788877
         16774.6583986343
         15047.7228430173
         12987.6371883624
         10651.5861598358
          8064.4532375622
          5638.4282850022
         3870.36331737437
         2744.83734169876
         2560.03370674901
         25276.4626670817
         25077.1728616385
         24676.8729347381
         24053.6747282972
         23199.7064725304
         22084.0566273553
         20728.3813371401
         19013.5756432113
         16942.4875255876
         14505.4483257243
         11790.5278974331
         8861.11608454635
         6219.90596151206
         4341.77945099718
         3150.31031989486
         2937.37097408323
         29054.8038802523
         28812.4426236839
         28323.6840557257
         27565.2391942342
         26524.1819643601
         25170.3521116749
         23532.5033988406
         21470.3720171189
         19003.6386292952
         16139.8478369983
         13012.0716984497
         9724.86160771042
         6861.72818863365
         4861.31886176222
         3595.84368491343
         3348.83229223069
         33278.2826114474
         32986.8416181513
         32391.8863279334
         31473.0808385898
         30213.0235111485
         28578.5831068969
         26609.8639579149
         24148.2103339208
         21231.5215183916
         17891.4154285104
          14319.540128109
         10658.2500175594
         7567.02758719502
         5429.80205153599
         4083.30860647257
         3799.12025816614
         38057.5681876904
         37703.9209095171
         36982.1334366295
         35869.0079384548
         34353.9289505282
         32385.6158550683
         30027.6549344283
         27103.5428852923
         23674.5439094311
         19803.1855658479
         15747.7188605869
         11694.9783486764
         8364.74586594957
         6067.91644076308
          4629.7074429246
         4306.83490989753
         43358.8369027412
         42930.4571550882
          42065.429690645
         40728.3691390216
         38906.1851793671
         36554.3636046124
         33751.4237034273
         30303.0608803436
         26298.5086851477
          21844.831510152
         17276.9014879303
         12820.0584276475
          9235.0335409987
         6761.21440832493
          5221.6084524234
         4855.54303956282
         49251.9628860187
         48741.9705493978
         47702.1630430909
         46102.4774904985
          43931.214021934
         41137.4602801081
         37819.4530750414
         33772.5083667268
         29132.8276144581
         24043.8601144613
         18930.1141418831
         14056.0149074644
         10194.6988205535
         7518.64287272285
         5870.60146879055
         5455.53336714706
         55742.2386900024
         55131.5121957543
          53896.442810576
         51992.3108803153
         49416.2723556752
         46113.5707580314
         42216.2933436224
         37505.8433076867
         32158.4234433719
         26388.6264190666
         20706.3157473803
         15395.5983216334
         11235.6716162183
          8332.1397875715
         6567.65052915917
         6095.92578480139
         62855.8923713061
          62136.844704713
         60670.6940051596
           58420.79942248
         55381.9222031912
         51504.8779874198
         46950.9745646333
         41506.1427467756
         35390.8818817531
         28891.5610933195
         22610.1858583813
         16846.5993754967
         12360.1144826842
         9200.52953568975
         7315.95449409846
          6782.6175452837
         70607.4571336549
         69753.9873346333
         68027.9920607925
         65384.5107473867
         61821.5720077116
         57301.6963243266
         52021.1092120691
         45762.1099960098
         38824.2572818895
         31550.7083756812
         24644.7447000353
         18408.8134521091
         13562.3996567539
          10083.134516619
         8109.99158560752
         7517.37409503679
         79045.7763664205
         78040.3715292016
         76019.5983536048
         72925.4366420418
         68773.9863285545
         63532.9847631481
         57448.1763331776
         50309.3832143406
         42475.3075655605
         34387.8896597248
         26832.8064295355
         20090.0324473375
          14844.289460675
         10394.8400408319
         8949.43272977894
         8301.80478630487
         88109.4881533022
         86947.0187691605
         84587.4242767392
         80992.6069806475
         76185.9020169486
          70154.064152225
         63186.1414338878
          55098.023363965
         46319.2706073217
         37383.7770349408
         29154.4880584577
         21870.2520821851
         16189.5188573995
         11417.2410267363
         9820.54072411346
         9121.29089789921
         97846.2760484708
         96501.2306294003
         93776.6106200363
         89618.3702941133
         84088.1438819382
         77179.1004202775
         69265.2528259806
         60148.2201381434
         50364.1780776923
         40553.4266284661
         31626.4965484274
         23753.7053337463
         17608.3015473597
         12490.8439845058
         10743.2818789887
          9960.6630064722
         108161.412687352
         106608.656760474
          103477.45440043
         98706.4558481768
         92389.2121802591
         84544.9455188991
         75600.2505511882
          65408.054620822
         54580.0758766573
         43858.0582852008
         34205.8415777284
         25709.8459055725
         19068.9521949679
          13593.181650038
         11690.9728841063
         10826.6754811627
         119102.505927783
         117330.091920864
         113754.027228606
         108329.654746938
         101142.095896686
         92282.1716508401
         82243.2045976655
          70909.633432284
         58995.7381589822
         47324.8849339119
         36911.5136305038
         27758.5717004418
         20580.1640834033
         14740.5804624878
         12675.5021129475
         11722.9913666933
         130545.139987347
         128532.680526207
         124472.815848923
         118328.096306877
         110224.277930143
         100285.154322993
         89102.0058258262
         76578.6027558917
         63551.6777927286
         50901.2617821827
         39708.2372068015
         29858.5505541433
         22105.8793228904
         15909.7222210325
         13673.6978006786
         12639.3280018857
         142518.801224381
           140248.2419146
          135673.74780278
         128762.706482366
         119689.505438488
          108595.19081668
         96199.7770752871
         82453.7912009948
         68269.0286385945
         54617.8478012136
         42590.2920852069
         32020.1492424542
         23628.7473637904
          17098.554510012
         14680.6930029287
         13568.0029385464
         154864.668575346
         152314.192305504
         147192.460544542
         139467.419621335
         129369.173126656
          117089.60848689
         103441.693684339
         88427.8853370161
         73086.0952072103
          58410.783469324
         45520.1909472365
         34195.0853212281
         25127.0863103235
          18288.107089195
         15688.4769456267
         14492.3203046845
         167576.979156928
         164740.545067697
         159025.148721298
         150452.690608849
         139285.747648941
         125762.781140972
         110827.482384857
          94524.582188389
         77988.5090498944
         62271.3078559251
         48484.6828274642
         36364.7994360791
         26413.8871352811
         19467.1365835519
         16685.6781096863
         15412.8260776511
         180541.130393826
         177394.340825992
         171082.043231896
         161628.741664585
         149349.940148533
         134560.598039356
         118318.481440403
          100706.38183928
          82955.628986952
         66177.5175689443
         51459.8567980507
          38485.638304841
         25868.6636595489
         20590.5604499302
         17661.7720504137
         16318.2650149969
         193563.298537106
         190096.737466717
         183165.381389409
         172792.343459613
         159377.182923019
         143298.025051346
         125721.209754936
         106808.840279584
         87842.2870678384
         70009.5219634256
         54321.3146516445
         40452.0335554642
         27102.4229333968
         21574.5634202477
         18536.0360620131
          17129.606804618
         206459.578746921
         202673.200809389
         195115.567121239
         183819.775586477
          169272.15254054
         151909.657446436
         132995.655877422
         112785.911342893
          92624.939036027
         73726.5096003061
         57052.7215965616
         42311.2252216419
         28275.5201025063
         22505.4846035313
         19319.4398205752
         17863.0355850745
         219558.208332866
         215449.031610043
         207234.655716572
         195017.528144075
         179304.074798119
         160652.900952503
         140402.182270275
         118887.157133951
         97545.4533432587
         77546.7497981786
          59868.112890047
         44214.8152065976
         29534.2200375227
         23527.3966307852
         20168.7208501047
         18665.6203080546
          232565.26672428
         228129.002323726
         219266.540897961
          206094.57274609
         189230.429520463
          169283.20846492
         147723.309408591
          124924.74413149
         102397.005111089
         81293.0706840983
          62608.003133678
         46022.1680531309
         30758.0088366015
         24508.8622691333
         20985.0280358195
         19433.7356107913
         245439.678556912
         240661.392455039
         231150.257948557
         217042.105073362
         199033.661398876
         177803.492043485
         154938.507969029
         130883.794179608
         107172.431507463
         84962.4250859765
         65269.7095657178
         47719.7942388004
         31930.9508307069
         25444.6894531755
         21760.7846482591
         20159.2649180042
         258052.167634351
         252948.345685628
         242784.887032688
         227766.426788211
         208620.659650768
         186144.708951905
         161997.909661858
         136708.481430305
         111829.535359036
         88506.0162691332
         67795.9226042283
          49275.966155275
         33026.2798299729
         26320.4153551406
         22494.3339323508
         20834.4889549208
         270341.612897003
         264915.821839772
         254117.379578302
         238179.680085911
         217929.355560548
          194227.19473527
         168853.317509481
         142346.993664008
         116317.888015334
         91885.5079207896
         70183.7198487988
         50574.1068513356
         34054.7297302872
         27122.6712823863
          23179.228969163
         21459.4676942012
         282257.418305626
         276489.287687097
         265076.886728367
          248254.35025175
         226937.188319713
         202052.873743602
         175473.932376591
         147786.470911412
         120624.588887964
         95102.5135827356
         72404.8026488875
         49618.5149625349
         34973.4296670073
         27860.4473035303
         23808.6283183012
         22034.4211939196
         293666.429012884
         287607.131145161
         275570.712110472
         257905.798456968
         235545.040675179
         209519.630243128
          181804.07772033
         152983.767164065
         124707.690607364
         98136.2387157995
         74371.7877964897
          47752.615213982
         35734.2831258461
         28527.0316898005
         24380.1786665619
         22555.0803412477
         304567.347351565
         298207.913565028
         285589.299349182
          267103.69778023
         243754.787945252
         216644.484920572
         187816.725972037
         157916.220087567
         128581.207262071
         100995.438798124
         76083.8919620823
         48544.3117172952
         36362.4830951287
         29120.8861314522
         24891.7979456679
         23022.2932322525
          314866.25239304
         308221.539009693
         295077.057158227
         275778.027486361
         251493.825386878
         223350.600203239
          193471.06853751
         162537.256222798
         132193.925411869
         103636.242206536
         77626.6749362847
         49300.4266321773
         36940.5964104197
         29630.9311565506
         25346.3130699551
         23433.9022714014
         324507.414676249
         317591.136869419
         303927.377921026
         283900.444118695
         258720.996564871
         229609.076493059
         198740.650188998
         166831.281608158
         135526.930308022
         106029.922539398
         78965.3127712719
         49961.1038435988
          37467.929784287
         30059.3422533348
         25736.8285020118
         23789.5252183048
          333500.37340623
         326323.463969353
         312174.849399736
         291451.736551505
         265437.902692728
          235421.92854413
         203638.856020277
         170794.911106449
         138582.041737489
         108179.747060991
         80079.5261159629
         50514.9204689326
         37924.3772741254
         30411.4701973736
         26064.8711705895
         24089.8569827013
         341751.035236511
         334340.885728984
         319731.125996433
          298367.70033282
         271584.952029118
          240730.09012954
         208094.703125635
         174393.764456328
          141334.89558899
         110053.570718734
         80960.7788532097
         50950.2483703502
         38297.3669350008
         30702.7069330433
         26332.6258915199
         24336.2318477737
         349286.267637043
         341662.218145806
          326625.87740474
         304692.514951657
         277186.898858047
         245555.028887946
         212131.982103249
          177641.59896718
         143794.089996836
         111630.679507674
         81534.8748845006
         51274.0131140321
         38588.5633658872
         30928.1376149751
         26543.2541301025
         24528.9334010504
         356052.313545883
         348222.286435765
         332806.593544719
         310337.100675828
         282186.399010225
         249854.208549276
         215712.485884255
         180494.640070822
         145950.569783841
          112907.89259884
          81252.793344633
         51486.9489611079
         38790.1406917292
         31088.5406314087
         26695.5833217572
         24669.6072381905
         362054.033087972
         354033.408219581
         338270.339809201
         315323.491073467
         286598.553326275
          253630.41327687
           218845.6931601
          182977.08377655
         147782.011553789
         113879.319282077
         77151.5933675556
         51574.8100198098
         38912.1968994265
         31184.4909017651
         26792.7678458747
         24758.2906306869
         367246.219697628
         359072.734719872
         342997.646570612
          319620.37426429
          290384.34617846
         256871.351123543
         221514.538652491
         185078.407321988
          149250.13315993
         114501.909687844
         71819.0167706134
          51474.339924607
          38952.281821304
         31218.8862908701
         26832.6599938123
         24798.9232505138
         371684.795320213
         363377.608195122
         347034.866120205
         323287.553128391
         293607.112277336
         259606.474632413
         223745.453308698
          186784.47690387
         150400.677598279
         114800.362121925
         71252.5800323169
         51213.1766239203
         38909.1660951528
         31192.6700418285
         26821.8158796118
         24793.9311073607
         375338.053161657
         366914.376365535
         350340.639855804
         326274.629428153
         296206.492791103
         261795.053947003
          225510.65790995
         188111.399085524
         151226.099026216
         114920.176465514
         70764.6070716149
         50937.7161133559
         38797.5788931899
         31116.7633085505
         26763.8934038334
         24742.3612272985
         378225.055291604
         369690.400005692
         352929.395605006
         328596.486396466
         298217.453383283
          263462.49968113
          226822.89797382
         189047.115989588
         151736.506549067
         114818.760093353
          70223.597525806
         50609.5600492363
         38620.5255528181
         30988.1941085483
         26659.9968935459
         24650.4604160584
         380358.498026989
         371739.789182912
         354828.387791941
         330276.044639737
         299653.443614264
         264625.937080145
         227702.180123892
         189622.375173299
         151953.622304241
         114470.918220064
         69620.5494525812
         50226.7389578558
           38379.20392676
         30811.4578158801
          26514.878862069
         24518.7406491746
         381752.982890592
          373071.97802959
         356034.885544376
         331325.604028601
         300536.097748082
          265289.63536031
          228149.65250652
         189837.809780874
         151870.180080033
         113798.873719531
         68933.3257223276
         49794.6797534838
         38076.4485301124
         30590.4112664314
         26328.6365220526
         24350.9621396851
         382482.409259477
         373757.064877496
         356627.128477688
         331804.664226938
         300884.773940269
         265494.355014142
         228206.454928113
         189724.296735523
         151517.117153857
         112601.831209328
         68170.1684418062
         49308.7612497406
         37725.0220444127
         30325.7992890896
          26108.969632335
         24149.1643214118
         382523.419245936
         373759.631006202
         356582.368170518
         331693.621022203
         300696.315317647
         265231.802255569
         227852.792009735
         189272.738062726
         150880.254973467
         110149.208131316
         67328.8310508451
         48769.7735820964
         37321.9847362939
         30023.0080102206
         25852.4807890324
         23914.6330719809
         381940.320859528
         373160.769849612
         355962.886932686
         331044.468677048
         300031.284567594
         264546.784156951
         227142.420920356
         188516.767633183
         149977.657951604
         104861.183056649
         66400.9783354331
          48180.394345302
         36876.8325850268
         29682.4638542241
         25565.1976098569
         23650.4574281029
         380751.059510802
         371979.686165103
         354779.653901154
         329889.191171927
         298900.653563228
         263457.603301135
         226083.880153602
         187471.433281106
         148781.498066064
         95772.2425880698
         65367.4982493828
         47542.6408272009
         36397.1985301454
         29310.7707227511
         25249.7763051076
         23360.8073248561
         378988.344139486
         370232.246751028
         353065.650387065
         328229.955614477
         297319.127293349
         261967.636366016
         224682.042398099
         186132.110665415
         147270.178329596
         90256.0364044932
         64215.1812751481
         46857.1032445073
         35876.7507578005
         28905.9058016186
         24906.0883651841
         23044.0543938415
         376630.930816495
         367901.668427958
         350802.720492403
         326064.509464737
          295281.17642385
         260071.220578837
         222928.594372948
         184490.731344999
         145407.225372952
         88142.0775933738
         62974.3578046033
         46114.5380672308
         35316.8367079628
         28466.7399251636
         24531.2800313505
         22699.4560490546
         373578.953561099
         364901.950901274
         347893.142541437
         323297.907997758
         292690.085578318
         257688.476921442
         220748.672805872
         182482.757933769
         143088.383167608
         86235.0006574094
         61680.1395269604
         45308.7492247408
         34707.1940221684
         27984.1026174529
         24118.6831025969
         22318.6604400988
          369667.05996545
          361049.29169168
         344176.075646267
         319775.426998086
         289420.578803675
         254704.774646607
         218035.663511669
         179983.493289571
         140017.317715698
         84224.4465731586
         60302.6213327667
         44405.8778378271
         34022.1899592032
         27439.5110242807
          23651.568388264
         21887.2394512834
         364536.111260294
         356016.300849902
         339326.248612815
         315200.290840211
         285182.784550166
         250844.665109692
         214544.070840538
         176751.285609893
         136842.794332196
         82007.1506126694
         58762.8335610853
         43358.5214844641
         33222.8473266247
          26798.521495005
         23099.8157971264
         21377.0224341129
         357546.772694481
          349153.64777808
         332726.823010675
         308979.619103691
         279433.636100277
         245639.439041047
         209817.882368426
         172336.574733339
         129018.040923973
         79391.3041523921
         56924.9347615267
         42064.9954644656
         32230.4305651226
         25998.4742398599
         22408.8428210228
         20737.1380374425
         347642.520597108
         339443.318746256
         323393.816778827
         300198.169105986
         271323.758122711
         238272.364614574
         203137.138939719
         165999.188005589
         118770.714449299
         76082.8794148065
         54583.0855609556
         40372.6818896451
         30923.8047567141
         24936.1356486705
         21488.1402854101
         19881.5007888944
         343965.593694559
         335823.505291735
         319884.270844373
         296831.234976808
          268166.02249857
         235327.070758568
          200344.95449204
         163057.282326776
         113073.260455015
         74637.9277343106
         53556.2499799328
          39620.158095775
           30336.43850868
         24453.1049087531
         21066.7703165405
         19487.9057785513
         346013.969921035
         337818.645726852
         321770.047078172
         298580.976383264
         269706.625244785
         236611.697758372
         201357.424299708
         163686.668417635
         113021.909617945
         74913.4478613152
         53753.6707038536
         39767.8948322511
         30444.7322095654
         24538.5609102882
         21138.8393414798
         19553.5069346513
          348315.29706433
         340053.550267344
         323886.369815818
         300520.715735589
         271425.449261818
         238063.829023844
         202506.871249161
         164431.787916384
         112265.886517522
         75235.8035227461
         53986.5386514166
         39941.3873067328
         30573.8257196127
          24638.944739419
         21223.2624805617
         19630.6575384862
         350827.262410252
         342496.179755747
         326196.656805306
         302640.842583796
         273303.874587028
         239674.820889661
         203763.637686655
         165242.139841807
         111942.729250014
         75591.2062313639
         54246.6946542826
         40132.6742162622
         30715.6084390647
         24750.3679271622
         21316.7180987985
         19716.0538661944
         353558.767031483
         345155.285892294
         328709.701094554
         304942.645293521
         275344.189048051
         241404.290065812
         205149.024272473
         166114.990663914
         112059.399430432
         75986.4294777332
         54530.3423947501
         40341.7234556822
         30871.4109436158
         24870.9473168712
         21419.2335516408
         19809.3585559733
         356567.694050129
         348083.585668481
         331472.678888294
         307441.251212019
          277554.24313676
          243279.55393512
         206629.694071042
         167056.931225116
         111490.023599467
         76415.7189964123
         54839.2384702809
         40567.4612770337
         31039.6020046182
         25002.4015767526
         21530.3722850911
         19910.5506391433
         359779.371073819
         351208.317329463
         334427.558231112
         310179.535939365
         279944.981603852
         245303.835179508
         208223.432889619
         168063.922991934
          111335.81830869
         76881.8826968737
         55176.2793155075
          40814.708926316
         31221.7052634579
         25145.6530444864
         21650.3402191689
         20019.8850248683
         363253.731734768
         354584.282422707
         337619.907902434
         313099.508376761
         282549.229237246
         247490.750440309
         209941.520693112
         169150.710951432
         111258.329548938
         77390.3688447377
         55541.9147061242
         41081.8760551391
         31419.0279630396
         25299.2937507309
         21780.2839396257
         20138.2999391747
         367010.802902795
         358235.175283159
         341067.745455483
         316256.170452704
         285340.841075654
         249855.682228712
         211793.748685935
          170308.70246722
         111271.986140686
         77944.0784578387
         55938.5456724568
         41370.1989478656
         31632.9819040935
         25465.4575637649
         21919.6891026028
         20265.3366417153
         371056.910632079
         362172.055483939
         344784.767282596
         319661.478870121
         288350.320737175
         252392.809779967
         213783.161113232
         171538.912281849
         111391.453960974
         78539.9963231443
         56364.6130175504
         41679.5402660504
         31862.6032748084
         25643.4495471579
         22070.3168061693
         20402.4210806615
         375424.888504958
          366422.33569562
         348796.299862526
         323335.931754548
         291593.499254588
         255122.844162909
         215917.196604668
         172849.811351612
         111614.751443125
         79184.6590404949
         56829.7886811782
         42017.3673164183
         32110.3809558566
         25836.6458376148
         22232.7174734061
         20549.6854617189
         380151.594168663
         371017.115064411
         353140.068255698
         327307.580601316
         295094.220560632
         258074.175799628
         218212.922374913
         174254.651510905
         111970.265265187
         79888.1804989741
         57329.1789016924
          42381.055256497
         32377.7656507872
         26044.9415331085
         22407.5034842925
         20709.1581893448
         385259.815060003
         375987.156200652
         357832.643548147
         331599.527980521
         298875.622036398
          261253.76190924
         220676.774906403
         175744.768154806
         112466.928189195
          80652.340294665
         57871.9046399084
         42773.3537106007
         32668.2668465601
         26269.9383357601
          22596.902228573
         20881.2539114419
          390787.83765553
         381359.773449872
         362907.283353739
         336232.553040207
         302953.997668194
         264674.604731829
         223329.581952623
         177328.153254736
         113120.256923873
         81479.9622588579
         58461.5394286832
         43198.0265394114
         32981.3002157305
         26512.6281261808
         22801.1237582229
         21066.4980989291
         396785.308212503
         387187.542427336
         368403.407557978
         341252.950858527
         307373.273299583
         268379.006002002
         226187.224903891
         179020.188604605
         113938.038263264
         82380.9134587647
         59101.2219032852
         43660.7457636651
          33321.912332152
         26776.6363846107
         23022.5933834842
         21268.0396198498
         403283.546785975
         393503.167578748
         374356.281598712
         346683.564037356
         312154.347147279
         272377.699102475
         229258.544918122
         180825.407999253
          114940.62143373
         83377.5790415662
         59802.4634606655
         44164.0964226408
         33692.7745096138
         27064.6181595219
          23264.420631612
         21487.2312200012
         410337.077490895
          400354.80446678
         380814.135342889
         352576.798825878
         317328.941074964
         276694.496348122
         232569.406915531
          182746.56654946
         116129.327931117
         84450.9847922745
         60565.3738437472
         44709.8612287054
          34094.793425306
         27376.0376585698
         23526.6599214561
         21725.3131709802
         418027.402462277
         407825.079347543
          387823.59197868
         358972.052098791
         322934.344901338
         281370.482065011
         236130.839953487
          184798.57910513
         117509.914385867
         85625.0686988281
         61393.7064599565
          45308.792094482
          34533.785685144
         27716.8167020432
         23811.6888253258
         21984.7292947032
         426373.460656305
         415931.805226734
         395493.999456927
         365956.601155112
         329026.777062371
         286440.717028948
         239978.515394189
         186999.525323565
         119106.879224294
         86914.5435042639
         62302.9437829971
         45963.5541485063
          35016.252631844
         28090.4053438625
         24125.7694321739
         22270.0205475819
          435471.52309722
         424770.886986037
         403814.578572042
         373535.281861304
         335658.268383559
         291944.678519609
         244154.328226537
         189346.187431212
         120920.778888226
         88330.1137256344
          63302.950084239
         46681.6331665481
         35545.9945634429
         28500.9287441218
         24471.1335583287
         22583.4179870237
         445423.111049914
          434427.72410333
         412910.419996978
         381803.984161985
         342884.675650404
         297929.162471958
         248670.562711436
         191874.128523431
         122975.551051616
         89891.6785363642
         64409.6799366786
         47477.0355141345
         36130.2693111119
         28955.6855015039
         24853.3232414014
          22931.480734507
         456290.920864045
         444980.944294513
         422844.180616031
         390835.624023083
         350766.667429883
         304440.175425673
         253549.497537959
         194592.933511604
         125270.768105678
         91616.3638188834
         65623.2950775157
         48352.6185426494
         36777.0580770924
         29458.3451183779
          25275.857815584
         23315.7202518419
          468211.42205859
         456552.485494977
         433725.951847623
          400723.52358045
         359410.765248155
         311538.291953815
         258843.314870923
         197526.679167758
         127844.221229625
         93524.8096375032
         66972.5029288329
         49323.3217137301
         37494.9076544453
         30017.2876617482
         25747.1858466341
         23744.3201982861
           481272.7920777
         469231.156581439
         445641.497241648
         411539.412332008
         368823.310374139
         319275.271937626
         264582.452142701
           200688.7870563
         130707.028839654
         95635.6354965781
         68462.8678532026
         50398.8053504276
          38292.827879991
         30638.4436818625
         26271.1242992342
         24221.7490603804
         495608.745891376
         483132.213545378
          458704.67690831
         423385.479302146
         379114.363661889
         327701.359185868
         270812.436492017
         204115.468340074
         133888.113543927
         97974.3018572786
         70121.0711712618
          51597.226151556
         39179.9708621336
         31332.9424605397
         26855.7896206989
          24755.620345017
         511332.085868506
         498379.125779726
         473032.964210096
         436345.213493762
         390362.156751825
         336885.485147864
         277557.718509368
           207835.0078394
         137412.217779754
         100564.957162393
         71952.3015805366
         52926.2974286531
         40168.1434294402
         32106.0174504731
         27510.0154661996
         25351.6842966196
         528573.568856501
          515095.94855712
         488712.619474889
         450530.413210793
         402639.347967284
         346901.445958985
         284843.726690752
         211850.156451063
         141311.522393458
         103429.054557559
         73983.6093034637
         54398.0904021687
         41265.5257996157
         32967.1555120936
         28238.0772795939
          26017.404457508
         547438.152785524
         533385.705424967
            505851.870134
         466011.743825869
         415998.532615784
         357726.692818592
         292686.173377028
         216189.265419698
         145603.397045882
         106578.169200313
         76226.2145126305
          56028.463518845
         42481.4121019923
           33923.73466563
         29047.8931704061
         26757.7063719228
          568091.54313124
         553332.982348265
         524531.508839654
         482850.838712235
         430493.247410743
         369420.947927677
         301088.719327961
         220860.515658282
         150303.866955661
         110031.821073173
          78685.996127981
         57823.0475034357
         43822.1763006422
         34979.3201966268
         29944.9506544792
          27577.399069964
         590490.101504605
         575062.618291977
         544807.356816424
         501088.963937876
         446140.599420747
         381961.165785848
         310010.633709315
         225870.682999064
         155409.252162947
         113799.593001046
         81371.6878617395
         59785.5988208626
         45293.5347432798
         36139.5366554679
         30928.6856141448
         28479.7935079011
         614751.520323619
         598532.805709671
         566771.639423685
         520746.859171191
         462929.792544278
         395334.493391973
         319422.833958919
          231210.39468828
         160933.257346712
         117871.261446882
         84292.5339561858
         61917.0134598724
         46893.2333408494
         37405.9421543416
         32004.6170161291
          29465.289448124
         640845.460761153
         623762.614466538
         590291.400692645
         541770.390429364
         480798.661417747
         409439.768672875
          329242.64783601
         236837.195968507
          166835.41199646
         122229.338080574
         87420.6222754907
          64210.477008063
         48618.5714272123
         38769.7145197432
         33166.1219231287
         30529.4653270532
         668686.377043405
         650645.805343545
           615294.4091491
         564098.526211601
         499604.769828296
         424139.159534294
         339291.838847415
         242706.505969038
         173057.309372264
         126844.717882298
         90735.2245591071
         66645.3233751739
         50451.1451748398
         40222.7694169705
         34402.7890585148
         31664.3839645554
         698096.561905595
         679002.781622023
         641604.947768356
         587423.773676116
         519143.288979931
         439200.456942042
          349374.50608356
         248727.430246749
         179521.228203446
         131644.960837406
          94195.469214622
          69186.572492659
          52369.030624825
         41744.4000169597
         35699.7895842308
         32853.8716848626
         728815.788832996
         708579.350002498
         668950.147095094
         611523.298438392
         539176.561529471
         454350.018543182
         359261.186950968
         254795.068380449
         186125.169645117
          136546.76216339
         97745.6876819973
         71804.7494236867
         54344.5072172275
          43310.974733594
         37034.1937898519
         34078.7632157538
         760436.561529939
         738963.231756518
         696892.703775235
         635961.204698829
         559175.864662034
         469177.657893276
         368595.228778172
         260765.888421433
         192684.824079467
         141454.764962262
         101301.852876891
         74428.2262654692
         56327.3442786499
         44887.2081512797
         38377.6876274283
         35311.3785824759
         792353.396118739
         769541.604017321
         724865.558479214
         660166.718970051
          578641.74621038
         483163.014441333
         376980.122242065
         266428.645688505
         199022.470770926
          146201.54731192
         104756.927098289
         76980.8152872167
         58256.7674947201
         46420.4954805783
         39683.6987678133
         36510.3804149968
         823800.461417197
         799540.944163485
         752076.263376455
         683351.600389903
         596811.824727728
         495674.450709271
         383908.951572043
         271507.565648022
         204859.494609964
         150596.340378586
         107987.112779859
         79367.1679622045
         60058.8273867221
         47851.6850243464
         40903.1448044626
         37629.2563384871
         853738.320591646
         827954.000987065
         777528.671564232
         704586.325047095
          612818.28125923
         505882.669510868
         388797.912134049
         275676.627436027
         209862.175916654
         154405.571360778
         110793.634055881
         81454.7625220017
         61637.4635823518
         49105.1020042771
         41969.9763893705
         38605.9198983701
          880983.70409786
         853625.087035728
         799988.098235136
         722668.928136968
         625541.619085811
         512834.589703104
         391000.848154686
         278506.526145479
         213670.559253474
         157351.537970827
         113002.206811138
         83099.6974007049
         62881.9100317997
         50092.1299565579
         42807.8146561208
           39373.54207002
         903730.957613438
         874727.166837509
         817995.165812016
         736129.588013184
         633662.561442034
         515452.550635496
         389771.795427574
         279471.756689539
         215819.786163932
          159096.20247033
         114354.974180012
         84119.1771206003
         63656.6369054064
         50701.4102914447
         43324.1532458062
         39843.4281137048
          920145.17847045
         889481.420762199
         829552.502286355
         743258.904564728
         635664.204740931
         512536.470292691
         384372.118478508
          277969.30625361
          215791.82937624
         159259.285100554
         114585.671309478
         84316.0912684487
         63807.5327415251
         50815.7164247711
         43413.8805216037
         39921.7939304632
         927999.568938157
         895695.627521291
         832699.168655716
         742229.750994256
         629888.301372683
         502818.278314329
          374015.97512134
         273277.174262475
         213042.117007184
         157432.802531359
           113395.1511918
         83476.1090136599
         63171.1973619475
         50302.0078270844
         42967.5034265463
         39505.4397825224
         924908.061405005
         891049.769332854
         825169.892682155
         730926.167411245
         614789.930193227
          485187.74187541
         358106.552860456
         264731.658455856
         207065.794253787
         153238.347160594
         110512.896531441
         81388.9372003109
         61592.0139745714
         49037.2925365879
         41877.6116370476
         38496.7998816022
         908491.164899043
         873241.961926371
         804874.953965105
         707579.781647453
         588814.108251638
         458750.793217337
         336226.977893337
          251735.72564738
         197409.515487514
         146339.357534746
         105686.279902634
          77869.350070656
         58929.3454517368
         46907.7223392455
         40050.7778705083
          36810.896523305
         876362.891992384
          840024.00205156
         769773.631146204
         670520.531499813
         550887.731988258
         423009.701183503
         308229.561514088
         233834.820892332
         183778.075939771
          136486.63234015
         98727.8724885823
         72780.5519954067
         55080.0538149229
         43834.7753592734
          37416.692025513
         34380.8358822437
         826995.145281338
         789968.845343397
         718731.258601697
          619028.92177476
         500836.589361883
         378341.166310548
         274530.793357331
         211029.506809361
         166189.593687883
         123684.234393436
         89632.3170616851
         66117.6469102787
         50036.9364939488
         39810.2242214063
         33969.4084108823
         31205.7336377117
         759865.292195588
         722705.436622817
         651697.074581473
         553529.125173273
         439634.300933254
          326076.90724656
           236156.4269784
         183845.914744579
         145071.406572394
         108230.962362246
         78589.1971083356
         58009.7549531867
         43902.6215675433
         34918.2779308121
         29785.0977839228
         27353.0957867364
         675989.383490707
          639434.72828638
         570094.154851021
         475952.582378669
         369555.205156096
         268561.930674963
         194672.588108503
         153351.008985141
         121269.843144217
          90714.918701541
         66023.2306905839
         48773.5651837332
         36913.1014634981
         29347.7438665376
         25022.1637199931
          22970.456163016
          578314.66798347
         543291.870687328
         477617.387607793
         390120.577949994
          294707.99231708
         209434.106507449
         152452.700129322
         121371.600113986
         96213.2814529486
         72192.5166904485
         52681.2857892814
         38949.9193695967
         29478.1916782099
         23426.1329566117
         19961.2829347702
          18316.433674978
         471927.624505877
         439473.008803356
         379454.008860388
          301582.48778305
         220275.880102357
         152826.695793291
         112128.705036959
         90103.1569411349
         71617.5041543109
         53920.4632457834
          39465.819351697
         29206.9893066022
         22103.3618755056
         17555.9095137597
         14949.3807469958
         13709.5739363501
         363823.549948361
         335046.899215069
         282735.516194507
         217048.428354352
         152152.988732044
         102968.874968558
         76437.0994682373
         61919.9541854975
         49362.9954912149
          37309.623124885
          27398.048432196
         20297.6106648497
         15359.8339700141
         12191.2960088268
         10371.9194320201
         9505.70880972338
         261376.829938108
         237312.687596622
         194497.944065639
         142881.575092462
         95275.0719460355
         62913.7262046536
         47430.4305233025
         38692.2898002838
         30947.9893403615
          23490.427394116
         17315.0825338138
          12842.184568786
         9716.49001338437
         7704.97873375529
         6547.91428113182
          5996.0587747685
         147294.297260286
         131383.133894703
         103814.498520342
         72237.3946123491
         45410.0816747968
         29392.8244854407
         22585.3097662381
         18534.6616845565
         14875.5164965062
         11340.6170122451
         8391.36223449661
         6230.40593414541
          4712.5002707696
         3732.72178417623
         3167.82079330012
         2897.82002119546
         73133.9533216278
         63841.7406166343
         48252.7417789117
         31442.5750710959
         18548.8469474232
         11905.9575421783
         9347.21516267949
         7708.14840974997
         6205.96210752904
         4750.66266505018
          3527.5328722064
         2621.25310367515
          1981.5421111904
         1567.17801366296
         1327.78025650595
         1213.11144051328
         32281.2474500279
         27443.9076605617
         19657.4997486746
          11836.731801033
         6530.65995346211
         4220.49355747621
         3384.59000411656
         2802.63758982642
         2263.06495081423
         1738.93192228305
          1295.3470203847
         962.948652226458
         727.289825546256
         574.071072241611
         485.371352967276
         442.802122456709
          12301.617813732
         10121.3876701271
         6775.61204006676
         3715.40342495363
         1921.17006823875
         1271.58314129886
         1039.21796010689
          863.66999359894
         699.303135644489
         539.177696350046
         402.777679004765
         299.412957843326
         225.833716268286
         177.811033997202
         149.918709403077
         136.512155230079
         3905.55291600761
         3085.57127094739
         1902.79200107463
         933.138413988422
         456.991598309543
         315.258854343748
         261.606677682228
         218.145031343816
         177.072224109395
         136.963945280582
         102.560998400469
         76.2020164802102
         57.3581206033094
         45.0072178742176
         37.8124164681733
         34.3481580217458
         986.584246139518
         746.993315630457
         413.889466120209
         178.353429645232
         84.8235481343022
         61.7798033094517
         51.8689808758516
         43.3852405444929
         35.2996029219943
         27.3831234713858
         20.5471442849071
         15.2489065743298
         11.4474109058695
          8.9427498807891
           7.478915776306
         6.77225793986001
         186.542570845616
          132.02669868469
         64.8998168468933
         24.3877232742872
         11.7900050082528
         9.09902700585574
          7.7080656546791
         6.46613286353877
         5.27255223961561
         4.10108114699025
         3.08247331204935
         2.28392917302462
         1.70879635471287
          1.3277488346117
         1.10418709430329
        0.996131634453124
         24.4769342546342
         16.0499669295597
          6.8045896509287
         2.23801024909136
         1.16908980019131
        0.948866463413566
        0.809444297288965
        0.680865502865551
        0.556324919286828
        0.433800552834716
         0.32654026766146
         0.24151337590859
        0.180035821515151
        0.139071126878425
        0.114938470202163
        0.103255220915944
         2.02321069545047
         1.20918124907828
        0.430437242148246
        0.128782965224416
       0.0768243438339724
       0.0645699984532624
       0.0553847338372208
        0.046699250761512
       0.0382301408390542
       0.0298801450637884
       0.0225249650125968
       0.0166351654442512
       0.0123599046474351
       0.0094948631877824
      0.00780133970226451
       0.0069794945165828
       0.0927439607091426
       0.0494890829011346
       0.0144120744626398
      0.00426217173192311
      0.00295636915391516
      0.00253509895874147
      0.00218360927376216
       0.0018450229263615
      0.00151306230610994
      0.00118517211085288
     0.000894823347320291
     0.000660339682940381
     0.000489444065231826
     0.000374354420630983
     0.000306127737954562
     0.000272951268021216
      0.00201932964887977
     0.000935304244530095
     0.000218789545067086
     7.19015062993434e-05
     5.62031777026341e-05
     4.87020564273092e-05
     4.20811735079944e-05
     3.56191376815796e-05
     2.92564133876914e-05
     2.29627133877541e-05
     1.73653752159307e-05
     1.28143618545577e-05
     9.48379058515125e-06
     7.23240390660501e-06
     5.89455682386769e-06
     5.24294862933675e-06
     1.69673657995314e-05
     6.63735090706161e-06
      1.2525047984016e-06
     5.07158660066475e-07
      4.2438467846284e-07
     3.69965929805492e-07
      3.2044437599589e-07
     2.71643094309822e-07
     2.23431997895634e-07
      1.7568611629578e-07
     1.33076679943624e-07
     9.82383880191055e-08
     7.26494848349335e-08
     5.52947718441981e-08
     4.49636581877146e-08
     3.99242933252332e-08
     4.29044927215214e-08
     1.36181650533883e-08
     2.16011044601792e-09
     1.12522464451657e-09
      9.7067597613449e-10
     8.49648167033651e-10
     7.37331564022995e-10
     6.25839801903179e-10
     5.15399996324136e-10
     4.05919602377636e-10
     3.07935578897417e-10
     2.27447986102194e-10
     1.68129687658005e-10
     1.27791114876262e-10
     1.03741500774767e-10
     9.19940376191514e-11
     2.40300301950703e-11
     5.87948098937632e-12
     8.60512015850864e-13
      5.5775357667338e-13
     4.87465974775747e-13
     4.28019567124384e-13
     3.72033894604234e-13
     3.16128913884721e-13
     2.60624226667013e-13
      2.0555614906602e-13
     1.56149463635314e-13
     1.15401869285457e-13
     8.52805085810376e-14
     6.47491950701423e-14
     5.24920022467961e-14
     4.64973522486217e-14
     1.97128143599332e-15
     3.65185897671225e-16
     5.56116230167695e-17
     4.14061385979513e-17
     3.64401658910542e-17
     3.20739692995418e-17
     2.79148026430948e-17
     2.37420079521552e-17
     1.95913887941518e-17
     1.54706000975368e-17
     1.17659574670549e-17
     8.70002655070235e-18
     6.42794831545277e-18
     4.87615060621295e-18
     3.94865160991654e-18
     3.49439230112279e-18
      1.5116672137931e-20
     2.10225847173972e-21
     3.63158376670386e-22
     2.88439616852547e-22
     2.54949019733999e-22
     2.24798667693069e-22
     1.95841302859568e-22
     1.66686766410063e-22
     1.37645029139562e-22
     1.08797358003173e-22
     8.28214042940305e-23
     6.12667076548312e-23
     4.52598623715969e-23
     3.43098616580031e-23
     2.77589718409413e-23
     2.45476253511161e-23
     7.10658361326611e-27
     8.10252951217186e-28
     1.55852847111845e-28
     1.26415200072807e-28
      1.1199037766116e-28
     9.88425516552474e-29
      8.6158443065331e-29
     7.33627908608141e-29
     6.06061457873124e-29
     4.79308608915533e-29
     3.65069198383525e-29
     2.70130436555067e-29
     1.99542143091574e-29
     1.51202573986277e-29
     1.22269281246414e-29
      1.0807876027344e-29
     1.78607512267831e-34
     1.97029950204488e-35
     3.85241111878822e-36
     3.12929973296799e-36
      2.7730289762709e-36
     2.44779726470106e-36
     2.13385091003813e-36
     1.81705779528729e-36
      1.5011941418709e-36
     1.18732980879538e-36
     9.04413126379382e-37
     6.69242301363269e-37
     4.94356395840132e-37
     3.74574895881454e-37
     3.02874591544973e-37
     2.67705938442618e-37
     1.63340757570383e-42
     1.92380365963863e-43
     3.63185571482538e-44
     2.93435753799776e-44
     2.59854291026657e-44
     2.29310208918463e-44
     1.99865363782901e-44
     1.70171235225285e-44
     1.40571633408373e-44
     1.11162256321266e-44
     8.46602078122629e-45
     6.26410587135838e-45
     4.62726804756387e-45
     3.50653859244266e-45
     2.83578487635946e-45
     2.50683512288754e-45
     1.46461506199916e-49
     1.74337211289793e-50
      3.2726818470453e-51
     2.64161458070925e-51
     2.33903927197168e-51
     2.06400023951132e-51
     1.79891870440796e-51
     1.53161949990971e-51
     1.26518228664787e-51
     1.00046157810369e-51
     7.61921580516539e-52
     5.63746689372307e-52
     4.16438645806428e-52
     3.15583416125656e-52
     2.55223377601734e-52
     2.25622485510236e-52
     1.62312884061371e-56
     1.93380332916373e-57
     3.62837712773617e-58
     2.92845222770679e-58
     2.59299619099252e-58
     2.28808546332014e-58
     1.99421950087989e-58
     1.69789763849166e-58
     1.40253243507577e-58
     1.10907050523552e-58
     8.44632849814086e-59
     6.24944110978068e-59
     4.61645201879789e-59
      3.4984226235268e-59
     2.82930363011448e-59
      2.5011647509462e-59
     1.79800704458413e-63
     2.14311621879139e-64
     4.02012716673725e-65
     3.24448455044292e-65
     2.87281260584705e-65
     2.53499282212706e-65
     2.20941305464025e-65
     1.88111376758013e-65
     1.55387496832921e-65
     1.22874505093826e-65
      9.3577205933401e-66
     6.92377630449241e-66
     5.11458306524772e-66
     3.87591799720371e-66
      3.1346016893721e-66
     2.77105733025806e-66
     1.96435147128261e-70
     2.34179963509899e-71
     4.39240583542151e-72
      3.5448740783109e-72
     3.13878498254865e-72
     2.76968667505524e-72
     2.41396303287223e-72
     2.05526868716406e-72
     1.69773326435722e-72
     1.34250206360749e-72
     1.02240520336847e-72
     7.56477307896691e-73
     5.58808672211323e-73
     4.23474862722768e-73
       3.424803146436e-73
     3.02760294778215e-73
     2.09490770963803e-77
     2.49743133645043e-78
     4.68432979922227e-79
     3.78047454113694e-79
     3.34739606622738e-79
     2.95376669190893e-79
      2.5744008416749e-79
     2.19186682719261e-79
     1.81056875182098e-79
     1.43172803994313e-79
     1.09035677249304e-79
      8.0675465863664e-80
     5.95948476012269e-80
     4.51620042766366e-80
     3.65242393348177e-80
     3.22882480588176e-80
     2.16020130046017e-84
     2.57494610409939e-85
      4.8300545284517e-86
     3.89813494932854e-86
     3.45158258939634e-86
      3.0457034928279e-86
     2.65453070475836e-86
     2.26009066440041e-86
     1.86692482848664e-86
     1.47629276574738e-86
     1.12429617597135e-86
     8.31866552087054e-87
     6.14498569635583e-87
     4.65677503403736e-87
     3.76611076789775e-87
     3.32932564517315e-87
     2.13305833150457e-91
     2.54204586172111e-92
     4.76889773682349e-93
     3.84886724731099e-93
     3.40796695264559e-93
     3.00721981288061e-93
     2.62099120312412e-93
     2.23153582463448e-93
     1.84333820996501e-93
     1.45764222506818e-93
     1.11009317316279e-93
     8.21357985130204e-94
     6.06735865141743e-94
     4.59794591716179e-94
     3.71853137813161e-94
     3.28726592553798e-94
