              107227                 360
                 160
    5339499999.99999    5006048181.56798    4694834386.17908     4404375551.9889    4133287523.08679    3880278453.42319    3644142650.63143    3423754830.40722    3218064754.06581     3026092223.7223    2846922411.24519    2679701498.72381    2523632609.67446    2377972011.59593    2242025571.77804    2115145449.47348    1996727008.66999    1886205936.75086    1783055555.31303    1686784310.32767    1596933429.68293    1513074736.94594    1434808610.92584    1361762081.31434    1293587051.32867    1229958638.88707    1170573628.41199    1115149025.88302    1063420710.25388    1015142174.80693    970083352.447181    928029519.337887    888780271.653059     852148570.57075    817959850.956071    786051189.486468     756270528.25502    728475950.151918    702535002.571022    678324066.218666    655727766.016837    634638421.293436    614955532.639546    596585302.988383    579440190.633658    563438492.057314    548503952.578627    534565402.969263    521556420.302608    509415011.421182    498083317.513724    487507338.394137    477636675.168376    468424290.062966    459826282.270656    451801678.744993    444312238.946896    437322272.612741    430798469.675567    424709741.528891    419027072.876705    413723383.463642    408773399.026417    404153530.851552    399841763.365451    395817549.221131    392061711.381647    388556351.733625    385284765.795381     382231363.11319    379381592.966356    376721875.027037    374239534.644394    371922742.444663    369760457.959318    367742377.012693    365858882.618348    364100999.150164     362460349.56979    360929115.506614           359500000    359348101.265823    359196202.531646    359044303.797468    358892405.063291    358740506.329114    358588607.594937    358436708.860759    358284810.126582    358132911.392405    357981012.658228    357829113.924051    357677215.189873    357525316.455696    357373417.721519    357221518.987342    357069620.253165    356917721.518987     356765822.78481    356613924.050633    356462025.316456    356310126.582278    356158227.848101    356006329.113924    355854430.379747     355702531.64557    355550632.911392    355398734.177215    355246835.443038    355094936.708861    354943037.974684    354791139.240506    354639240.506329    354487341.772152    354335443.037975    354183544.303797     354031645.56962    353879746.835443    353727848.101266    353575949.367089    353424050.632911    353272151.898734    353120253.164557     352968354.43038    352816455.696203    352664556.962025    352512658.227848    352360759.493671    352208860.759494    352056962.025316    351905063.291139    351753164.556962    351601265.822785    351449367.088608     351297468.35443    351145569.620253    350993670.886076    350841772.151899    350689873.417722    350537974.683544    350386075.949367     350234177.21519    350082278.481013    349930379.746835    349778481.012658    349626582.278481    349474683.544304    349322784.810127    349170886.075949    349018987.341772    348867088.607595    348715189.873418    348563291.139241    348411392.405063    348259493.670886    348107594.936709    347955696.202532    347803797.468354    347651898.734177           347500000
                  17
                   0   0.196349540849363   0.392699081698725   0.589048622548088    0.78539816339745   0.981747704246813    1.17809724509618    1.37444678594554     1.5707963267949    1.76714586764426    1.96349540849363    2.15984494934299    2.35619449019235    2.55254403104171    2.74889357189108    2.94524311274044     3.1415926535898
                   2
                   0     6.2831853071796
                   041.0661252935745
                   041.0334944872859
                   040.9685578583756
                   040.870367542125
                   040.7354278072733
                   040.5559814494011
                   040.3245548382206
                   040.0187484213629
                   039.623673821471
                   039.0906691904641
                   038.3409749460892
                   037.202723712428
                   035.3151031947654
                   031.7106650448032
                   023.1382657108498
                   03.50305111097514
                   048.115892930702
                   048.0752648362026
                   047.9942004206596
                   047.8698767360127
                   047.6978656142464
                   047.4683375946512
                   047.1707329212921
                   046.779723971271
                   046.275916431076
                   045.5946966065227
                   044.6371019386313
                   043.1873320587131
                   040.789048247258
                   036.2327321737743
                   025.6266898279654
                   03.87317949282862
                   056.3479538362173
                   056.2971180214792
                   056.1951456336118
                   056.0377848188977
                   055.8184127641923
                   055.5244622857806
                   055.1424463080689
                   054.6424608064769
                   053.9994493014752
                   053.1294687781148
                   051.9078678243581
                   050.0611669527273
                   047.0172767385697
                   041.2830176994547
                   028.2428459902633
                   04.35114333911736
                   065.98395536697
                   065.920085310913
                   065.790888146974
                   065.5910812154879
                   065.3114041455605
                   064.9347523988332
                   064.4457306764422
                   063.8071192214537
                   062.9872277541153
                   061.8777069308164
                   060.321403551586
                   057.9717783781061
                   054.1108956152627
                   046.9192780297794
                   030.9677398804623
                   04.96110747561633
                   077.2836466695397
                   077.2030697527494
                   077.0392300386025
                   076.7845173469813
                   076.4271162259166
                   075.9439078161863
                   075.3206825026693
                   074.5070478110972
                   073.4606241896849
                   072.0459948288258
                   070.0657906830359
                   067.0783501982401
                   062.1977400404223
                   053.1993549557977
                   033.7948310059685
                   05.73777749654543
                   090.5380650716916
                   090.435846596377
                   090.2273547624931
                   089.9023783993454
                   089.4457584768563
                   088.8252966033331
                   088.0324136068936
                   086.9967657097078
                   085.6612976848018
                   083.8593932848308
                   081.3408889903957
                   077.5470109756085
                   071.3959428567463
                   060.1705799032668
                   036.7073727946899
                   06.71827387995689
                   0106.099523014796
                   0105.969737502413
                   0105.70308013902
                   0105.288030339671
                   0104.704535790666
                   0103.908474866871
                   0102.900894236832
                   0101.584395092632
                   099.882384030423
                   097.5897777487265
                   094.3897903509869
                   089.5813506120912
                   081.8417565681968
                   067.8779234919299
                   039.7044110687461
                   06.54744212013918
                   0124.374084525104
                   0124.208146714374
                   0123.870109848654
                   0123.339615146382
                   0122.592476408517
                   0121.573525991036
                   0120.293393878555
                   0118.620336917192
                   0116.454332331499
                   0113.539022427381
                   0109.476190720706
                   0103.39451892157
                   093.6772472866907
                   076.3585876503043
                   042.7943457352024
                   08.21961936096657
                   0145.846719841478
                   0145.635215555685
                   0145.204044961757
                   0144.527592661782
                   0143.571791675176
                   0142.270465801181
                   0140.644725089801
                   0138.52026799989
                   0135.76651501357
                   0132.063149809593
                   0126.906269981136
                   0119.232963362246
                   0107.062437048191
                   085.6531208987843
                   046.0192815936041
                   010.3024749533455
                   0171.075228052902
                   0170.805883541978
                   0170.254939845192
                   0169.39257087984
                   0168.173317882134
                   0166.510393668351
                   0164.447771957351
                   0161.751204969754
                   0158.254651254428
                   0153.556650180801
                   0147.022817553601
                   0137.359061491285
                   0122.148967563795
                   095.8021972539949
                   049.4429325621268
                   012.8778112513082
                   0200.743151296844
                   0200.400022552433
                   0199.697196364842
                   0198.597051287942
                   0197.039438083427
                   0194.925763378582
                   0192.308028687553
                   0188.885453079348
                   0184.448986135784
                   0178.494151096602
                   0170.228922648224
                   0158.076109230078
                   0139.112355399955
                   0106.839534355669
                   053.1761666722372
                   016.0748978961982
                   0235.62337208557
                   0235.185734297181
                   0234.288303817965
                   0232.885438098982
                   0230.89519906376
                   0228.211873072168
                   0224.899839617813
                   0220.558274087083
                   0214.934005607576
                   0207.397330930207
                   0196.957738347394
                   0181.704579140392
                   0158.126283854455
                   0118.799744558014
                   057.362628436573
                   020.0103740116481
                   0276.603998020493
                   0276.04622745687
                   0274.903139017892
                   0273.11227952435
                   0270.576362768893
                   0267.172339818002
                   0262.981620608833
                   0257.47926814281
                   0250.355881381029
                   0240.821460580704
                   0227.667891268429
                   0208.569491962276
                   0179.34883182344
                   0131.693406501431
                   062.1871966696691
                   024.8273100285244
                   0324.835594023933
                   0324.122206043227
                   0322.667141432639
                   0320.367587445435
                   0317.133984015658
                   0312.806782385352
                   0307.494053232082
                   0300.513464619161
                   0291.485569699419
                   0279.422500501564
                   0262.883097098173
                   0238.98890110961
                   0202.909633721724
                   0145.52127851393
                   067.8376307214963
                   030.6693210248753
                   0381.401531740712
                   0380.4977331834
                   0378.630448953375
                   0375.721631562069
                   0371.60020792572
                   0366.13499350269
                   0359.419049484248
                   0350.585834507347
                   0339.181111002296
                   0323.956575007417
                   0303.178320772803
                   0273.447605160765
                   0229.057502207826
                   0160.473809358844
                   074.7329557542519
                   037.8589291016191
                   0447.879600423832
                   0446.721624927382
                   0444.36591005083
                   0440.649671165168
                   0435.439425852676
                   0428.508317627867
                   0420.030298299665
                   0408.878352393355
                   0394.470230041028
                   0375.308979717698
                   0349.306247696013
                   0312.357159842736
                   0257.946289670822
                   0176.617893894531
                   083.1774314242694
                   046.6028290574043
                   0527.161955220147
                   0525.697073844483
                   0522.679379697949
                   0517.928393799213
                   0511.283509168669
                   0502.491689676231
                   0491.721782749009
                   0477.57775759039
                   0459.329586976327
                   0435.111486507188
                   0402.60284840648
                   0356.782271815755
                   0290.390448938481
                   0194.693994246338
                   094.0210870917045
                   057.6488394623865
                   0619.791907796171
                   0617.930786043236
                   0614.120688564147
                   0608.097636218461
                   0599.632402264951
                   0588.486874461544
                   0574.894541193723
                   0556.994850215376
                   0533.982071946637
                   0503.50740908752
                   0463.012801117452
                   0406.381174704607
                   0325.792030905587
                   0214.227581255669
                   0107.046541728023
                   070.739934317537
                   0728.354903746394
                   0725.962599488091
                   0721.12279844905
                   0713.489216700183
                   0702.78917261076
                   0688.735011697199
                   0671.500876543119
                   0648.932413758081
                   0619.976152063987
                   0581.778087115943
                   0531.409743894472
                   0461.699809107104
                   0364.446610849424
                   0235.659312562311
                   0122.697778941972
                   086.2514855032114
                   0855.604141094796
                   0852.595534789303
                   0846.412029259549
                   0836.740582627821
                   0823.266834363041
                   0805.519729567403
                   0783.807036016664
                   0755.357082288436
                   0718.990307188792
                   0671.23392888372
                   0608.83284271869
                   0523.368864484911
                   0406.767447604297
                   0259.582929365715
                   0141.526075379855
                   0104.712967961583
                   01004.3032449802
                   01000.50457660167
                   0992.679779382739
                   0980.486265057767
                   0963.521295583041
                   0941.19342364123
                   0913.86387248889
                   0878.103039092855
                   0832.562123486131
                   0772.981898974218
                   0695.932013826983
                   0591.665486578841
                   0452.869984975869
                   0286.375291674297
                   0163.844567774447
                   0126.396111353701
                   01178.03481928791
                   01173.23807307152
                   01163.40416040452
                   01148.00104867091
                   01126.63110169939
                   01098.64783237097
                   01064.2925361552
                   01019.44532373227
                   0962.537942535566
                   0888.510271287822
                   0793.756932710165
                   0667.150768868604
                   0503.096740069562
                   0316.718317306553
                   0190.15347625861
                   0151.794158784246
                   01382.33089110009
                   01376.23456493111
                   01363.84124296893
                   01344.33866907049
                   01317.52656832118
                   01282.34052606923
                   01239.18407732433
                   01183.013833215
                   01111.90171188699
                   01020.14987055435
                   0904.016286913524
                   0750.990920077078
                   0558.6332399552
                   0352.114622334823
                   0221.464541981239
                   0181.991532838482
                   01622.72624885871
                   01615.0172076273
                   01599.33713510472
                   01574.78028145223
                   01541.02115390402
                   01496.76032384216
                   01442.57867045286
                   01372.28705410337
                   01283.52344093959
                   01170.03828309501
                   01028.25055633436
                   0844.263455158174
                   0620.33776350104
                   0393.834628044237
                   0258.673427024029
                   0217.890484321551
                   01900.26559631941
                   01890.59427828735
                   01870.84721822564
                   01840.09828481251
                   01797.77082069234
                   01742.4857152936
                   01674.81072740429
                   01587.196378504
                   01477.00914763543
                   01337.48752174463
                   01165.22896061095
                   0945.664049209338
                   0687.250096690392
                   0441.217958740151
                   0300.940157711426
                   0258.71679718547
                   02221.08129496794
                   02208.95959198365
                   02184.1805181552
                   02145.80226450709
                   02093.05797670809
                   02024.13127866884
                   01939.99738740858
                   01831.29471426201
                   01695.29032648082
                   01524.59571139294
                   01316.46672438068
                   01056.15275651647
                   0760.754643522697
                   0495.3822653851
                   0324.212684545912
                   0305.060750210266
                   02590.80949495813
                   02575.72422764263
                   02544.91311459143
                   02497.08784109834
                   02431.65569755641
                   02346.24662611966
                   02242.03551778939
                   02107.57044582431
                   01940.34642686193
                   01732.46204363504
                   01482.35162277267
                   01176.32898426344
                   0841.526370922187
                   0557.211885889199
                   0380.028707501991
                   0357.278135110456
                   03026.92782002454
                   03008.13761228219
                   02969.64678791648
                   02910.10125579964
                   02828.53502964595
                   02722.01880049592
                   02592.77715046655
                   02426.51014611512
                   02221.13638568578
                   01968.61574891542
                   01669.1876347978
                   01310.52940733878
                   0934.261237364829
                   0630.832769381583
                   0445.990126601833
                   0419.369632619066
                   03523.72730393772
                   03500.30721748565
                   03452.63697989667
                   03378.96957909418
                   03277.94443676115
                   03146.46853594023
                   02987.33436461129
                   02783.3102424485
                   02532.49314113451
                   02227.91271212426
                   01872.32263620192
                   01456.10182674605
                   01036.29724949263
                   0713.471478868859
                   0519.632612675739
                   0488.109878620886
                   04089.16229136584
                   04060.26676189931
                   04001.56104270779
                   03910.85331647875
                   03786.76478510141
                   03625.02773399435
                   03430.18443411627
                   03181.00724032968
                   02877.10580681155
                   02511.76807507984
                   02092.87994158977
                   01613.7044191649
                   01148.95751645071
                   0805.917412232419
                   0601.710502103923
                   0564.826896823613
                   04748.05461886798
                   04712.32322668018
                   04639.89271407389
                   04527.93956322299
                   04375.38022971931
                   04176.62168651675
                   03937.93883617597
                   03634.49410201037
                   03267.1463694779
                   02831.03864423016
                   02339.65482179212
                   01791.36689323612
                   01279.88649088391
                   0914.006863012347
                   0697.310154030469
                   0654.615439037255
                   05490.55116627463
                   05446.81474061221
                   05358.12866150338
                   05221.23585176083
                   05034.80701671213
                   04792.09509878661
                   04501.99549784214
                   04135.06086519403
                   03694.32534426768
                   03177.5609389225
                   02605.71766528937
                   01983.65973300267
                   01423.98000350929
                   01033.23557479311
                   0802.266835721273
                   0753.127344425568
                   06339.78796892998
                   06286.3182967057
                   06177.9753168154
                   06010.87642041754
                   05783.50223533565
                   05488.74112412273
                   05136.95398112449
                   04695.22160050043
                   04169.33048585349
                   03560.3893983665
                   02898.94266528877
                   02198.00524761219
                   01587.73052872098
                   01168.25258889455
                   0921.317388845771
                   0864.447948683122
                   07297.43655231883
                   07232.45786836705
                   07100.97468669456
                   06897.88547148977
                   06622.20516641245
                   06265.62930600181
                   05842.25842383872
                   05313.52771212056
                   04689.6079469103
                   03976.68357506501
                   03217.81028889901
                   02433.03758412488
                   01769.97434577955
                   01317.34845027399
                   01052.56279628039
                   0986.631611945487
                   08379.64520890715
                   08300.95054690934
                   08141.82003962556
                   07896.02278853456
                   07563.24217195272
                   07133.97880743398
                   06626.42583747002
                   05997.45537428442
                   05261.36945536567
                   04432.30453783967
                   03566.47558722606
                   02693.28521601841
                   01973.89921475407
                   01482.56440100539
                   01198.47810983788
                   01121.79394594983
                   09588.30245627179
                   09493.83731127806
                   09301.91848441648
                   09006.53416201376
                   08606.68764657775
                   08093.19123881083
                   07488.52736436023
                   06744.75347819954
                   05883.22373707211
                   04925.39473786831
                   03943.72641960655
                   02977.86345536873
                   02197.72560107648
                   01663.06513750793
                   01357.52614022783
                   01270.34468296727
                   010950.2277001979
                   010836.0493066717
                   010605.9419465126
                   010251.7292875471
                   09773.73426558176
                   09162.00922336249
                   08445.24929850411
                   07570.5929654087
                   06566.61160625026
                   05466.354301258
                   04359.9544377985
                   03294.84997860557
                   02447.82928241141
                   01747.5905141701
                   01534.29229089176
                   01436.69006006876
                   012461.4858955699
                   012325.8772401392
                   012050.7147013455
                   011628.4888535938
                   011060.3573134534
                   010336.013087095
                   09491.08026711947
                   08468.97661311784
                   07307.10608463794
                   06051.86287657336
                   04812.31387682573
                   03641.60210251317
                   02721.14431005336
                   01967.75908420037
                   01725.76403109512
                   01618.21427426229
                   014136.6234360124
                   013975.6450556018
                   013649.8894201036
                   013148.556093359
                   012476.6106558585
                   011623.6272588884
                   010634.5162636356
                   09446.17574940811
                   08108.63162545784
                   06686.58445086259
                   05305.66008181775
                   04021.12352380344
                   03021.00833798606
                   02208.32780365307
                   01937.05026524522
                   01813.22380084171
                   015982.9007133574
                   015792.8135972022
                   015408.4898021157
                   014817.4623364
                   014027.0976062131
                   013028.6765935207
                   011876.1813204562
                   010502.9417905907
                   08974.24804579666
                   07370.61085431192
                   05839.70942416731
                   04433.19279217118
                   03345.8823385601
                   02468.21147271576
                   02164.69982119432
                   02024.107221266
                   018003.1319205825
                   017779.9037672753
                   017328.4778219312
                   016637.0666667507
                   015712.6064963105
                   014550.6326660525
                   013216.3958251794
                   011641.3267747112
                   09903.30320891835
                   08105.61618691287
                   06416.5279858676
                   04880.47511073591
                   03697.10307522332
                   02750.18834359837
                   02411.88192631262
                   02253.41083860488
                   020212.7199791985
                   019952.1294384498
                   019426.1045549876
                   018619.9158473198
                   017545.1353848726
                   016200.4902119175
                   014663.7105321263
                   012866.2170136983
                   010902.2752879489
                   08895.87233803639
                   07038.4598227142
                   05364.20968878415
                   04073.35372308255
                   03053.63146707147
                   02678.47950426787
                   02501.47382460951
                   022617.3454084344
                   022315.1422747926
                   021703.8420169832
                   020769.4996191989
                   019528.3198516746
                   017980.1440505773
                   016220.1283818806
                   014179.6032924464
                   011973.3789061786
                   09744.07217101282
                   07706.36150995825
                   05885.99343511818
                   04474.23425448512
                   03380.71360957597
                   02963.88744766312
                   02767.86123509801
                   025207.5955729457
                   024858.4986857496
                   024152.9733865306
                   023076.727684837
                   021651.7267972042
                   019880.1316373383
                   017876.7466081362
                   015574.1873769209
                   013109.0501630334
                   010645.0112810197
                   08416.99534165326
                   06439.550502728
                   04895.28373866398
                   03727.10819454218
                   03266.02610750241
                   03049.68957090103
                   027994.6036659701
                   027593.923830495
                   026783.8576160957
                   025550.8358832257
                   023922.8476938194
                   021908.7818977789
                   019640.6448985318
                   017055.1535080629
                   014314.3367348557
                   011602.6330349006
                   09171.45804041679
                   07025.8446906001
                   05337.07755573686
                   04093.71185158366
                   03585.24048207222
                   03347.66785070377
                   030973.3313539146
                   030515.5892430893
                   029591.7600655215
                   028187.3252896187
                   026338.266013424
                   024059.2699447746
                   021508.0406509665
                   018620.3027305821
                   015585.9456740235
                   012614.4706637498
                   09969.41509951254
                   07638.25939619935
                   05570.2810565272
                   04476.04034158865
                   03920.81402717047
                   03661.46311771216
                   034135.5522923952
                   033615.9651921651
                   032567.9867553805
                   030977.2486735402
                   028889.0264784987
                   026327.0287401992
                   023470.1194276917
                   020263.6418285537
                   016917.3420107005
                   013675.998711182
                   010801.8851868041
                   08270.6429408015
                   05918.76005339201
                   04866.97807351625
                   04268.55837838556
                   03987.26850048784
                   037571.6578324217
                   036981.415974995
                   035794.0583633686
                   033991.5641909582
                   031630.0597000782
                   028745.0933766899
                   025559.5817848346
                   021994.0790408711
                   018308.726917696
                   014765.446763867
                   011643.7489238668
                   08891.28090583452
                   06367.83660558076
                   05232.08781512027
                   04585.76730781963
                   04282.84172475247
                   041041.7185246441
                   040381.5820236769
                   039039.6739611327
                   037026.0789001136
                   034396.5652146438
                   031194.087811127
                   027651.980100654
                   023735.2838717308
                   019714.9515229275
                   015881.8549052089
                   012501.9973917637
                   09536.23685647908
                   06857.08451045255
                   05637.57467072352
                   04933.84415791038
                   04611.17490094797
                   044677.8620291257
                   043943.129504637
                   042458.2825645207
                   040222.1998893076
                   037295.3665829416
                   033755.3809413718
                   029848.3503348735
                   025560.1192302381
                   021193.2301479262
                   017045.4988311111
                   013400.5806280166
                   010209.0062480894
                   07365.75968660681
                   06060.04421294452
                   05301.09564274467
                   04958.04790393529
                   048481.0117274432
                   047653.9993274538
                   046017.4084169348
                   043521.9002518596
                   040300.9094291003
                   036407.051277032
                   032117.9909229564
                   027446.0159348731
                   022719.8173493936
                   018249.1631220278
                   014329.2142239545
                   010900.0936811997
                   07901.80649889487
                   06496.13884452112
                   05680.567256559
                   05311.46467992174
                   052406.7344062362
                   051502.3620728663
                   049682.0021934066
                   046938.2370772077
                   043395.2568594249
                   039139.1355185132
                   034459.8257305489
                   029396.6386934555
                   024291.8858739102
                   019489.8272354652
                   015287.5806606211
                   011611.4988035785
                   08451.52300492291
                   06950.30326211217
                   06068.73404819326
                   05676.6927245908
                   056446.6175853116
                   055453.2672316022
                   053451.0385611507
                   050447.4218262087
                   046568.631001431
                   041923.6991357506
                   036824.3426927774
                   031382.2270437698
                   025900.5423709572
                   020766.3157580784
                   016263.7803630893
                   012327.3322990901
                   09010.6251467642
                   07409.12046503926
                   06465.3989536036
                   06045.73865890088
                   060599.9373454306
                   059510.377114847
                   057322.3722544135
                   054063.5781169947
                   049849.7729532248
                   044818.1557181638
                   039300.9873441372
                   033382.8582434096
                   027529.6680071951
                   022011.9054665504
                   017225.3743730703
                   013018.4401935941
                   09563.74772273809
                   07867.16407565905
                   06864.91940742786
                   06416.47508501041
                   064837.2393792598
                   063665.7683765162
                   061279.7996964989
                   057733.1746833073
                   053167.4366064252
                   047734.5503565965
                   041797.4881621157
                   035466.2456293014
                   029148.1278546754
                   023294.3237668586
                   018206.3469900305
                   013115.1218029157
                   010124.3865315219
                   08326.04015724952
                   07263.04592690176
                   06787.50568581202
                   069142.8639079182
                   067868.1969387298
                   065285.2321006067
                   061455.9563853811
                   056533.7485873148
                   050695.5539822209
                   044364.6629977546
                   037550.8241737984
                   030780.6920402414
                   024545.6853902036
                   019157.821548138
                   013573.183058973
                   010664.0695718293
                   08785.03922535553
                   07663.64272411552
                   07158.45512055765
                   073485.5690860282
                   072098.5298583145
                   069322.5771211252
                   065199.3387290347
                   059931.8273459062
                   053708.5164371495
                   046903.0645494017
                   039637.9132697387
                   032436.9787481543
                   025833.8905319302
                   020086.8893484119
                   014248.3200010325
                   011203.357734097
                   09244.86727156914
                   08064.94616633589
                   07528.84477743675
                   077851.5513116294
                   076362.2939496412
                   073387.3879069467
                   068999.1520547254
                   063370.0744794712
                   056696.5782087519
                   049450.7199219403
                   041730.7754865212
                   034091.2403589713
                   027115.9526273373
                   021029.2713088908
                   014921.634548427
                   011733.1548340579
                   09697.24794205033
                   08463.51349184271
                   07898.43481997523
                   082209.8188995609
                   080616.3532603873
                   077468.0955636997
                   072778.2050920653
                   066764.0207084731
                   059670.3215145952
                   051983.5955377491
                   043803.5446368516
                   035727.3761034235
                   028377.8836920513
                   021951.0728332696
                   015596.7480532505
                   012264.2773104695
                   010130.3069075655
                   08854.41059207958
                   08260.47398741443
                   086588.8462421187
                   084886.1116621806
                   081544.1096941155
                   076541.5736925413
                   070156.4424659013
                   062639.7508537451
                   054508.1872667836
                   045869.6588527581
                   037349.4002854983
                   029626.2710755139
                   022859.2608427216
                   016265.7930138523
                   012796.9230920596
                   010562.3432058352
                   09237.95629967492
                   08615.9618151034
                   090932.4019201205
                   089156.4643161252
                   085579.3615184318
                   080283.2211815271
                   073524.7969940432
                   065587.7823341969
                   057010.401667799
                   047912.5640633991
                   038945.1590254173
                   030843.3838614281
                   023741.0740174613
                   016920.1957599004
                   013319.8925090336
                   010990.0373771122
                   09606.99159157721
                   08966.49159940746
                   095226.5598355719
                   093347.8542903675
                   089567.4673217405
                   083975.2180207259
                   076848.3810227333
                   068493.6380356229
                   059475.637335159
                   049919.5345393076
                   040507.3961443711
                   032020.0558505629
                   024592.9812204911
                   017557.4951802622
                   013828.223735435
                   011405.4162810142
                   09973.11515399779
                   09307.11850834451
                   099470.0495528272
                   097469.5140224424
                   093496.8730983181
                   087613.3522026531
                   080124.5065510028
                   071353.3658798443
                   061899.1859828046
                   051886.8203759559
                   042032.1242324034
                   033156.0515788038
                   025397.7234331982
                   018174.4287780458
                   014322.2383709127
                   011810.4220029137
                   010331.2625764045
                   09635.82255490662
                   0103679.447345072
                   0101539.013399229
                   097367.3006872725
                   091197.6107209085
                   083349.4004668344
                   074170.2167521487
                   064281.9433909977
                   053819.1658190863
                   043520.529263247
                   034256.9410256362
                   025690.7143241216
                   018779.9202598635
                   014806.0617326566
                   012208.8194092225
                   010681.0631061072
                   09953.88772800502
                   0107772.010271566
                   0105539.227684773
                   0101135.802996653
                   094664.9375856648
                   086461.4169543465
                   076885.6183730317
                   066588.256537954
                   055698.7249710485
                   044912.4403905401
                   035296.8401215918
                   025336.5033493928
                   019354.3703482934
                   015275.6147068434
                   012590.8159104858
                   011010.2956510823
                   010263.2883693016
                   0111782.434030217
                   0109494.172617476
                   0104916.481874154
                   098168.4009125825
                   089609.7588239677
                   079624.0140383321
                   068890.4911201787
                   057533.6771526964
                   046227.3590767875
                   036246.6565070058
                   025882.9888376391
                   019846.5483099551
                   015690.2155075314
                   012931.7998456387
                   011314.6569685113
                   010556.8633004867
                   0115723.10232727
                   0113321.032387891
                   0108551.435182356
                   0101526.008138741
                   092621.8321249938
                   082247.0143411072
                   071100.4874189739
                   059307.9657654845
                   047520.8235875313
                   037179.4768075647
                   026520.5521880714
                   020350.8543809122
                   016108.2639917137
                   013277.1312090685
                   011616.7439098928
                   010835.0881747589
                   0119527.445956854
                   0117030.253510294
                   0112072.957777141
                   0104777.720624531
                   095541.630100617
                   084784.5321387765
                   073236.3021334434
                   061010.7736214428
                   048732.3845847921
                   038069.3155217685
                   027138.0321889617
                   020833.3099560995
                   016506.4063386289
                   013605.1596739105
                   011904.1258494717
                   011103.8701160347
                   0123209.350800114
                   0120618.718496827
                   0115481.380127712
                   0107926.077134447
                   098368.9283551463
                   087240.4634695097
                   075299.6253452545
                   062647.1729101393
                   049925.3911008529
                   038924.920211689
                   027741.9884880805
                   021304.1863034796
                   016891.0242938846
                   013924.2085575276
                   012183.0338708633
                   011363.9598941863
                   0126776.189379082
                   0124096.297070352
                   0118783.463608453
                   0110974.256593079
                   0101101.766373025
                   089612.566547543
                   077287.5924989895
                   064225.0411485322
                   051061.7733007134
                   039741.3398700613
                   028324.8753254877
                   021757.9769230371
                   017257.9153826099
                   014229.1520783696
                   012449.5028676217
                   011612.8660510308
                   0130215.692778082
                   0127449.253620515
                   0121965.995506241
                   0113910.378801544
                   0103734.799498578
                   091898.8034199405
                   079199.6158604741
                   065732.7426432023
                   052143.9077259391
                   040509.287707703
                   028877.8859572946
                   022192.5906488044
                   017606.5449746175
                   014518.9300105414
                   012703.0718270422
                   011849.6278100145
                   0133540.540079548
                   0130689.068374922
                   0125040.207139037
                   0116747.069285208
                   0106275.189808747
                   094101.3114080579
                   081039.5352744469
                   067180.2299642494
                   053167.4288075941
                   041219.2579997781
                   029406.0253062567
                   022608.1322658129
                   017936.6388262201
                   014794.4423476266
                   012943.954359245
                   012074.1320785599
                   0136754.17974687
                   0133821.076048792
                   0128011.943462382
                   0119487.936397672
                   0108729.015526566
                   096229.0854451923
                   082812.7305564176
                   068569.880991
                   054142.2994238069
                   041716.671697957
                   029909.7174859741
                   023008.0225798353
                   018252.4684989349
                   015058.2682062335
                   013174.1778195086
                   012289.0215280857
                   0139830.861882691
                   0136819.446205013
                   0130855.733753796
                   0122110.177699461
                   0111076.11726598
                   098259.6843808456
                   084501.8026477011
                   069888.0123737459
                   055056.1756005915
                   041749.3510780309
                   030383.491838876
                   023383.6391056355
                   018549.4426883508
                   015305.7493388086
                   013390.8467359652
                   012490.9777491469
                   0142809.414335966
                   0139721.675202358
                   0133609.825790594
                   0124648.705643213
                   0113347.122818441
                   0100223.096887018
                   086134.4120715878
                   071157.6446729832
                   055921.2797838632
                   041200.3492561954
                   030833.0597033199
                   023745.3506967421
                   018835.3185568346
                   015543.0889074452
                   013598.3661340847
                   012684.4631601057
                   0145702.908491248
                   0142540.881452958
                   0136282.844959837
                   0127112.959954218
                   0115548.620615796
                   0102128.544393435
                   087713.678533851
                   072383.0846273489
                   056737.913835039
                   040902.3096041907
                   031252.9210901605
                   024094.3654554962
                   019109.7183821458
                   015771.3614484641
                   013798.0726868588
                   012870.4541598455
                   0148528.328083089
                   0145293.903719282
                   0138893.741354132
                   0129516.885008506
                   0117701.377828975
                   0103987.968076191
                   089254.5285745024
                   073574.1047380801
                   057516.1409349861
                   041225.5747743026
                   031651.7829292885
                   024431.4096524207
                   019377.5467493356
                   015992.6248411866
                   013991.647196871
                   013050.6855366355
                   0151416.658758384
                   0148107.843802524
                   0141563.493138661
                   0131979.011943019
                   0119903.844333055
                   0105893.663633566
                   090836.0963262669
                   074795.0832907861
                   058312.3012705582
                   041742.6381229989
                   032067.1700493091
                   024782.6720848743
                   019655.1716554638
                   016222.6029656144
                   014192.3896742883
                   013237.7866394946
                   0154543.661155858
                   0151157.197523088
                   0144458.267766505
                   0134651.971671145
                   0122297.881219441
                   0107970.743444603
                   092561.1806722811
                   076134.9138538558
                   059200.9081149633
                   042358.4930838034
                   032546.3514832296
                   025177.8672272004
                   019967.0468034218
                   016480.5789279182
                   014417.7816783868
                   013448.0463116534
                   0158406.20731993
                   0154925.141347247
                   0148041.312821974
                   0137966.563349892
                   0125276.604417112
                   0110562.207301288
                   094730.2425185292
                   077835.1130170084
                   060303.8423950688
                   043191.8003991505
                   033191.7349857748
                   025697.6146312753
                   020378.2301819029
                   016820.1595410361
                   014714.5903336729
                   013724.5007747022
                   0162317.781899117
                   0158745.569607592
                   0151681.744475161
                   0141341.697605587
                   0128326.719543277
                   0113233.935521593
                   096993.3632284754
                   079651.9623609703
                   061531.0601036476
                   044151.0353005482
                   033930.9372957432
                   026277.4961113062
                   020838.160939763
                   017199.8864682442
                   015046.1397288874
                   014033.5539864136
                   0164823.740948965
                   0161195.289964964
                   0154020.251887323
                   0143522.344374928
                   0130300.672590204
                   0114968.471816033
                   098472.4197634528
                   080853.823729681
                   062615.1090057166
                   044804.0491992622
                   034433.4124916936
                   026669.2572521126
                   021148.1082128077
                   017455.4963635655
                   015269.7040112383
                   014242.0565022623
                   0167498.863200311
                   0163809.806184096
                   0156516.295532695
                   0145844.950927154
                   0132406.074742493
                   0116820.088537252
                   0100051.24719757
                   082140.5414157376
                   063361.4967355093
                   045502.3559861153
                   034969.7968324153
                   027086.6438348158
                   021479.1727571192
                   017728.4184891108
                   015508.5123895804
                   014464.5218164349
                   0170373.800139645
                   0166619.902979494
                   0159199.206091918
                   0148341.541177045
                   0134669.268120119
                   0118814.724423377
                   0101747.955468703
                   083522.1006659285
                   064367.3888207553
                   046252.4325444862
                   035547.0634069795
                   027534.858389666
                   021834.5630945478
                   018021.5012088419
                   015764.7021284734
                   014703.5029908404
                   0173472.670177515
                   0169649.272152563
                   0162091.506260633
                   0151033.235956856
                   0137108.871171757
                   0120961.180771455
                   0103580.58824251
                   085010.0392953267
                   065706.1602264098
                   047062.1227942764
                   036169.1654183447
                   028018.1404917295
                   022217.5704108805
                   018337.4122036553
                   016041.0772339215
                   014961.0467560488
                   0176837.767920215
                   0172937.652760551
                   0165231.221802122
                   0153948.357376494
                   0139750.699944252
                   0123286.573326591
                   0105563.988940505
                   086622.2845650279
                   066641.7945002081
                   047936.4765339623
                   036842.3319086372
                   028541.1630371651
                   022631.9500141953
                   018679.1992867782
                   016339.5927549002
                   015239.7482581025
                   0180468.491163446
                   0176488.013813122
                   0168619.190482688
                   0157107.073714769
                   0142606.632323763
                   0125800.225627518
                   0107705.724780625
                   088364.29363701
                   067906.9231689471
                   048882.544224343
                   037569.0752460029
                   029106.3163948753
                   023079.5624200075
                   019048.4158069313
                   016662.4862707269
                   015540.5489114318
                   0184411.56085578
                   0180342.509747187
                   0172298.755676864
                   0160531.728571625
                   0145713.757100508
                   0128531.02504851
                   0110033.172227002
                   090255.7095501171
                   069284.7195067936
                   049910.4614606188
                   038360.1696293457
                   029720.20251425
                   023565.3178433571
                   019449.2726256779
                   017013.0874230344
                   015867.441538247
                   0188696.546420009
                   0184530.413391091
                   0176297.248777614
                   0164251.9441532
                   0149084.39758021
                   0131497.175475125
                   0112562.034438957
                   092310.9009530287
                   070778.2778509216
                   051026.0055375295
                   039219.3825644068
                   030386.838362066
                   024093.0714635792
                   019883.8422741322
                   017393.2816134851
                   016221.8263878554
                   0193358.066660942
                   0189087.28608659
                   0180646.77639868
                   0168300.405668432
                   0152753.076378111
                   0134724.841441956
                   0115311.897952663
                   094545.5194077732
                   072401.7039497062
                   052239.9167125256
                   040152.1351028842
                   031110.7802747673
                   024666.3417158033
                   020356.8860237519
                   017806.6977488215
                   016607.089287594
                   0198429.709900988
                   0194044.233780248
                   0185379.411853721
                   0172705.476340291
                   0156744.01266772
                   0138234.801607594
                   0118303.517545197
                   096975.2953538059
                   074166.0511387958
                   053559.775473074
                   041167.3014905577
                   031898.611280168
                   025289.591131145
                   020870.9213837138
                   018255.5698221041
                   017025.9263735379
                   0203946.483473732
                   0199437.327832345
                   0190528.22148452
                   0177496.650298152
                   0161084.101133434
                   0142053.902445968
                   0121556.117546902
                   099616.642915869
                   076080.4480604773
                   054993.985238956
                   042268.819994021
                   032753.7034111113
                   025966.6193882341
                   021428.7130894717
                   018743.6945439847
                   017480.4840067007
                   0209959.969760874
                   0205316.390567661
                   0196138.94836071
                   0182717.906390694
                   0165814.676771422
                   0146215.92310162
                   0125100.902696598
                   0102493.937457831
                   078164.2441214838
                   056556.38383444
                   043469.4946732608
                   033685.2204127573
                   026704.3176660209
                   022036.7678882625
                   019275.4194876955
                   017976.1290935937
                   0216534.256177215
                   0211742.904093493
                   0202274.031541734
                   0188425.605891115
                   0170985.862269425
                   0150764.604038938
                   0128975.897973959
                   0105637.849878324
                   080435.4526823403
                   058261.8228826574
                   044780.3223163597
                   034702.2002955814
                   027509.4190946489
                   022700.1253137115
                   019855.3128047163
                   018516.61194323
                   0223724.607245733
                   0218771.228155756
                   0208983.91759232
                   0194668.074468539
                   0176642.119296765
                   0155739.280289815
                   0133212.729007372
                   0109074.538828028
                   082914.586878525
                   060126.9460664501
                   046213.3227132242
                   035813.1215566223
                   028388.771832568
                   023424.9552688442
                   020488.9624282232
                   019107.1120767224
                   0231583.319258483
                   0226452.929836791
                   0216315.237181105
                   0201489.840702069
                   0182822.61171498
                   0161173.821652789
                   0137842.443544122
                   0112828.096780127
                   085615.2816703919
                   062161.4455390052
                   047778.5825335996
                   037025.3987905783
                   029348.1900518853
                   024215.6876988199
                   021179.9920101184
                   019751.4628285784
                   0240205.000214734
                   0234880.081768946
                   0224357.953932508
                   0208974.854876952
                   0189601.674400636
                   0167134.719978137
                   0142917.867388114
                   0116941.488952565
                   088570.9369631212
                   064391.0676302226
                   049492.6692819195
                   038354.1743561504
                   030399.014512665
                   025081.8837532212
                   021937.1174520417
                   020456.9585324405
                   0249697.994049671
                   0244159.502187155
                   0233207.778118474
                   0217208.418411611
                   0197059.914809969
                   0173692.137916763
                   0148498.466289039
                   0121462.650600791
                   091813.611444602
                   066842.1700973843
                   051375.8544963997
                   039813.2678795804
                   031554.0898780732
                   026033.079401477
                   022768.5579795004
                   021232.0414816006
                   0260116.553150099
                   0254342.960146296
                   0242933.623285983
                   0226255.570479739
                   0205248.701660647
                   0180893.825480492
                   0154625.865979573
                   0126426.254522117
                   095361.9777129471
                   069528.7016563772
                   053439.3660993268
                   041413.5404387234
                   032820.1422661086
                   027076.1054747446
                   023679.7699201729
                   022081.1681243935
                   0271605.330514441
                   0265571.520022838
                   0253650.161150843
                   0236225.497472453
                   0214278.474083263
                   0188830.08085376
                   0161382.064155247
                   0131890.705015214
                   099261.2941568317
                   072485.5859838573
                   055712.2416206178
                   043172.9512963829
                   034213.5237524325
                   028223.2821066163
                   024682.4923724886
                   023015.3815141235
                   0284280.647126154
                   0277958.357642927
                   0265472.964474708
                   0247223.514846257
                   0224236.353819467
                   0197582.653789382
                   0168829.839728845
                   0137911.029064559
                   0103549.08242319
                   075741.359817698
                   058215.1242573268
                   045112.3042377312
                   035746.5216155007
                   029486.4188307703
                   025785.8656562207
                   024043.6669585051
                   0298283.596502166
                   0291646.507961654
                   0278535.785451701
                   0259373.227000185
                   0235237.585290087
                   0207249.183861948
                   0177050.228536448
                   0144553.097376952
                   0108267.76879411
                   079332.4805142892
                   060974.0957806131
                   047248.9616051127
                   037437.0487130835
                   030877.9206158861
                   027001.9779645554
                   025177.023941378
                   0313806.223781048
                   0306817.34472858
                   0293013.078529514
                   0272839.721759216
                   0247432.078806795
                   0217960.063856538
                   0186155.809424393
                   0151906.695325739
                   0113475.744749839
                   083306.1755199622
                   064027.1477076343
                   049613.8847768592
                   039305.9081168542
                   032417.0909523262
                   028346.8749904146
                   026429.9010122878
                   0331036.138416418
                   0323656.406439575
                   0309080.709692739
                   0287782.177334485
                   0260959.988169385
                   0229843.560613155
                   0196254.72082845
                   0160054.458880601
                   0119234.164473024
                   087706.0048747788
                   067407.2579385975
                   052231.2879881554
                   041375.7456687082
                   034120.2439052299
                   029834.7922317145
                   027816.2061195351
                   0350193.571043491
                   0342378.349705898
                   0326945.477031992
                   0304395.163764597
                   0275997.275343078
                   0243048.931777443
                   0207474.218092108
                   0169099.833626576
                   0125608.710554753
                   092586.7475209947
                   071157.282814904
                   055133.6653794126
                   043669.7113343533
                   036008.2513429779
                   031484.537657007
                   029353.1739052757
                   0371547.541657243
                   0363246.480510274
                   0346856.983298584
                   0322910.450797323
                   0292753.466532225
                   0257760.449988627
                   0219968.404725999
                   0179162.226699218
                   0132685.477365891
                   098014.5697629161
                   075328.4383671563
                   058360.6421374861
                   046220.1489329946
                   038107.0235218605
                   033317.4805259766
                   031060.4968785993
                   0395376.21663165
                   0386532.655362041
                   0369074.154338888
                   0343567.907135648
                   0311446.056977566
                   0274176.020971972
                   0233897.065022916
                   0190370.454503602
                   0140546.40265657
                   0104056.427798674
                   079969.2060222235
                   061951.2548703365
                   049057.2223527549
                   040440.9675005926
                   035356.7362177095
                   032959.7512940571
                   0422082.04256513
                   0412630.586039867
                   0393969.730099546
                   0366713.546682144
                   0332387.07931958
                   0292555.570677534
                   0249489.795464677
                   0202902.502241526
                   0149316.451964373
                   0110807.611817796
                   085154.4153039728
                   065962.5139625089
                   052226.0379404741
                   043048.2608908952
                   037633.2722485351
                   035080.1343380869
                   0452082.799763916
                   0441934.716729187
                   0421924.888003075
                   0392699.908910994
                   0355892.34076499
                   0313180.171639157
                   0266978.855516117
                   0216943.048986977
                   0159119.824529996
                   0118368.516088795
                   090960.6044543787
                   070453.3085407055
                   055772.4377647131
                   045964.4739375031
                   040180.1808988606
                   037452.1137704345
                   0485817.55138672
                   0474907.13409034
                   0453363.153327879
                   0421920.289058743
                   0382319.812477638
                   0336361.707945186
                   0286624.529980461
                   0232691.780346229
                   0170099.480207995
                   0126847.073030603
                   097469.9646727839
                   075487.1316074498
                   059747.7854037299
                   049232.9686854006
                   043033.8563906039
                   040109.6990019929
                   0523919.861489979
                   0512137.568346854
                   0488881.840737494
                   0454916.812260722
                   0412155.195885212
                   0362523.779239806
                   0308781.890531682
                   0250440.651890359
                   0182439.803564242
                   0136396.087644996
                   0104800.416132113
                   081153.7914053226
                   064220.6996929523
                   052910.079150868
                   046244.4419001914
                   043099.6730195987
                   0566987.921850627
                   0554216.399047982
                   0529013.613215127
                   0492203.24877251
                   0445862.602241104
                   0392072.518480786
                   0333800.091815325
                   0270438.065263926
                   0196327.051895291
                   0147152.014628504
                   0113056.308095383
                   087536.173229511
                   069257.2501045408
                   057049.9490326832
                   049857.9186728836
                   046464.041604712
                   0615835.972017404
                   0601939.999969118
                   0574521.355430853
                   0534494.152837191
                   0484069.512479675
                   0425552.333379415
                   0362119.719602515
                   0293047.91779583
                   0212001.679117504
                   0159310.650857962
                   0122386.582172642
                   094746.7919554339
                   074946.1117426274
                   061724.1517409906
                   053938.3871150586
                   050262.6779641057
                   0671434.492893435
                   0656257.161442347
                   0626311.096137778
                   0582600.345816425
                   0527532.374153183
                   0463620.634852909
                   0394300.53623903
                   0318694.381822381
                   0229766.53073416
                   0173099.527753735
                   0132968.608617356
                   0102923.144457645
                   081395.8680308655
                   067023.1031436889
                   058562.5762203525
                   054567.4628530453
                   0734755.674963394
                   0718114.014557992
                   0685284.686724439
                   0637370.619091602
                   0577016.952293259
                   0506935.099321871
                   0430884.415816386
                   0347803.111184412
                   0249908.515781023
                   0188749.056169564
                   0144977.678330789
                   0112199.321446056
                   088711.9058665586
                   073031.7841998416
                   063805.1301282623
                   059447.1585474375
                   0807168.227647184
                   0788850.194506261
                   0752709.930257006
                   0699975.799004283
                   0633550.866569499
                   0556405.702371419
                   0472633.268989746
                   0380956.111090243
                   0272842.426714394
                   0206575.162776766
                   0158651.65816342
                   0122761.557542058
                   097039.9210126341
                   079869.7007194208
                   069770.8538588422
                   065000.3118381705
                   0890401.482954545
                   0870149.036947309
                   0830197.289074706
                   0771908.323918258
                   0698484.363550225
                   0613196.592903621
                   0520512.725557088
                   0418901.144015617
                   0299080.76773036
                   0226978.549941341
                   0174302.958375693
                   0134849.284520666
                   0106568.171411945
                   087693.0815520215
                   076594.6272241259
                   071351.2801943471
                   0986095.172278238
                   0963610.862148239
                   0919263.79345926
                   0854568.618875492
                   0773073.91491103
                   0678412.820571032
                   0575427.795264191
                   0462323.831314966
                   0329151.602725368
                   0250329.779981246
                   0192215.830824183
                   0148682.900265845
                   0117470.059680988
                   096640.6226447567
                   084398.4854296284
                   078613.9760234438
                   01096531.14311339
                   01071464.75464598
                   01022023.37450368
                   0949912.547744359
                   0859071.744465997
                   0753543.711172585
                   0638630.946903641
                   0512186.774741375
                   0363599.639003689
                   0277150.154052022
                   0212787.596105332
                   0164566.622984379
                   0129984.275992182
                   0106910.965171956
                   093355.2737324765
                   086947.2862793036
                   01224179.9667611
                   01196115.99895485
                   01140732.49518982
                   01060021.81795794
                   0958347.202448896
                   0840216.511371985
                   0711455.005513901
                   0569494.725864164
                   0403244.943640319
                   0307974.117375687
                   0236433.100870886
                   0182824.063356766
                   0144368.679629268
                   0118713.118994961
                   0103645.385312306
                   096522.558043843
                   01372043.48639535
                   01340492.39882775
                   01278260.72550797
                   01187514.49503199
                   01073239.49986035
                   0940446.529356288
                   0795563.918353963
                   0635509.186470563
                   0448913.741498376
                   0343473.178373839
                   0263671.857429074
                   0203855.161034787
                   0160936.647059021
                   0132305.982171993
                   0115493.544187985
                   0107545.435292782
                   01544304.37515035
                   01508671.01294002
                   01438394.16939973
                   01335930.00851376
                   01206904.73669598
                   01056959.14720237
                   0893204.117841119
                   0711895.677042907
                   0501765.192678155
                   0384538.508103217
                   0295185.099792148
                   0228190.529109
                   0180101.600856011
                   0148027.431078832
                   0129199.319284604
                   0120295.730704022
                   01744656.66013364
                   01704252.41141377
                   01624575.22800979
                   01508458.77006275
                   01362161.44986992
                   01192162.82398771
                   01006313.37300035
                   0800134.524540808
                   0562896.885258412
                   0431941.993517642
                   0331577.940653356
                   0256291.513993555
                   0202236.16711664
                   0166179.216533611
                   0145018.990110597
                   0135010.89418004
                   01978614.7490437
                   01932609.5302216
                   01841883.39803337
                   01709708.00153576
                   01543204.26365979
                   01349617.83849169
                   01137796.78971404
                   0902330.679240917
                   0633676.948859091
                   0486801.862378021
                   0373707.704851895
                   0288826.017078494
                   0227856.125124149
                   0187191.068381237
                   0163331.344802464
                   0152045.158176836
                   02252203.19310201
                   02199601.33957793
                   02095884.93564015
                   01944809.87682212
                   01754505.94112796
                   01533199.2362879
                   01290783.52375859
                   01020787.51606491
                   0715569.766581889
                   0550318.46846591
                   0422505.473225544
                   0326516.770771072
                   0257539.331419215
                   0211530.135223495
                   0184540.344604391
                   0171770.496141124
                   02571858.31897138
                   02511493.3346795
                   02392486.76376363
                   02219180.92098064
                   02000881.57913037
                   01746962.19645488
                   01468518.90262909
                   01157819.39966969
                   0810100.822927998
                   0623667.033591099
                   0478892.557360753
                   0370074.751422577
                   0291840.232434552
                   0239652.203342837
                   0209042.686587475
                   0194560.524940253
                   02946729.50312144
                   02877190.39967384
                   02740092.39613446
                   02540521.44814559
                   02289144.39075176
                   01996729.26028805
                   01675602.92056078
                   01316724.11093853
                   0919376.822891953
                   0708537.086435547
                   0544163.916168763
                   0420507.438431511
                   0331553.730106452
                   0272212.998436731
                   0237411.170728017
                   0220939.895780259
                   03385758.39607393
                   03305368.89555672
                   03146898.97714637
                   02916294.87755735
                   02625845.31360905
                   02287907.1649975
                   01916337.7764415
                   01500460.51680761
                   01045262.80446972
                   0806397.750951724
                   0619483.460429369
                   0478717.723689219
                   0377391.114595904
                   0309785.423832364
                   0270144.994049862
                   0251379.218590338
                   03900727.47929775
                   03807469.48802602
                   03623579.45131359
                   03356229.87826596
                   03019526.96112427
                   02627680.93433626
                   02196296.21550265
                   01712853.55332203
                   01190144.3999565
                   0919138.656568669
                   0706312.976580182
                   0545841.856538098
                   0430250.751200236
                   0353112.126950933
                   0307883.254747122
                   0286465.561372405
                   04501383.05459812
                   04392938.19527205
                   04179250.10714311
                   03868457.12638636
                   03477187.62099206
                   03021735.6012641
                   02519702.26822454
                   01956520.76730501
                   01355516.171824
                   01047938.50441678
                   0805603.534004622
                   0622620.891531087
                   0490704.666366884
                   0402660.344756405
                   0351036.345402655
                   0326583.552876657
                   05199946.66692709
                   05073626.69615925
                   04824713.46742832
                   04462934.76082817
                   04007310.43729511
                   03476937.52439515
                   02891569.42407292
                   02234473.56082958
                   01542991.61562458
                   01194122.19820116
                   0918388.512813911
                   0709868.275622502
                   0559409.66750147
                   0458955.517934391
                   0400060.070172543
                   0372154.896626154
                   06005492.61212229
                   05858223.60809657
                   05568079.87703742
                   05146589.24353775
                   04615748.13784332
                   03997699.05827137
                   03314751.64173093
                   02547802.41296384
                   01752748.14652589
                   01357937.03849118
                   01044909.62903668
                   0807779.237363082
                   0636495.129139681
                   0522117.460682912
                   0455052.044051608
                   0423268.176943559
                   06922838.18574519
                   06751301.57111039
                   06413365.85572255
                   05922696.48687407
                   05304895.41054444
                   04585169.2929898
                   03789017.47293767
                   02895118.00608746
                   01983168.93280666
                   01538209.82685989
                   01184318.98358396
                   0915704.449216164
                   0721480.575543001
                   0591729.579257367
                   0515649.64722611
                   0479577.909121809
                   06891041.14549185
                   06718418.76428454
                   06378334.82708021
                   05885214.32318643
                   05263727.21728457
                   04539647.7588024
                   03737953.32829868
                   02838464.41576478
                   01935729.20061727
                   01503010.20114685
                   01157920.29461257
                   0895469.898658221
                   0705490.171585426
                   0578528.924859046
                   0504079.097064944
                   0468772.741200459
                   06664458.06967283
                   06495812.231331
                   06163494.73372282
                   05681593.59694921
                   05074987.14420861
                   04367803.4318838
                   03584117.56916819
                   02705974.54638399
                   01837641.52857333
                   01428177.90820344
                   01100896.08421477
                   0851543.743848937
                   0670847.853906811
                   0550054.622386433
                   0479214.968196468
                   0445603.505936408
                   06425257.60478455
                   06261121.08292754
                   05938031.30411122
                   05468641.29985549
                   04878169.17209191
                   04190061.1588375
                   03426731.68896563
                   02573073.27142252
                   01740548.41835322
                   01353841.88666805
                   01044146.44495962
                   0807793.290272076
                   0636364.039045259
                   0521721.185582426
                   0454482.769060968
                   0422573.198344803
                   06173484.06611062
                   06014335.16174954
                   05700588.73920669
                   05245825.39933416
                   04673467.46249975
                   04006373.72035226
                   03266234.38109102
                   02439486.24226444
                   01644225.91069837
                   01279860.40456688
                   0987572.679395456
                   0764162.404879768
                   0601973.643293387
                   0493473.264329653
                   0429839.437139145
                   0399625.330756046
                   05908292.78309461
                   05754578.24124475
                   05451851.97417103
                   05012512.9216596
                   04460115.88313841
                   03816039.87674848
                   03100840.15916859
                   02304447.74222583
                   01548066.80795092
                   01205816.66865832
                   0930861.668347809
                   0720401.784735866
                   0567483.633061707
                   0465158.623658774
                   0405137.111097178
                   0376633.58095148
                   05629545.17359581
                   05485306.19063183
                   05191637.88418401
                   04768776.75184812
                   04237643.39080873
                   03621053.96211512
                   02931425.86185563
                   02167697.50370762
                   01451827.77049596
                   01131553.8974872
                   0873904.619654991
                   0676425.715711379
                   0532829.022946457
                   0436716.095832615
                   0380329.87781106
                   0353546.778237061
                   05337828.12397093
                   05196814.51641272
                   04917884.27779732
                   04514498.28416027
                   04006779.69841625
                   03415110.429833
                   02757831.9753713
                   02029318.88503619
                   01355517.75091151
                   01057095.20520389
                   0816727.406040961
                   0632261.407587797
                   0498027.526244873
                   0408158.053606005
                   0355431.843857222
                   0330379.287632327
                   05032863.9482301
                   04898258.03511882
                   04633355.34772001
                   04249871.25069483
                   03767188.55083671
                   03204582.94076284
                   02579761.64517945
                   01889018.55463862
                   01258885.65832395
                   0982265.456722383
                   0759193.973904224
                   0587803.33250353
                   0462999.282809186
                   0379421.456080689
                   0330381.269609732
                   0307075.340820925
                   04716546.39815467
                   04589023.80106688
                   04338747.16144787
                   03976535.00791379
                   03520345.67902412
                   02988554.82437702
                   02398495.78803614
                   01747508.24003379
                   01162358.51061641
                   0907402.775657133
                   0701578.880846828
                   0543266.715055161
                   0427908.538454494
                   0350637.546210847
                   0305294.952762274
                   0283740.775037841
                   04389005.08103954
                   04269144.33786255
                   04034162.36278765
                   03694123.44843134
                   03266149.3553498
                   02767103.21287993
                   02213421.13315781
                   01604733.35955658
                   01065825.19233715
                   0832437.822746034
                   0643835.005078854
                   0498608.934989714
                   0392723.875791282
                   0321783.429901158
                   0280150.673074675
                   0260357.142329795
                   04053394.0405453
                   03940848.90415675
                   03721704.3714476
                   03405138.74416923
                   03006358.59682093
                   02541612.02154277
                   02026267.71764828
                   01461501.55603772
                   0969752.588505059
                   0757742.985647219
                   0586246.578578048
                   0454065.79205489
                   0357630.718003784
                   0293007.068190756
                   0255079.401423828
                   0237043.14794696
                   03709301.86820923
                   03605734.93993313
                   03403468.53165363
                   03111080.44667517
                   02742802.49320352
                   02313577.24681416
                   01837968.95736766
                   01318697.45052135
                   0874661.811214736
                   0683732.72923159
                   0529148.743979894
                   0409885.80400561
                   0322824.487862925
                   0264471.356760532
                   0230220.980922801
                   0213930.077745575
                   03362476.52005159
                   03267399.99323262
                   03082270.32490221
                   02814677.35126333
                   02477708.93137431
                   02084906.04268945
                   01650084.93613996
                   01177421.33371853
                   0781166.769374019
                   0610900.17643752
                   0472918.030065461
                   0366369.948671371
                   0288543.678286259
                   0236371.180350443
                   0205744.761339624
                   0191174.781942642
                   03018548.05054947
                   02929455.94647847
                   02761876.61706237
                   02519302.85352803
                   02213826.40869649
                   01858020.47605001
                   01464610.75386265
                   01039165.89533057
                   0690132.038401318
                   0539922.314827722
                   0418091.352055086
                   0323926.85846183
                   0255110.568752225
                   0208967.943309789
                   0181880.699354646
                   0168990.579529786
                   02673527.96778057
                   02595568.70660093
                   02444956.19155728
                   02227954.75903725
                   01954082.79519231
                   01635172.00974931
                   01283316.93420045
                   0905163.445521496
                   0602268.660506719
                   0471368.162543503
                   0365103.355005844
                   0282903.771629418
                   0222796.241525076
                   0182486.395589928
                   0158820.27140529
                   0147556.438403354
                   02338194.51878358
                   02269573.56416041
                   02136426.76104762
                   01943756.91507323
                   01701314.53462023
                   01419240.04990164
                   01108484.43479796
                   0777197.400507894
                   0518543.229200232
                   0405992.194108502
                   0314551.721818565
                   0243757.546183157
                   0191962.961039154
                   0157221.013301869
                   0136822.274950784
                   0127111.125597451
                   02016081.02377498
                   01956252.17474867
                   01839500.96794367
                   01671106.58537105
                   01459145.37042581
                   01212768.04661941
                   0942212.412319071
                   0656704.30667398
                   0439749.062135291
                   0344431.287292286
                   0266928.793967817
                   0206873.155414469
                   0162912.380505764
                   0133418.686970638
                   0116100.581694295
                   0107854.903571905
                   01711527.94298071
                   01659640.38399684
                   01559009.58628742
                   01413620.12282992
                   01230907.14323169
                   01018799.8864211
                   0787362.940103992
                   0545359.661236991
                   0366834.930208977
                   0287426.839835692
                   0222811.763372339
                   0172699.371384724
                   0135997.813989507
                   0111370.31134062
                   096907.5417212895
                   090019.6481711318
                   01427752.28604852
                   01383849.1859393
                   01298089.67814918
                   01174541.37128188
                   01019243.54127816
                   0839512.643695569
                   0643938.962685682
                   0444295.785091427
                   0300396.170169675
                   0235457.97946858
                   0182574.123901577
                   0141526.52357596
                   0111447.545972572
                   091259.1248398492
                   079403.4220930293
                   073755.5564673764
                   01168404.09613324
                   01131402.6756564
                   01059687.15946348
                   0956267.001358847
                   0826546.91463789
                   0676876.378677299
                   0515306.043390638
                   0354363.824827758
                   0240936.323232852
                   0188920.001271608
                   0146528.816098178
                   0113596.859912381
                   089451.9790014356
                   073243.4900601612
                   063723.5569344386
                   059187.4944967948
                   0935128.881870818
                   0904854.877275196
                   0845695.448554414
                   0760671.355520642
                   0654301.240781324
                   0532150.812914737
                   0401797.700731447
                   0275935.715363979
                   0188676.711786768
                   0147997.326857903
                   0114820.36496655
                   089023.7199703658
                   070100.3402057535
                   057394.5033335789
                   049930.8924198293
                   046373.9924396853
                   0730545.370391964
                   0705876.768864756
                   0658139.140082519
                   0589599.140639105
                   0504069.797601923
                   0406997.330802473
                   0304374.59203288
                   0209271.255132065
                   0143866.160160676
                   0112889.574093693
                   087606.7923146085
                   067931.2048979023
                   053490.0134489405
                   043791.7025563262
                   038094.0821798475
                   035378.2164692141
                   0554509.470801412
                   0535111.060426922
                   0497279.278035547
                   0443147.938868807
                   0376124.080993555
                   0300554.790076245
                   0222938.663744807
                   0153887.538414752
                   0106308.176793327
                   083449.3161042638
                   064777.8942465644
                   050234.5493974839
                   039554.2404097077
                   032379.9866818334
                   028164.7451386585
                   026154.9824002631
                   0406628.346235833
                   0391495.030677854
                   0362320.997570217
                   0321111.702653214
                   0269725.430681624
                   0213092.301806349
                   0156800.454153918
                   0108958.279483046
                   075594.432938559
                   059361.8077784303
                   046092.65425263
                   035747.8829951534
                   028146.5075697213
                   023039.2691408975
                   020038.3108133884
                   018606.9449746114
                   0285549.00219898
                   0274304.744310385
                   0252483.436533324
                   0221706.878134074
                   0184353.884351555
                   0143689.769046634
                   0105033.620895731
                   073630.0330315515
                   051276.1503962407
                   040280.5426701983
                   031285.3028256363
                   024265.763929929
                   019105.3015359276
                   015637.0413428126
                   013598.8182219096
                   012626.3948212614
                   0188401.75129186
                   0180277.641984316
                   0164767.632358232
                   0143097.727934257
                   0117289.748679542
                   090164.9810668544
                   065643.7915971253
                   046484.7136113478
                   032482.6805040288
                   025526.5244136437
                   019831.4521457866
                   015383.1267350432
                   012110.9091340151
                   09911.30381779427
                   08618.27624592616
                   08001.26148709681
