               97701                 370
                 160
    5339499999.99999    5006048181.56798    4694834386.17908     4404375551.9889    4133287523.08679    3880278453.42319    3644142650.63143    3423754830.40722    3218064754.06581     3026092223.7223    2846922411.24519    2679701498.72381    2523632609.67446    2377972011.59593    2242025571.77804    2115145449.47348    1996727008.66999    1886205936.75086    1783055555.31303    1686784310.32767    1596933429.68293    1513074736.94594    1434808610.92584    1361762081.31434    1293587051.32867    1229958638.88707    1170573628.41199    1115149025.88302    1063420710.25388    1015142174.80693    970083352.447181    928029519.337887    888780271.653059     852148570.57075    817959850.956071    786051189.486468     756270528.25502    728475950.151918    702535002.571022    678324066.218666    655727766.016837    634638421.293436    614955532.639546    596585302.988383    579440190.633658    563438492.057314    548503952.578627    534565402.969263    521556420.302608    509415011.421182    498083317.513724    487507338.394137    477636675.168376    468424290.062966    459826282.270656    451801678.744993    444312238.946896    437322272.612741    430798469.675567    424709741.528891    419027072.876705    413723383.463642    408773399.026417    404153530.851552    399841763.365451    395817549.221131    392061711.381647    388556351.733625    385284765.795381     382231363.11319    379381592.966356    376721875.027037    374239534.644394    371922742.444663    369760457.959318    367742377.012693    365858882.618348    364100999.150164     362460349.56979    360929115.506614           359500000    359348101.265823    359196202.531646    359044303.797468    358892405.063291    358740506.329114    358588607.594937    358436708.860759    358284810.126582    358132911.392405    357981012.658228    357829113.924051    357677215.189873    357525316.455696    357373417.721519    357221518.987342    357069620.253165    356917721.518987     356765822.78481    356613924.050633    356462025.316456    356310126.582278    356158227.848101    356006329.113924    355854430.379747     355702531.64557    355550632.911392    355398734.177215    355246835.443038    355094936.708861    354943037.974684    354791139.240506    354639240.506329    354487341.772152    354335443.037975    354183544.303797     354031645.56962    353879746.835443    353727848.101266    353575949.367089    353424050.632911    353272151.898734    353120253.164557     352968354.43038    352816455.696203    352664556.962025    352512658.227848    352360759.493671    352208860.759494    352056962.025316    351905063.291139    351753164.556962    351601265.822785    351449367.088608     351297468.35443    351145569.620253    350993670.886076    350841772.151899    350689873.417722    350537974.683544    350386075.949367     350234177.21519    350082278.481013    349930379.746835    349778481.012658    349626582.278481    349474683.544304    349322784.810127    349170886.075949    349018987.341772    348867088.607595    348715189.873418    348563291.139241    348411392.405063    348259493.670886    348107594.936709    347955696.202532    347803797.468354    347651898.734177           347500000
                  17
                   0   0.196349540849363   0.392699081698725   0.589048622548088    0.78539816339745   0.981747704246813    1.17809724509618    1.37444678594554     1.5707963267949    1.76714586764426    1.96349540849363    2.15984494934299    2.35619449019235    2.55254403104171    2.74889357189108    2.94524311274044     3.1415926535898
                   2
                   0     6.2831853071796
                   040.2787015277715
                   040.24760145221
                   040.1860292656287
                   040.0931126862372
                   039.9654527255716
                   039.7957735070786
                   039.5767907118788
                   039.287148970883
                   038.9126733766564
                   038.4073413064876
                   037.6958545689692
                   036.6153763939894
                   034.822612212387
                   031.3963070265178
                   023.2095182850656
                   03.61895984915413
                   047.1561195283761
                   047.1175503937155
                   047.0407938181574
                   046.9233049715456
                   046.760807520704
                   046.543992982163
                   046.262610485141
                   045.8926330586588
                   045.4157232837253
                   044.7704869198154
                   043.8626317629899
                   042.4877186865333
                   040.2118273041693
                   035.8830138060158
                   025.748181698665
                   03.96867149578002
                   055.1901888256403
                   055.1420706641055
                   055.0456769717453
                   054.8971485362654
                   054.6900757052708
                   054.4127341741902
                   054.0516332054226
                   053.5790548269987
                   052.9708829460135
                   052.1474411038312
                   050.9902629563697
                   049.2401857499373
                   046.3534837922514
                   040.9065765552364
                   028.4329001076179
                   04.42293740927097
                   064.5786935845957
                   064.5182906233045
                   064.3964404450269
                   064.2080654762726
                   063.9443132934295
                   063.5893035302531
                   063.1274396311132
                   062.5241890041952
                   061.7495059902816
                   060.700261795929
                   059.2272501630546
                   057.0025896562707
                   053.3429695100927
                   046.5135178006828
                   031.2371116167122
                   05.00357292807888
                   075.5745337297987
                   075.4985519543347
                   075.3441550378927
                   075.1043099469245
                   074.7676697071102
                   074.3125431858052
                   073.7243399651497
                   072.9564253308456
                   071.9686320458568
                   070.631891065943
                   068.7592800688966
                   065.9328118899653
                   061.3095241151065
                   052.766096354004
                   034.1557078112574
                   05.7431076265092
                   088.4675348360252
                   088.3713220932936
                   088.1751768629082
                   087.8693611532925
                   087.4396468217399
                   086.8554806887441
                   086.1074933119858
                   085.1307707416447
                   083.8710372136632
                   082.169704408555
                   079.7901120021243
                   076.2027301380153
                   070.3786054940268
                   059.7205600424793
                   037.1749532534561
                   06.67643676757743
                   0103.591350973883
                   0103.468255465275
                   0103.218518863124
                   0102.828298692313
                   0102.279609907377
                   0101.530545364287
                   0100.580527732122
                   099.3398863934619
                   097.7353574455275
                   095.5722418289306
                   092.5509928933402
                   088.0064256059732
                   080.6813174498331
                   067.4208464491921
                   040.2874915870845
                   06.31217009708409
                   0121.318270833696
                   0121.162445121103
                   0120.844839138744
                   0120.346520233931
                   0119.644547114683
                   0118.686429452035
                   0117.480560269631
                   0115.904935553135
                   0113.864810934508
                   0111.116216419486
                   0107.283109750079
                   0101.53982271581
                   092.3469677360521
                   075.8972847716946
                   043.4885792496058
                   07.91090362715783
                   0142.127220217739
                   0141.928709370069
                   0141.524026534735
                   0140.889038374299
                   0139.993765527428
                   0138.76891168114
                   0137.238668465622
                   0135.239574198286
                   0132.647946419377
                   0129.15950724436
                   0124.298093488744
                   0117.056471695983
                   0105.547186872314
                   085.2039186837615
                   046.817478887156
                   09.90026340115357
                   0166.569081060658
                   0166.316286539377
                   0165.799614688324
                   0164.990802528183
                   0163.84697112499
                   0162.285328947537
                   0160.345339668652
                   0157.810518766015
                   0154.521940005664
                   0150.09978157528
                   0143.944235129527
                   0134.828477052582
                   0120.44823336505
                   095.3939388723896
                   050.3293947914133
                   012.3583236941154
                   0195.24322614553
                   0194.921685462988
                   0194.263000258109
                   0193.232405373106
                   0191.772786956999
                   0189.785962134529
                   0187.329861338865
                   0184.115555857701
                   0179.947857400745
                   0174.347981732877
                   0166.568033521815
                   0155.112889663573
                   0137.188945234467
                   0106.475410690066
                   054.1031245178048
                   015.4047744770858
                   0228.943475965406
                   0228.533667115231
                   0227.693279428591
                   0226.380190311116
                   0224.516629864407
                   0222.000594160119
                   0218.892546092557
                   0214.818738677752
                   0209.539751558401
                   0202.459515765242
                   0192.63996120013
                   0178.269856755034
                   0155.98594481395
                   0118.515199855404
                   058.2797724293162
                   019.1547550253344
                   0268.45015678609
                   0267.928612988484
                   0266.859475934737
                   0265.185051272777
                   0262.813064140651
                   0259.624511315123
                   0255.697411989973
                   0250.541208897885
                   0243.861677746132
                   0234.915253389364
                   0222.553202874735
                   0204.57255775916
                   0176.959061462912
                   0131.491416985133
                   063.0090756569674
                   023.7392148029192
                   0314.905901101995
                   0314.238219169777
                   0312.879531881843
                   0310.728028690625
                   0307.706018506056
                   0303.654637205613
                   0298.681470715719
                   0292.145184246742
                   0283.686758815272
                   0272.378151614991
                   0256.845008605898
                   0234.359812510207
                   0200.260015336954
                   0145.410238838005
                   068.460008701866
                   029.2884987002136
                   0369.298867436314
                   0368.455694148358
                   0366.709406007237
                   0363.99663965199
                   0360.144553749192
                   0355.037008719216
                   0348.756838451623
                   0340.497088147357
                   0329.825620629952
                   0315.570254229649
                   0296.068992255507
                   0268.109618340905
                   0226.145454184467
                   0160.462336779399
                   075.0499677795459
                   036.1310291775815
                   0433.126264705393
                   0432.04507742092
                   0429.851507753614
                   0426.385499802497
                   0421.527162406293
                   0415.051863907227
                   0407.13854436934
                   0396.725692936493
                   0383.261654767058
                   0365.343652301285
                   0340.959577489914
                   0306.227471604325
                   0254.768839130411
                   0176.690498424421
                   083.069582039243
                   044.456150922026
                   0509.088052137547
                   0507.726498557954
                   0504.916411523043
                   0500.497341560241
                   0494.307419018827
                   0486.111136683501
                   0476.077474532532
                   0462.891619556428
                   0445.864427981329
                   0423.242128654922
                   0392.781688843754
                   0349.73364089497
                   0286.905964529374
                   0194.776456968616
                   093.3337512327244
                   054.9758093319539
                   0597.718726122474
                   0595.992476394949
                   0592.457447984981
                   0586.864589006781
                   0578.987813868042
                   0568.611285010044
                   0555.976624295668
                   0539.312949695501
                   0517.872963372319
                   0489.435417149074
                   0451.526926232421
                   0398.333610672246
                   0322.003021254891
                   0214.248747555316
                   0105.656987696934
                   067.4482120786572
                   0701.433606472461
                   0699.213252840643
                   0694.732757818114
                   0687.65662715343
                   0677.716551277665
                   0664.660799564483
                   0648.655073787531
                   0627.683916517995
                   0600.744275147777
                   0565.143137130674
                   0518.020878908627
                   0452.553382003094
                   0360.336465052652
                   0235.494777862397
                   0120.475717386977
                   082.2290001346783
                   0822.818348663784
                   0820.036302640095
                   0814.313607859438
                   0805.364189861321
                   0792.876264050776
                   0776.412861362552
                   0756.28311457195
                   0729.88378204177
                   0696.097921047991
                   0651.639519377891
                   0593.297646973905
                   0513.029479807213
                   0402.309248344952
                   0259.056366887199
                   0138.33350729293
                   099.8281829028413
                   0964.444780813113
                   0960.941107075715
                   0953.711280279259
                   0942.452895740323
                   0926.758199537557
                   0906.082193543086
                   0880.779816366277
                   0847.644377776093
                   0805.395386211894
                   0749.974775819522
                   0677.97801611861
                   0580.031714781726
                   0448.006623575768
                   0285.250741269206
                   0159.539749151861
                   0120.506733584674
                   01129.66186890981
                   01125.24604792883
                   01116.18452478231
                   01101.97908239606
                   01082.23085689128
                   01056.36517311777
                   01024.60829390668
                   0983.120356110202
                   0930.394653215312
                   0861.600223301153
                   0773.098956721054
                   0654.116670812067
                   0497.740377839552
                   0314.705716843553
                   0184.576952921683
                   0144.744804103154
                   01323.61621485097
                   01318.00737392763
                   01306.61360496761
                   01288.64194413218
                   01263.91083603296
                   01231.44624314221
                   01191.61417084742
                   01139.72536412328
                   01073.91669969494
                   0988.718794782193
                   0880.28535404605
                   0736.384379404476
                   0552.591367494757
                   0348.827941976684
                   0214.400747945985
                   0173.572494289453
                   01551.44147904048
                   01544.35763142663
                   01529.96333838758
                   01507.37351142503
                   01476.28845874212
                   01435.52611476308
                   01385.59119057685
                   01320.74874774908
                   01238.69884704335
                   01133.39178208792
                   01001.02956233238
                   0827.858989961355
                   0613.332056319575
                   0388.824075486115
                   0249.855108938271
                   0207.85755291076
                   01814.11834411389
                   01805.24748372353
                   01787.13454401355
                   01758.89311460451
                   01719.97519522939
                   01669.15375984213
                   01606.87038179046
                   01526.15444454664
                   01424.4025536259
                   01295.00165413641
                   01134.19421050403
                   0927.295025704495
                   0678.995847178826
                   0434.089172880203
                   0290.145861161687
                   0246.866120894201
                   02117.30261593254
                   02106.2044964766
                   02083.50776257671
                   02048.31409671522
                   01999.90027044261
                   01936.62413673927
                   01859.28761147203
                   01759.28755409422
                   01633.80388466675
                   01475.56394446465
                   01281.21620853104
                   01035.5630800586
                   0750.819355290219
                   0485.676034473309
                   0309.272355653893
                   0291.141971199128
                   02466.20783895015
                   02452.41682322946
                   02424.22623161646
                   02380.43903446791
                   02320.4877019476
                   02242.217576457
                   02146.55452439733
                   02022.94978889867
                   01868.77048122687
                   01676.07611792604
                   01442.43460958346
                   01153.15913937978
                   0829.3607541562
                   0544.447576370445
                   0362.537787103588
                   0340.998493259837
                   02877.04894412423
                   02859.91336041267
                   02824.74718631668
                   02770.31309973304
                   02695.68617538279
                   02598.19404559624
                   02479.6963170641
                   02326.96009495711
                   02137.74271353846
                   01903.66968468652
                   01623.73991592788
                   01284.03558132322
                   0918.931724597603
                   0614.318831584399
                   0425.385788232733
                   0400.219625041385
                   03344.35532469206
                   03323.0145560149
                   03279.52095581248
                   03212.27669544887
                   03119.99588688779
                   02999.82832505132
                   02854.09361400781
                   02666.86516779102
                   02435.81175948862
                   02153.48337982408
                   01820.74309742847
                   01425.67011325774
                   01016.999584606
                   0692.730518038054
                   0495.54176929194
                   0465.739543009196
                   03875.43877600555
                   03849.13975888287
                   03795.65559854227
                   03712.98405975596
                   03599.81030799961
                   03452.18330258658
                   03273.98140188246
                   03045.42248112057
                   02765.54857691645
                   02426.76791922933
                   02034.39434878553
                   01578.5148319141
                   01124.83330898582
                   0780.388175364779
                   0573.655654658695
                   0538.819310726481
                   04493.45874550223
                   04460.96487629906
                   04395.05839209396
                   04293.16813212273
                   04154.21312203072
                   03973.03087094413
                   03754.87757200541
                   03476.69547403005
                   03138.40887571951
                   02733.80227858893
                   02272.89440252546
                   01750.03717586469
                   01249.28483532085
                   0882.816903595433
                   0664.516183697628
                   0624.245991011954
                   05188.56236870748
                   05148.84669066723
                   05068.27741076284
                   04943.87481836655
                   04774.35469745312
                   04553.31066229875
                   04288.40355734893
                   03952.16628975475
                   03546.30093012597
                   03066.57189398987
                   02529.40234938508
                   01934.79489565061
                   01385.76475455956
                   0995.631686016644
                   0764.086422178193
                   0717.823004593512
                   05982.51300763282
                   05934.01379820423
                   05835.7170946732
                   05684.11103348844
                   05477.57060893317
                   05209.37013131245
                   04888.38361475039
                   04483.73339722268
                   03999.33494810391
                   03433.5958400814
                   02811.26769166769
                   02139.73964747621
                   01540.33364942169
                   01123.21706778275
                   0876.854269878961
                   0823.38008543949
                   06876.33678580307
                   06817.48411316304
                   06698.39721344836
                   06514.33962967519
                   06264.2086928203
                   05940.05776719842
                   05554.02716727671
                   05069.73505247166
                   04494.81534471097
                   03831.81115685543
                   03116.68872722959
                   02363.32940511118
                   01711.82977787165
                   01263.75233446349
                   01000.81834044422
                   0938.830897241139
                   07885.17074054223
                   07813.95896848762
                   07670.00169331409
                   07447.49249766911
                   07145.86503749235
                   06755.89409147881
                   06293.33059300355
                   05717.2124759961
                   05038.57236737325
                   04266.71657011351
                   03449.41909980394
                   02609.72060198
                   01903.25496190591
                   01419.15988993191
                   01138.377698784
                   01066.25745524322
                   09009.77379035482
                   08924.43781694672
                   08750.9790434491
                   08483.89750072808
                   08121.8326286729
                   07655.63859446451
                   07104.80848285366
                   06423.47992138151
                   05628.72867518163
                   04736.00298245976
                   03807.78645250738
                   02877.72042749959
                   02112.77563090432
                   01588.45112479703
                   01287.84487578158
                   01206.02872759663
                   010275.5806474042
                   010172.5284537004
                   09964.7818418622
                   09644.80004419008
                   09212.29844566292
                   08657.15902149345
                   08004.40329750932
                   07202.98135745247
                   06276.17417411079
                   05249.52770157458
                   04201.72942593813
                   03175.15954171323
                   02346.61359616623
                   01653.55031257527
                   01453.74753990644
                   01362.38691425605
                   011677.9138996998
                   011555.6617364616
                   011307.4938292277
                   010926.4249283542
                   010412.7138812796
                   09755.64303375606
                   08986.3432693811
                   08049.52327715747
                   06976.2059369309
                   05803.59117936488
                   04628.16178093838
                   03499.39161003061
                   02601.74290230532
                   01859.43214024819
                   01633.06143599997
                   01532.73257408489
                   013230.1020679278
                   013085.0774031875
                   012791.5490152767
                   012339.4425615521
                   011732.2062734441
                   010958.7113736628
                   010058.2475938866
                   08968.62934105948
                   07732.0269099956
                   06402.2532825602
                   05091.36796474718
                   03853.10896756526
                   02881.26755559071
                   02084.03675142728
                   01830.68371654833
                   01714.96010536499
                   014938.6607241035
                   014767.5500713435
                   014421.585168977
                   013888.9582862035
                   013175.0112029648
                   012269.7791149134
                   011220.5691565893
                   09960.89843197156
                   08546.32102296134
                   07045.36688500649
                   05591.12812267642
                   04236.17114573652
                   03183.76356735789
                   02326.23073036593
                   02043.06691264928
                   01911.77677673158
                   016806.0067338826
                   016605.1925752947
                   016199.1045907875
                   015576.3644604028
                   014741.6255107212
                   013688.257356399
                   012473.4985223527
                   011027.9841829946
                   09418.4672325633
                   07734.17880590079
                   06129.16194927702
                   04651.4477862898
                   03510.58986024541
                   02588.8069477048
                   02273.72715333645
                   02125.85690031699
                   018845.5464238237
                   018611.3587507026
                   018138.5772967797
                   017412.91756422
                   016442.6851032527
                   015223.7005891431
                   013824.3303953046
                   012173.8916393763
                   010353.6957106982
                   08472.33871892833
                   06707.58505690535
                   05099.94034682319
                   03860.19367064551
                   02871.17611482933
                   02522.39960346079
                   02357.36975936892
                   021063.2961659072
                   020791.9380593817
                   020242.7671403531
                   019401.9849802521
                   018280.6989377845
                   016878.2432120705
                   015275.1474793012
                   013400.6417840218
                   011354.4890636692
                   09262.74349144729
                   07327.39348353406
                   05583.61024733529
                   04232.54416047121
                   03175.52341208532
                   02788.45132032925
                   02605.94710288421
                   023449.838811946
                   023136.4834736936
                   022503.007854861
                   021534.8144631494
                   020248.7654353063
                   018642.3632934059
                   016816.9532218052
                   014700.4444454276
                   012413.0513394901
                   010099.8643034896
                   07985.31826207544
                   06096.208613562
                   04622.84817122913
                   03497.41316395607
                   03069.7915788069
                   02868.58324245947
                   026015.1004543777
                   025655.6450536265
                   024928.4895101866
                   023819.516357916
                   022350.315377383
                   020523.7067412268
                   018456.3504566731
                   016078.4473543049
                   013533.5232512161
                   010988.3568951393
                   08682.73986388372
                   06638.56792258395
                   05031.94679904724
                   03838.05983038719
                   03367.00441093154
                   03146.27700394665
                   028755.4142975114
                   028344.8726555034
                   027515.8144397949
                   026252.688102756
                   024583.8121773665
                   022516.1858428857
                   020189.8700470121
                   017532.6786197262
                   014713.4044443493
                   011924.0653825481
                   09419.78412169848
                   07204.60444918393
                   05212.80268316777
                   04193.03808065765
                   03679.40461289905
                   03438.78006233605
                   031661.7994736045
                   031195.8931779871
                   030255.5306070701
                   028824.7560231884
                   026939.6383468015
                   024614.5087423117
                   022008.0387036217
                   019056.309053883
                   015945.7294128279
                   012904.3671167339
                   010187.310652014
                   07788.06236864012
                   05528.5213900649
                   04555.15127620848
                   04002.67852325556
                   03742.13342802367
                   034834.8230661413
                   034304.8582868643
                   033238.8672359624
                   031615.266509174
                   029479.3754011607
                   026854.4265224452
                   023948.3992246494
                   020660.9446148888
                   017231.799466244
                   013906.0212549372
                   010959.2219027866
                   08355.32784946689
                   05937.21907725303
                   04887.45408947002
                   04291.50021342033
                   04011.30153627014
                   038018.8467036334
                   037426.7937608203
                   036219.2595746431
                   034405.6885946401
                   032028.4242036748
                   029115.6235520417
                   025878.1059958371
                   022264.9485086289
                   018524.1294172433
                   014929.1533020511
                   011744.0502355684
                   08945.85868638135
                   06387.39495052584
                   05261.69788044984
                   04612.19292550504
                   04314.56578621156
                   041354.1956991488
                   040695.5898938162
                   039361.6306154567
                   037347.9109480203
                   034699.183318229
                   031477.9550555449
                   027903.7209186882
                   023946.2521721023
                   019883.8047867797
                   015996.208296481
                   012567.1529916243
                   09563.76252257959
                   06855.38801505773
                   05651.48711227428
                   04951.71983525496
                   04636.07064129497
                   044838.2249972356
                   044094.3873419969
                   042626.1938950004
                   040374.7053528516
                   037460.6721277252
                   033916.6879625756
                   029990.5782323949
                   025678.3285123205
                   021282.9033966211
                   017096.8171072196
                   013416.647911635
                   010198.4658257725
                   07349.71554912249
                   06053.61770423025
                   05302.31328583724
                   04962.67488799928
                   048434.4752239536
                   047622.5514997357
                   045986.3330009189
                   043510.6041550011
                   040303.0872750444
                   036429.3415663348
                   032143.6645366029
                   027470.2052580276
                   022725.4463447609
                   018233.6980885227
                   014295.918996223
                   010854.1461339282
                   07857.65615206771
                   06474.2548030545
                   05661.30665641755
                   05301.16605313425
                   052138.1606336501
                   051246.788755685
                   049444.4175321914
                   046733.6813889939
                   043218.9824935648
                   038987.8981817597
                   034312.4348495161
                   029294.1063530275
                   024200.2234881023
                   019405.2818504361
                   015193.2702959669
                   011515.0204897374
                   08374.76064216216
                   06899.38604981914
                   06028.90930280237
                   05643.60764104184
                   055936.9214762374
                   054961.4849043008
                   052993.1777397129
                   050054.3390296222
                   046236.2093482381
                   041650.7835081482
                   036590.1164445695
                   031121.2547188765
                   025691.2384767839
                   020539.3357357108
                   016073.3756883996
                   012164.008816094
                   08884.39935086634
                   07322.8065332073
                   06398.73004211618
                   05986.53819634746
                   059814.5403442963
                   058760.6134842395
                   056613.8969761277
                   053412.5307339246
                   049274.314054353
                   044321.5909050396
                   038874.3715357886
                   033030.9724981472
                   027160.7197671073
                   021709.5613902911
                   016972.5044359257
                   012155.2119524349
                   09401.15384734378
                   07745.86508094073
                   06765.80234672038
                   06329.52511881276
                   063755.4242687965
                   062609.3378908271
                   060282.9854674802
                   056824.3202432453
                   052360.5200796133
                   047039.3179488626
                   041237.1549897069
                   034937.7468970551
                   028648.0383722048
                   022844.7521717621
                   017840.7900085877
                   012569.3599313559
                   09898.00594131092
                   08170.64639058861
                   07136.38072193348
                   06672.38729737028
                   067738.5551196485
                   066491.1122304468
                   063985.569389856
                   060263.6004146579
                   055487.0675351489
                   049815.8698884775
                   043569.2308228019
                   036851.8202130601
                   030164.0707508135
                   024026.2581705725
                   018692.3029825851
                   013192.4854771171
                   010396.1033428783
                   08596.69053403842
                   07509.04154815186
                   07015.26452655922
                   071718.8864491888
                   070379.0328913465
                   067697.2776465765
                   063737.4259106639
                   058633.9766613466
                   052544.5979043795
                   045894.3741312868
                   038757.7554249106
                   031668.1010228201
                   025193.0829497246
                   019553.5949390912
                   013808.1610660976
                   010881.9451414233
                   09014.04640752243
                   07877.00377357655
                   07356.27319287207
                   075717.3361129359
                   074282.3465172874
                   071447.5178331341
                   067210.1396089119
                   061751.2329462933
                   055277.2935095049
                   048216.4762685215
                   040657.3052376468
                   033166.889462534
                   026352.3439610617
                   020402.9276617532
                   014434.6649705201
                   011374.3635333397
                   09414.9670014029
                   08240.81970037589
                   07693.0243290366
                   079715.0879508777
                   078180.1467468966
                   075172.1302630079
                   070648.2346724911
                   064850.7362055543
                   057988.3031604651
                   050522.3203321154
                   042538.564314368
                   034643.2592271032
                   027489.0034690632
                   021235.0924856053
                   015049.7749948577
                   011864.840700454
                   09811.56496140209
                   08594.31066814636
                   08020.83064496741
                   083698.3130257869
                   082102.2576252896
                   078874.7652560787
                   074080.4112199403
                   067943.6504696923
                   060693.6850805601
                   052816.4514014311
                   044408.3748264738
                   036102.8540869133
                   028605.7443899417
                   022049.0759447328
                   015655.2485566813
                   012348.8702252213
                   010208.1505668136
                   08936.5605450346
                   08346.50483985417
                   087635.4814253715
                   085945.8271398216
                   082533.2808909191
                   077471.3392825507
                   070993.3197942298
                   063358.0592110555
                   055075.2404670725
                   046245.54157831
                   037532.1305437197
                   029685.2615216714
                   022837.6100743778
                   016246.2255322541
                   012820.7419145051
                   010593.6265112787
                   09276.66352406433
                   08662.94798214804
                   091517.293067344
                   089714.9406149586
                   086128.5520958852
                   080799.9392386381
                   073991.0741046827
                   065972.8401285755
                   057286.937928234
                   048037.9601335829
                   038924.7760390281
                   030725.3538186769
                   023564.1731704043
                   016815.5313142319
                   013277.840208409
                   010967.8275095267
                   09608.66878070289
                   08967.07861750479
                   095369.9597928113
                   093435.9035998884
                   089667.9217464891
                   084078.7848536626
                   076940.9872848984
                   068548.2592272447
                   059465.3430833902
                   049802.6739483725
                   040283.5068506418
                   031732.504752963
                   023767.9208565937
                   017376.8235386566
                   013726.8197924407
                   011336.857265609
                   09933.16488153589
                   09261.49387237622
                   099120.1434147091
                   097101.6206260088
                   093119.4293230445
                   087251.5739157379
                   079786.9356525135
                   071030.9056674935
                   061572.4485816833
                   051520.4533024407
                   041548.1184655408
                   032684.7588144873
                   023370.8744331384
                   017908.7436237327
                   014162.8983061463
                   011691.0301842965
                   010238.40222054
                   09548.45722102854
                   0102801.402762316
                   0100736.553055157
                   096596.1101251404
                   090476.3477531604
                   082684.1773771885
                   073547.3789060609
                   063684.9250579755
                   053199.9004310702
                   042746.9714258278
                   033556.5178622675
                   023875.5501221333
                   018361.5250717762
                   014545.5951203042
                   012006.669953815
                   010520.2023304592
                   09821.4303171817
                   0106425.297090478
                   0104255.209589862
                   099938.2958718308
                   093562.5447341324
                   085452.2065351833
                   075956.4888204824
                   065712.8651015931
                   054825.4366386629
                   043932.670068474
                   034415.6043830375
                   024467.1415891593
                   018829.7045911322
                   014935.0571152362
                   012327.0851962011
                   010801.1488917937
                   010080.0583105663
                   0109917.004507888
                   0107660.446697621
                   0103171.482551749
                   096548.5162959983
                   088131.7116359144
                   078283.1999397126
                   067669.597577558
                   056384.1839214912
                   045038.0149489693
                   035235.2722501977
                   025039.5892154386
                   019276.3292813292
                   015304.5977370652
                   012632.2625161078
                   011067.972920921
                   010330.0133542614
                   0113316.684333323
                   0110974.229995155
                   0106319.109458867
                   099454.7588680518
                   090737.779806548
                   080548.2142633695
                   069571.1690090952
                   057892.0719125313
                   046139.0853205011
                   036030.9482916305
                   025605.2017287736
                   019716.1911849833
                   015665.207234089
                   012931.0277312116
                   011329.3297766497
                   010574.1425455086
                   0116601.276894979
                   0114176.378494586
                   0109359.667618257
                   0102261.699145633
                   093257.0783375447
                   082730.2947666877
                   071398.7119611334
                   059341.1495185483
                   047185.9333539306
                   036787.7827092853
                   026149.3441881771
                   020139.1150105865
                   016007.996078821
                   013215.781620834
                   011578.4063051649
                   010806.7152089896
                   0119764.877734957
                   0117260.184982375
                   0112286.779986808
                   0104962.287633858
                   095676.9342687732
                   084829.9827351756
                   073153.337901467
                   060723.9010221069
                   048181.0282978505
                   037499.0925540261
                   026664.469249076
                   020543.7582513345
                   016332.3252669401
                   013486.1025129799
                   011814.8310344089
                   011027.4370565464
                   0122848.730917406
                   0120265.512057445
                   0115138.992508747
                   0107593.855801889
                   098033.4952310338
                   086871.8514297476
                   074858.0758908692
                   062065.6014615673
                   049134.0633334984
                   038165.0224100075
                   027163.1986105385
                   020935.5932558732
                   016644.0411215395
                   013746.3521776047
                   012042.4754792737
                   011239.7338441797
                   0125812.468562762
                   0123154.058455876
                   0117879.551082888
                   0110120.857684571
                   0100294.648784244
                   088831.5323252745
                   076490.0098265789
                   063344.1442378334
                   050035.4535233837
                   038597.7412922364
                   027634.3915216588
                   021309.928962855
                   016939.160745655
                   013992.8975756182
                   012258.1803474332
                   011440.8575484929
                   0128656.842575821
                   0125925.869132941
                   0120508.869942749
                   0112545.095585234
                   0102463.557836433
                   090706.8694197121
                   078049.5034242622
                   064561.9080893883
                   050884.0751282139
                   038547.2050019805
                   028080.4654439193
                   021663.357709826
                   017218.2486068067
                   014225.9666029755
                   012461.9516132623
                   011630.9232865632
                   0131408.230896101
                   0128607.224632969
                   0123051.89377185
                   0114888.783465945
                   0104559.765594452
                   092517.872964974
                   079554.7377197601
                   065733.10642533
                   051685.4878300125
                   037942.8027201465
                   028501.3162072904
                   022002.4452060634
                   017486.4396856454
                   014449.054126602
                   012657.1626424733
                   011813.1010613889
                   0134099.952005662
                   0131229.689170403
                   0125539.074935821
                   0117181.411876915
                   0106607.578392589
                   094289.6204194836
                   081022.6568524153
                   066873.5244817004
                   052450.2302758364
                   037663.0032785585
                   028898.1156510378
                   022333.5295373643
                   017746.4962164676
                   014665.5245532801
                   012846.3709849101
                   011989.5117725137
                   0136745.365912819
                   0133807.185002362
                   0127984.022089998
                   0119432.353026024
                   0108623.097682841
                   096030.1578904264
                   082465.4152291395
                   067990.7211472753
                   053185.7124651584
                   037981.8963025706
                   029279.6103597911
                   022656.9301102896
                   018003.3310152384
                   014877.6756242827
                   013032.0818683569
                   012162.4871780348
                   0139457.131973569
                   0136449.824579575
                   0130491.418595362
                   0121745.304333183
                   0110691.941149186
                   097820.0836337744
                   083951.4376494418
                   069140.7018807891
                   053940.8850800805
                   038479.6341836773
                   029677.6444602053
                   022994.0685400907
                   018269.4155812394
                   015098.3878992186
                   013225.0175030998
                   012342.4065473983
                   0142424.776723841
                   0139344.163832789
                   0133239.400929322
                   0124283.347368413
                   0112965.942338537
                   099794.0366181825
                   085592.2657246152
                   070418.0826674897
                   054795.5884667591
                   039078.204939751
                   030143.217691004
                   023378.8877227056
                   018573.3493145043
                   015350.0393880814
                   013444.6302740136
                   012547.3961607675
                   0146110.119204534
                   0142939.873387019
                   0136659.973567681
                   0127449.150951559
                   0115812.313314354
                   0102272.165916338
                   087668.3864624181
                   072050.4382522875
                   055854.0502954412
                   039890.9933148849
                   030773.0179748223
                   023886.9141353289
                   018975.6053919729
                   015682.3808565573
                   013735.2490144833
                   012818.3289443817
                   0149949.25198737
                   0146690.387874096
                   0140236.035625503
                   0130771.052969841
                   0118812.128436091
                   0104901.664667994
                   089898.4562375414
                   073843.2222712195
                   057059.1174228782
                   040844.1272558685
                   031509.6522918325
                   024466.2077857202
                   019435.2916582953
                   016062.1191506102
                   014067.5475841126
                   013128.1568468552
                   0152472.537270094
                   0149157.793591921
                   0142592.16086376
                   0132965.825597314
                   0120804.930150641
                   0106653.476975836
                   091393.4242871341
                   075059.317659818
                   057950.6642290228
                   041506.1119416746
                   032020.567581581
                   024865.0711782399
                   019751.6442967083
                   016323.6020854277
                   014296.1747469416
                   013341.4742276951
                   0155155.348010989
                   0151780.850913038
                   0145097.516289294
                   0135298.648873334
                   0122920.927360703
                   0108520.277279074
                   092982.4646078568
                   076355.4297468366
                   058896.016400057
                   042209.3181279887
                   032562.736247133
                   025288.1183254501
                   020087.6377111521
                   016600.9953470807
                   014539.0278963306
                   013568.0073557823
                   0158067.972425307
                   0154628.47697872
                   0147817.944520874
                   0137832.035594918
                   0125219.304569047
                   0110543.837595841
                   094707.6840889216
                   077761.5823099234
                   060173.8400078901
                   042973.6750219259
                   033152.1883989357
                   025747.0640510125
                   020452.0592093309
                   016901.8491337526
                   014802.5963217283
                   013813.6508704543
                   0161208.594334805
                   0157699.301757786
                   0150743.753928366
                   0140556.723588729
                   0127690.718705011
                   0112719.484260918
                   096567.4670229078
                   079271.8587387804
                   061038.0392233915
                   043796.1051178491
                   033786.7212116296
                   026241.087638826
                   020844.1134882538
                   017225.4369541285
                   015085.742807297
                   014077.9339243155
                   0164604.208081049
                   0161020.102975992
                   0153922.007518763
                   0143515.938541626
                   0130367.975429344
                   0115077.895783393
                   098579.6319928169
                   080908.4863308648
                   062225.7704129381
                   044684.1217267258
                   034472.2602808438
                   026775.372949117
                   021267.9620338717
                   017575.3329135035
                   015392.0457528506
                   014363.7042961191
                   0168272.946298958
                   0164607.137143734
                   0157348.262678495
                   0146706.621398295
                   0133265.5465517
                   0117625.152991803
                   0100751.45160053
                   082676.0693196833
                   063510.7088081141
                   045644.421697586
                   035212.8925674335
                   027352.0278826958
                   021725.4206096933
                   017952.9830262739
                   015722.6233056936
                   014671.981995268
                   0172254.107561357
                   0168499.815148047
                   0161065.740032126
                   0150168.462501381
                   0136404.5367732
                   0120391.095542435
                   0103108.57066664
                   084592.6618504653
                   064904.2783236531
                   046684.9416160506
                   036016.3767649257
                   027977.1442934738
                   022220.8541960658
                   018362.4567906514
                   016080.8432664184
                   015006.1017701807
                   0176596.11630666
                   0172744.874851459
                   0165120.489463286
                   0153943.268566062
                   0139826.85078135
                   0123403.4882296
                   0105678.591026835
                   086681.6342285587
                   066420.78371432
                   047819.313783767
                   036892.1509706913
                   028658.7263323065
                   022761.1013485309
                   018807.6016244065
                   016470.8493089528
                   015369.7697701262
                   0181307.713314834
                   0177351.880894733
                   0169520.18448199
                   0158041.365396496
                   0143543.055506417
                   0126674.842632003
                   0108467.616083641
                   088948.3158585228
                   068064.8406803806
                   049050.2552401502
                   037841.6498411624
                   029397.217181033
                   023346.5312669178
                   019291.3683466518
                   016894.0367433383
                   015764.5538911362
                   0186434.616958527
                   0182365.021704711
                   0174307.858168483
                   0162500.131506252
                   0147585.786159476
                   0130232.306919036
                   0111501.204241399
                   091412.4883813898
                   069849.5176766063
                   050387.7705713471
                   038874.0241805321
                   030200.2736450636
                   023983.1962882527
                   019816.8751954816
                   017353.6813884594
                   016193.1268824305
                   0192020.114683532
                   0187826.7127467
                   0179525.112552511
                   0167358.888140376
                   0151989.558397583
                   0134109.120661963
                   0114804.034399666
                   094095.5468591868
                   071789.0255290999
                   051844.5207625712
                   039996.788254919
                   031073.6447091871
                   024675.1057296866
                   020387.5911612883
                   017853.6181688186
                   016659.4094373121
                   0198129.62823755
                   0193800.141335104
                   0185229.476044522
                   0172670.359412659
                   0156805.151731135
                   0138348.455033864
                   0118415.573674509
                   097027.0729945048
                   073906.1673486094
                   053435.3356965126
                   041223.1735771479
                   032027.6848536627
                   025432.1198453099
                   021011.8863983479
                   018399.6666770609
                   017168.5845765658
                   0204771.231193998
                   0200293.696594333
                   0191431.815865665
                   0178444.610304543
                   0162039.679206704
                   0142954.811525972
                   0122340.603457135
                   0100210.948072957
                   076198.4343557977
                   055160.2673812096
                   042553.3887798799
                   033061.91312932
                   026251.5877272178
                   021688.1733644359
                   018991.5117466649
                   017720.4186993757
                   0212058.257546038
                   0207418.771202792
                   0198236.859855262
                   0184778.954000662
                   0167782.879903087
                   0148008.179129825
                   0126645.92836677
                   0103702.219642819
                   078707.3159698488
                   057052.4586926305
                   044012.578190562
                   034195.7818535453
                   027150.6312580924
                   022429.5281149977
                   019640.4560213308
                   018325.5534223559
                   0220048.634398016
                   0215232.058245057
                   0205696.669847347
                   0191724.399067892
                   0174079.187803379
                   0153547.984026388
                   0131365.796372323
                   0107528.316813844
                   081450.1645075839
                   059124.7465717055
                   045611.553592505
                   035437.7999915087
                   028134.5959731237
                   023240.9550590932
                   020350.3522582673
                   018987.8347766535
                   0228800.488741211
                   0223787.429175025
                   0213865.921187414
                   0199332.084843838
                   0180973.760398984
                   0159612.142190925
                   0136532.989501477
                   0111711.862895108
                   084444.5746852232
                   061389.8803703821
                   047359.2466828106
                   036794.9257989092
                   029209.5110820693
                   024128.0170674084
                   021126.3719853534
                   019711.2470586295
                   0238434.88608343
                   0233207.290527646
                   0222861.134485271
                   0207698.081030809
                   0188555.925921718
                   0166282.249950169
                   0142210.960534563
                   0116308.956815358
                   087727.7993864268
                   063878.6127075864
                   049277.2776972623
                   038285.2797311065
                   030390.5342294754
                   025100.8937888153
                   021977.6761819433
                   020505.2286602164
                   0248992.790007488
                   0243529.150592577
                   0232716.408575601
                   0216877.756260833
                   0196868.529928977
                   0173595.069251642
                   0148434.011028725
                   0121346.537131063
                   091311.715354789
                   066599.9857528382
                   051374.7468231334
                   039915.3706114552
                   031681.8182433161
                   026165.8751503931
                   022909.1597217333
                   021373.3079918873
                   0260658.926829297
                   0254934.215836577
                   0243605.26063556
                   0227014.364682156
                   0206053.928857903
                   0181671.557975777
                   0155306.349748772
                   0126904.755054708
                   095259.5431268499
                   069603.4670664974
                   053690.4397790152
                   041712.34692794
                   033105.9544104045
                   027340.2493806378
                   023936.220841935
                   022330.6520534563
                   0273549.144269992
                   0267535.296967332
                   0255636.850334626
                   0238211.926239164
                   0216198.520523105
                   0190590.699128419
                   0162895.629037521
                   0133035.178302794
                   099603.688781507
                   072912.9875667042
                   056243.4411081701
                   043694.6644892451
                   034675.7280109147
                   028633.6100748593
                   025067.6136350261
                   023385.3646518203
                   0287807.420678198
                   0281474.804996902
                   0268945.15413436
                   0250597.901044088
                   0227418.529736672
                   0200453.221318907
                   0171282.560123271
                   0139805.917765587
                   0104387.833354804
                   076567.7346600726
                   059060.334363496
                   045881.5724832379
                   036407.0444272953
                   030060.4655236869
                   026315.3905504211
                   024548.7339350799
                   0303616.931274955
                   0296929.927055675
                   0283700.04381296
                   0264328.959603489
                   0239860.311031859
                   0211383.563102681
                   0180573.385080445
                   0147302.421055425
                   0109671.080071152
                   080612.3407559546
                   062177.704322489
                   048301.331807048
                   038322.3354098883
                   031637.9139679794
                   027695.098921507
                   025834.7402543613
                   0321180.498324995
                   0314098.41391051
                   0300088.693371763
                   0279578.325728322
                   0253672.152708254
                   0223518.91590926
                   0190884.764185
                   0155611.766706434
                   0115510.701606506
                   085089.9237780112
                   065628.7835358733
                   050979.2206597215
                   040441.7495439155
                   033383.8888424048
                   029222.2389092904
                   027257.4828118895
                   0340694.65078753
                   0333173.348350261
                   0318296.224953107
                   0296518.449841669
                   0269012.040402753
                   0236993.653780666
                   0202329.096903514
                   0164826.970292627
                   0121967.669376455
                   090052.8418715435
                   069453.5923118588
                   053946.7482588823
                   042789.977740238
                   035317.4700169733
                   030912.346145244
                   028833.1170702614
                   0362490.523326106
                   0354476.776348893
                   0338631.567880145
                   0315436.585592705
                   0286140.588741973
                   0252039.954017221
                   0215099.651783235
                   0175097.747305166
                   0129147.771489959
                   095580.2398169077
                   073716.1390006312
                   057250.1671984954
                   045403.7095075211
                   037469.0676914905
                   032794.2153983411
                   030585.9544705867
                   0386874.48352085
                   0378310.818362745
                   0361378.318039641
                   0336596.688099367
                   0305294.954832399
                   0268858.514652631
                   0229368.421208008
                   0186561.666465028
                   0137141.562518383
                   0101748.097876684
                   078467.7595991835
                   060934.8474539223
                   048317.3558466748
                   039867.7096875899
                   034890.6237325142
                   032539.4562633267
                   0414194.228934565
                   0405013.017614627
                   0386859.575120118
                   0360297.594968733
                   0326745.39287083
                   0287686.941554487
                   0245334.737460544
                   0199372.576379813
                   0146054.143149451
                   0108636.12883924
                   083774.4420806288
                   065048.748001955
                   051569.7652733482
                   042544.5644994548
                   037230.7961891659
                   034719.3302660625
                   0444829.964375833
                   0434953.900134712
                   0415418.977576406
                   0386857.393762244
                   0350778.009380493
                   0308775.612158656
                   0263207.523394813
                   0213694.154635909
                   0155994.735860215
                   0116332.16939092
                   089701.7899776133
                   069642.3938185652
                   055201.0308486314
                   045532.5661475695
                   039841.7217882327
                   037152.086604437
                   0479420.191722425
                   0468758.875729308
                   0447670.828329681
                   0416846.406757507
                   0377908.098968661
                   0332572.985244908
                   0283363.77682462
                   0229821.798139432
                   0167169.091775304
                   0124996.653275485
                   096375.491116803
                   074813.0992843955
                   059286.67617874
                   048893.3856818618
                   042778.8083422851
                   039887.4340534067
                   0518465.858690064
                   0506916.526635796
                   0484086.372422407
                   0450686.454388169
                   0408515.493408648
                   0359411.839630433
                   0306084.613403844
                   0247974.579200108
                   0179717.680515067
                   0134743.693812844
                   0103879.492717841
                   080626.4111708796
                   063880.3047672354
                   052670.4492246821
                   046078.6660502064
                   042961.2777510362
                   0562634.41453766
                   0550078.080609604
                   0525260.873473213
                   0488970.241947472
                   0443117.823256946
                   0389741.308182564
                   0331739.087398703
                   0268439.288788898
                   0193842.71210717
                   0145730.244974872
                   0112339.135729781
                   087177.4360167763
                   069053.1711751768
                   056923.5103065773
                   049794.4507897259
                   046421.5191040221
                   0612843.65067664
                   0599139.31470615
                   0572056.59180168
                   0532460.669720811
                   0482427.504315498
                   0424182.027582407
                   0360848.510360466
                   0291617.581937688
                   0209825.341025842
                   0158173.018264122
                   0121916.912555341
                   094592.9053713936
                   074907.5530012779
                   061735.2774539699
                   053997.0326581235
                   050334.9056733644
                   0669959.576814914
                   0654946.353755501
                   0625279.659180335
                   0581912.327746105
                   0527126.642740742
                   0463313.420401297
                   0393892.702894177
                   0317883.503456415
                   0227914.411426605
                   0172273.193822356
                   0132767.914404833
                   0102992.857145042
                   081538.8680317192
                   067183.852597963
                   058755.1580461302
                   054765.0870463654
                   0735164.254797039
                   0718651.489752664
                   0686028.411647395
                   0638345.56604991
                   0578106.359434619
                   0507933.532373657
                   0431541.725041467
                   0347748.183492064
                   0248475.2645725
                   0188306.383393344
                   0145108.120196299
                   0112542.564764346
                   089072.9741671898
                   073373.2542578877
                   064159.7488032137
                   059796.3616432375
                   0809773.384496615
                   0791540.734725391
                   0755522.218452635
                   0702887.472045604
                   0636393.557566094
                   0558919.912354577
                   0474518.593167799
                   0381773.044611696
                   0271891.522501652
                   0206581.797737384
                   0159167.290642932
                   0123420.254744686
                   097655.698059006
                   080421.3698296061
                   070312.5150888668
                   065523.7666651936
                   0895509.560324225
                   0875294.211358969
                   0835360.494670092
                   0777015.697400621
                   0703308.410877003
                   0617437.286777347
                   0523775.855471477
                   0420678.051800997
                   0298673.626904699
                   0227486.246498487
                   0175247.719696476
                   0135862.905552803
                   0107468.338421803
                   088477.7643870056
                   077344.1521891554
                   072069.0882205049
                   0994240.457188892
                   0971733.807839111
                   0927276.341079622
                   0862335.815561083
                   0780292.926186302
                   0684702.251619141
                   0580350.104735195
                   0465260.848666019
                   0329415.548490072
                   0251447.838138689
                   0193683.58223069
                   0150123.399451462
                   0118710.938613962
                   097707.1550255395
                   085398.8482872103
                   079565.1240757093
                   01108216.88281866
                   01083020.57587273
                   01033320.79777061
                   0960738.228831082
                   0869042.970113511
                   0762195.25278353
                   0645441.412357459
                   0516421.413986876
                   0364624.44333314
                   0278964.415242196
                   0214845.865632917
                   0166493.294335343
                   0131617.321420135
                   0108299.427548238
                   094640.713835567
                   088166.8278472648
                   01240080.52825187
                   01211824.07177824
                   01155992.13429984
                   01074531.305003
                   0971622.359231346
                   0851692.492921019
                   0720522.31340793
                   0575281.78779412
                   0405192.043567158
                   0310622.570491247
                   0239205.878437615
                   0185332.426273612
                   0146466.799619182
                   0120484.796904311
                   0105271.307484438
                   098058.1186883034
                   01393023.09386324
                   01361170.48615525
                   01298265.49727995
                   01206421.3885288
                   01090448.44999844
                   0955282.296599677
                   0807294.952499666
                   0643112.824055436
                   0451980.166838705
                   0347122.35579591
                   0267286.243391304
                   0207052.576075644
                   0163584.106770876
                   0134529.970533185
                   0117521.725730245
                   0109457.248137207
                   01570998.17084561
                   01534935.54128523
                   01463725.43457534
                   01359812.17604885
                   01228516.89402409
                   01075537.13166537
                   0907895.75324476
                   0721509.862412098
                   0506057.915681376
                   0389293.613899298
                   0299744.34222104
                   0232161.22041147
                   0183368.905328754
                   0150759.58193764
                   0131677.345067707
                   0122626.552834281
                   01778478.90946955
                   01737478.62267816
                   01656529.98074172
                   01538431.05080794
                   01389218.88021772
                   01215352.33982606
                   01024630.57415037
                   0812172.053800554
                   0568726.610681035
                   0438057.153582647
                   0337289.571867379
                   0261200.905371487
                   0206250.759838107
                   0169526.861320469
                   0148045.845953408
                   0137854.178288511
                   02020751.31039246
                   01973949.42686867
                   01881547.44208592
                   01746783.73338734
                   01576571.68174391
                   01378122.04618846
                   01160262.61562222
                   0917121.889192557
                   0641247.267567357
                   0494463.582033076
                   0380732.527029616
                   0294810.738622396
                   0232735.60437169
                   0191247.93072536
                   0166985.859351055
                   0155474.739667828
                   02304335.12935099
                   02250688.64225849
                   02144785.63272312
                   01990384.03385658
                   01795386.31282135
                   01568008.41588351
                   01318146.78579511
                   01038808.47268187
                   0725196.409921649
                   0559800.431854428
                   0431077.619698244
                   0333764.411891286
                   0263426.066708233
                   0216416.393164353
                   0188930.424292972
                   0175888.081286513
                   02635712.59742029
                   02574000.15800593
                   02452192.98303682
                   02274674.86061157
                   02050503.77183114
                   01789075.67085725
                   01501506.75149466
                   01179508.61856658
                   0822064.085746882
                   0635223.443585163
                   0489223.057853476
                   0378760.408884743
                   0298879.130170829
                   0245491.906678342
                   0214278.149049277
                   0199464.278200231
                   03024674.99333513
                   02953407.55051684
                   02812765.30013967
                   02607873.65940154
                   02349175.73135164
                   02047503.9189399
                   01715213.34924134
                   01342695.89296863
                   0934073.557523836
                   0722518.026237901
                   0556562.012985246
                   0430885.253828208
                   0339948.829896273
                   0279162.84209331
                   0243631.691964754
                   0226764.841398659
                   03480498.10108487
                   03397812.38479628
                   03234869.95256816
                   02997606.17754623
                   02698076.22424051
                   02348768.01435429
                   01963587.15625711
                   01531303.82025262
                   01063041.36445367
                   0823123.196701613
                   0634214.237388909
                   0491008.230106646
                   0387318.711002537
                   0318002.637217552
                   0277486.60006481
                   0258247.827041214
                   04014952.55707616
                   03918938.40744887
                   03729523.66653612
                   03453787.32091515
                   03105879.07413912
                   02700123.8975536
                   02252227.75673283
                   01749131.77177701
                   01211322.40033179
                   0938906.794578751
                   0723659.559683661
                   0560279.46334541
                   0441897.37517996
                   0362743.623789842
                   0316482.141886097
                   0294510.865017562
                   04639018.56986849
                   04527125.19997421
                   04306425.23209478
                   03985306.44029961
                   03580248.68195073
                   03107811.0290392
                   02585742.7259529
                   01999034.06084937
                   01380566.63768657
                   01071169.48396506
                   0825908.35805461
                   0639492.973202766
                   0504313.752612615
                   0413901.073805377
                   0361066.555237411
                   0335962.744516348
                   05363135.52650721
                   05232550.46047244
                   04975010.22988923
                   04600658.94914695
                   04128267.24210303
                   03577421.65105725
                   02968124.31576929
                   02283182.89216712
                   01571768.65647684
                   01220767.45938853
                   0941673.882425428
                   0729208.172818726
                   0574993.270060229
                   0471830.311820298
                   0411542.002520506
                   0382887.319527669
                   06199011.61002867
                   06046485.37061214
                   05745711.99573568
                   05308841.08898087
                   04757635.57391165
                   04114881.00684329
                   03403205.90021592
                   02603389.29145396
                   01785550.32165394
                   01388279.84465404
                   01071441.60456696
                   0829812.327160716
                   0654252.450040023
                   0536778.541690865
                   0468123.044678307
                   0435483.380220161
                   07151349.63723641
                   06973357.83250787
                   06622393.14520265
                   06113016.13016159
                   05470596.42058804
                   04721171.80332733
                   03890691.96087586
                   02958155.00226722
                   02020207.90368349
                   01572486.4406069
                   01214295.00206177
                   0940609.843641172
                   0741548.312403841
                   0608295.951513123
                   0530415.020126172
                   0493374.555847632
                   07119217.2238141
                   06939890.51914646
                   06586271.8231275
                   06073973.34406429
                   05427241.19556025
                   04672889.84802236
                   03836341.69023621
                   02898285.61681823
                   01970508.15420467
                   01535369.84294507
                   01186351.21324127
                   0919155.147829967
                   0724587.974184837
                   0594291.530589517
                   0518135.328763191
                   0481895.544165693
                   06884698.49176884
                   06709365.66299387
                   06363531.53976013
                   05862576.32238755
                   05231082.0460985
                   04494118.16808812
                   03676371.30904102
                   02760915.2905931
                   01869164.86516424
                   01457727.65564185
                   01126985.1811882
                   0873326.157887425
                   0688435.539372914
                   0564565.581076875
                   0492161.310104793
                   0457700.087015567
                   06637643.23888096
                   06466872.13118374
                   06130425.18082756
                   05642200.94087007
                   05027207.43404052
                   04309949.03145481
                   03513379.21133539
                   02623777.49671252
                   01769263.8470174
                   01380918.02363609
                   01068159.59701713
                   0827897.532501465
                   0652599.756962684
                   0535116.762834467
                   0466441.76129351
                   0433740.894429514
                   06376912.77935331
                   06211242.51024549
                   05884276.66897204
                   05411181.8678815
                   04814900.13691674
                   04119463.60139937
                   03347156.44415258
                   02485965.61208766
                   01670175.59612937
                   01304503.14183238
                   01009536.44040609
                   0782596.830396371
                   0616870.548268955
                   0505771.113200557
                   0440818.173836578
                   0409881.526702118
                   06101873.64138802
                   05941896.78683814
                   05626189.485904
                   05169062.18086545
                   04593525.23956646
                   03922072.19374048
                   03175893.71495886
                   02346776.13290141
                   01571331.02803751
                   01228092.64556509
                   0950828.46220429
                   0737207.558205029
                   0581079.722139994
                   0476382.473416353
                   0415165.432788796
                   0385999.158297472
                   05813934.47351137
                   05663972.35619201
                   05356173.50046065
                   04917272.50257324
                   04363731.25385193
                   03721010.53730061
                   03001400.55958715
                   02206564.00256265
                   01472923.29267917
                   01151861.74047821
                   0892178.28961119
                   0691841.697249989
                   0545306.908469101
                   0447017.263856099
                   0389542.225986285
                   0362149.085015459
                   05511983.95153152
                   05364696.89191193
                   05073979.6733824
                   04654132.17110246
                   04124957.41073627
                   03508082.03449353
                   02822476.39553834
                   02064634.09987968
                   01374418.13208395
                   01075421.0474077
                   0833293.641801171
                   0646270.042252816
                   0509377.17119808
                   0417531.530635586
                   0363816.821859277
                   0338210.461063551
                   05196293.29328644
                   05055949.17093892
                   04779557.85987139
                   04380355.28936781
                   03877252.19480331
                   03290708.45830412
                   02639109.36800077
                   01920898.7521186
                   01275695.11456561
                   0998687.207451691
                   0774115.422853527
                   0600458.072403843
                   0473256.980146689
                   0387892.802293137
                   0337964.8563276
                   0314157.845980722
                   04868534.32859298
                   04735561.54214638
                   04474448.13986453
                   04097382.52619928
                   03621930.95956059
                   03067596.54463129
                   02452464.5250913
                   01775966.36585087
                   01177129.3641509
                   0921968.070296967
                   0714894.580626181
                   0554589.315707624
                   0437096.36605611
                   0358226.370631985
                   0312094.659848977
                   0290092.353483731
                   04530189.07960619
                   04405181.06459751
                   04159990.90234864
                   03805939.25516796
                   03359876.06630219
                   02839696.84281816
                   02262580.8698141
                   01630291.58036881
                   01078930.76721457
                   0845437.371679737
                   0655764.475001035
                   0508781.509336849
                   0400982.497793146
                   0328606.484606142
                   0286267.225334679
                   0266069.251489058
                   04182857.60221297
                   04065427.95730922
                   03836774.07192369
                   03507179.99205398
                   03091590.01595426
                   02607268.21980277
                   02070319.26321004
                   01483988.70531816
                   0981108.535358829
                   0769115.112926828
                   0596748.682562185
                   0463047.286868468
                   0364930.000530053
                   0299039.876865031
                   0260491.897334954
                   0242097.393126056
                   03826675.78553406
                   03718655.23703907
                   03507654.60581981
                   03203255.15567547
                   02819526.46565846
                   02372338.8908648
                   01876994.63216542
                   01338226.56546256
                   0884352.744688646
                   0693551.185942534
                   0538277.632622397
                   0417720.654868824
                   0329200.451349485
                   0269741.55378506
                   0234953.779109786
                   0218350.771005889
                   03467667.06974685
                   03368508.2354113
                   03175496.27524841
                   02896898.83173182
                   02545893.63724007
                   02136802.33094997
                   01684175.24401671
                   01194108.31127164
                   0789300.101673024
                   0619249.22975793
                   0480743.733340943
                   0373112.727728582
                   0294037.374016135
                   0240912.867028048
                   0209828.142450432
                   0194989.52967514
                   03112181.47580097
                   03019180.19683136
                   02844403.98617379
                   02591947.27895991
                   02273795.71422807
                   01903396.52262704
                   01494080.83873675
                   01053270.31959869
                   0696878.201714234
                   0546949.073286045
                   0424729.102478939
                   0329672.753668249
                   0259797.009313701
                   0212844.43870515
                   0185368.777389689
                   0172249.529654704
                   02755494.71682611
                   02674188.92730952
                   02517172.10342059
                   02291395.14655017
                   02006261.08988939
                   01674359.33789406
                   01308478.00271111
                   0916928.687208519
                   0607798.400571287
                   0477208.856338046
                   0370672.212112031
                   0287741.450984715
                   0226748.547901465
                   0185756.323991796
                   0161766.771452037
                   0150309.182675782
                   02408904.97321031
                   02337383.66184029
                   02198635.72066252
                   01998215.80034696
                   01745904.3884178
                   01452487.13751432
                   01129550.34532153
                   0786799.587754037
                   0522956.01051406
                   0410745.682604003
                   0319129.794875755
                   0247756.021545939
                   0195233.733692873
                   0159928.183916142
                   0139264.820335565
                   0129394.413149365
                   02076143.12035829
                   02013814.45731867
                   01892185.65998808
                   01717081.31117674
                   01496585.16276219
                   01240437.11720693
                   0959475.785870689
                   0664323.386769168
                   0443155.078477
                   0348190.468524681
                   0270599.021250159
                   0210100.20141111
                   0165556.094586348
                   0135608.847289814
                   0118079.73556837
                   0109704.781317737
                   01761604.54488737
                   01707562.61659934
                   01602786.1801028
                   01451665.41315246
                   01261704.66593038
                   01041330.93747161
                   0801199.278477742
                   0551244.077475506
                   0369372.469416656
                   0290322.731037173
                   0225683.531472484
                   0175243.417311568
                   0138087.896811349
                   0113101.390533444
                   098475.5597279418
                   091486.2150453566
                   01468514.71133843
                   01422825.78050423
                   01333585.00818233
                   01205247.32381939
                   01043901.60638772
                   0857324.03933555
                   0654606.203226975
                   0448632.710524639
                   0302171.064255449
                   0237584.655024168
                   0184736.183623456
                   0143462.203707605
                   0113042.458501544
                   092582.9751659151
                   080604.9287314128
                   074879.5118955035
                   01200812.74739493
                   01162327.8565135
                   01087759.68491286
                   0980408.655254701
                   0845756.162853226
                   0690532.030895986
                   0523254.049424252
                   0357407.700093598
                   0242080.106908854
                   0190404.591754244
                   0148089.380075053
                   0115014.807852509
                   090625.4084807334
                   074217.9041383586
                   064611.6444920411
                   060018.6760438758
                   0960729.925535248
                   0929260.162378115
                   0867767.80544497
                   0779543.314237243
                   0669180.055770504
                   0542580.940463274
                   0407730.50536401
                   0278125.189625306
                   0189449.246674553
                   0149060.161573421
                   0115964.172023035
                   090073.1693122376
                   070971.685906501
                   058118.2759528548
                   050592.0123357657
                   046993.0534450496
                   0749912.6343306
                   0724284.391922757
                   0674708.530558936
                   0603649.752955002
                   0514995.826875659
                   0414511.275393365
                   0308479.896595973
                   0210669.166770613
                   0144275.230105911
                   0113557.334926709
                   088366.8305016262
                   068644.3012774413
                   054085.8230403826
                   044287.4948373338
                   038549.4864840517
                   035804.8933482912
                   0568806.602942781
                   0548674.009082328
                   0509413.901993639
                   0453333.81564793
                   0383926.371570021
                   0305779.240091152
                   0225687.460697691
                   0154743.730336586
                   0106493.960083112
                   083848.8763797269
                   065265.8873391656
                   050703.9852793925
                   039949.2748893236
                   032709.3272963231
                   028468.9889580131
                   026440.3132024073
                   0417083.899855487
                   0401378.530719352
                   0371114.676965345
                   0328445.927290606
                   0275246.675289096
                   0216717.137398796
                   0158669.033602735
                   0109527.877160488
                   075699.7415736543
                   059623.797213208
                   046422.2850863007
                   036067.9407260467
                   028416.7460223721
                   023264.6532825298
                   020246.7012857219
                   018802.5439366582
                   0292584.104068727
                   0280930.353611901
                   0258318.903438289
                   0226482.024590316
                   0187869.742111944
                   0145903.317811923
                   0106106.035056172
                   073896.9754409356
                   051267.0617499137
                   040393.9503157817
                   031458.3843326963
                   024443.7961511384
                   019257.4991342984
                   015764.5732799019
                   013718.1924069927
                   012738.4834158743
                   0192879.860035254
                   0184463.51551241
                   0168407.360572255
                   0146011.712769967
                   0119364.88687772
                   091410.8287106117
                   066203.8692332317
                   046581.7290142297
                   032427.3188741451
                   025559.0042964995
                   019910.2431955515
                   015471.7949717082
                   012188.5440227447
                   09976.54885293982
                   08680.38531595684
                   08059.70961492524
60.12201486281
