              102353                 360
                 160
    5339499999.99999    5006048181.56798    4694834386.17908     4404375551.9889    4133287523.08679    3880278453.42319    3644142650.63143    3423754830.40722    3218064754.06581     3026092223.7223    2846922411.24519    2679701498.72381    2523632609.67446    2377972011.59593    2242025571.77804    2115145449.47348    1996727008.66999    1886205936.75086    1783055555.31303    1686784310.32767    1596933429.68293    1513074736.94594    1434808610.92584    1361762081.31434    1293587051.32867    1229958638.88707    1170573628.41199    1115149025.88302    1063420710.25388    1015142174.80693    970083352.447181    928029519.337887    888780271.653059     852148570.57075    817959850.956071    786051189.486468     756270528.25502    728475950.151918    702535002.571022    678324066.218666    655727766.016837    634638421.293436    614955532.639546    596585302.988383    579440190.633658    563438492.057314    548503952.578627    534565402.969263    521556420.302608    509415011.421182    498083317.513724    487507338.394137    477636675.168376    468424290.062966    459826282.270656    451801678.744993    444312238.946896    437322272.612741    430798469.675567    424709741.528891    419027072.876705    413723383.463642    408773399.026417    404153530.851552    399841763.365451    395817549.221131    392061711.381647    388556351.733625    385284765.795381     382231363.11319    379381592.966356    376721875.027037    374239534.644394    371922742.444663    369760457.959318    367742377.012693    365858882.618348    364100999.150164     362460349.56979    360929115.506614           359500000    359348101.265823    359196202.531646    359044303.797468    358892405.063291    358740506.329114    358588607.594937    358436708.860759    358284810.126582    358132911.392405    357981012.658228    357829113.924051    357677215.189873    357525316.455696    357373417.721519    357221518.987342    357069620.253165    356917721.518987     356765822.78481    356613924.050633    356462025.316456    356310126.582278    356158227.848101    356006329.113924    355854430.379747     355702531.64557    355550632.911392    355398734.177215    355246835.443038    355094936.708861    354943037.974684    354791139.240506    354639240.506329    354487341.772152    354335443.037975    354183544.303797     354031645.56962    353879746.835443    353727848.101266    353575949.367089    353424050.632911    353272151.898734    353120253.164557     352968354.43038    352816455.696203    352664556.962025    352512658.227848    352360759.493671    352208860.759494    352056962.025316    351905063.291139    351753164.556962    351601265.822785    351449367.088608     351297468.35443    351145569.620253    350993670.886076    350841772.151899    350689873.417722    350537974.683544    350386075.949367     350234177.21519    350082278.481013    349930379.746835    349778481.012658    349626582.278481    349474683.544304    349322784.810127    349170886.075949    349018987.341772    348867088.607595    348715189.873418    348563291.139241    348411392.405063    348259493.670886    348107594.936709    347955696.202532    347803797.468354    347651898.734177           347500000
                  17
                   0   0.196349540849363   0.392699081698725   0.589048622548088    0.78539816339745   0.981747704246813    1.17809724509618    1.37444678594554     1.5707963267949    1.76714586764426    1.96349540849363    2.15984494934299    2.35619449019235    2.55254403104171    2.74889357189108    2.94524311274044     3.1415926535898
                   2
                   0     6.2831853071796
                   039.1555550435447
                   039.1256318734853
                   039.066369764312
                   038.9769389417632
                   038.8540650636755
                   038.6908107566386
                   038.4801595315924
                   038.2015663049388
                   037.8415190677822
                   037.3555044359585
                   036.6711035745185
                   035.6302923753176
                   033.8998917069825
                   030.5804209408217
                   022.5937705988797
                   03.43533486778872
                   045.8660426966785
                   045.8288981365573
                   045.7549199425427
                   045.6417021072017
                   045.4851139361353
                   045.2762363830277
                   045.0052057998542
                   044.6488939366325
                   044.1897504802207
                   043.5683512471073
                   042.6939057774428
                   041.3676845162755
                   039.1679682987205
                   034.9676820624712
                   025.0648338845652
                   03.76998564692765
                   053.7015999052058
                   053.6551683638353
                   053.5621693954286
                   053.4188998915689
                   053.2191507443745
                   052.9516191637915
                   052.6035240138698
                   052.1477655333565
                   051.5616060700999
                   050.76767959351
                   049.6517218246824
                   047.9616389367849
                   045.1676834475897
                   039.8752958007753
                   027.6700487404264
                   04.20513741789884
                   062.8721892271281
                   062.8138951776206
                   062.6961269946696
                   062.5141788607469
                   062.2594672152508
                   061.9166068344013
                   061.4707197446374
                   060.8883275202292
                   060.1406162880148
                   059.1277025290284
                   057.7052765087618
                   055.5537428420342
                   052.0069273439625
                   045.3606419658212
                   030.3902454193151
                   04.76312577500384
                   073.6237212278909
                   073.5502643909915
                   073.4009209842608
                   073.1689125867643
                   072.8434367125493
                   072.4032464390978
                   071.8346577645848
                   071.0923580729944
                   070.1377012664025
                   068.84548993039
                   067.0347311910438
                   064.2973710439483
                   059.8095878729257
                   051.4815001981932
                   033.2166959223057
                   05.47562237981928
                   086.2321588201616
                   086.1389699118224
                   085.9490166860941
                   085.6529227706275
                   085.2368621236573
                   084.671326132039
                   083.9475579382078
                   083.0022304325688
                   081.7832527435982
                   080.136432765742
                   077.8321097378995
                   074.3533044387205
                   068.6915638520312
                   058.2859181349759
                   036.129807320788
                   06.37660302461648
                   0101.031859809031
                   0100.913510246474
                   0100.670367278244
                   0100.292140976902
                   099.7602994192127
                   099.0342052790284
                   098.1139300894353
                   096.9116726059795
                   095.357302862327
                   093.2609051677993
                   090.3313785040531
                   085.9185093702992
                   078.7869196177562
                   065.8202676263237
                   039.1237103657905
                   06.09705777997873
                   0118.406077144616
                   0118.254796581276
                   0117.946512317447
                   0117.462871478766
                   0116.781645813857
                   0115.851613675473
                   0114.681991283741
                   0113.153476482139
                   0111.174111610147
                   0108.507053218491
                   0104.785240634188
                   099.1993596965184
                   090.2349307231889
                   074.1224281460606
                   042.1982281996825
                   07.64834841790291
                   0138.815747869504
                   0138.622779981381
                   0138.229520012253
                   0137.612572914377
                   0136.740724882386
                   0135.552349455725
                   0134.066379229499
                   0132.124652262534
                   0129.607009804655
                   0126.21719759365
                   0121.489808772725
                   0114.436105210484
                   0103.194687832263
                   083.2352156384849
                   045.3857716077024
                   09.58129161990907
                   0162.787448565469
                   0162.541636415197
                   0162.039047745578
                   0161.2522500082
                   0160.139750121433
                   0158.620365397859
                   0156.734422086976
                   0154.26906925348
                   0151.070694305576
                   0146.768698281459
                   0140.774777639885
                   0131.883232389092
                   0117.815879789896
                   093.1974732613499
                   048.7352756903526
                   011.9714669216785
                   0190.968605854575
                   0190.65548255445
                   0190.014063161424
                   0189.010326252927
                   0187.588725481662
                   0185.656529792624
                   0183.262505233159
                   0180.132345338118
                   0176.072595373825
                   0170.617260771404
                   0163.029160498966
                   0151.837223869825
                   0134.273299954864
                   0104.043409220307
                   052.3419513933923
                   014.9402154751932
                   0224.090269191454
                   0223.690783147507
                   0222.871704611099
                   0221.59153149636
                   0219.774403300732
                   0217.320599142557
                   0214.291280730345
                   0210.319553762782
                   0205.170686495987
                   0198.263331493769
                   0188.671825178158
                   0174.610284549207
                   0152.739019959182
                   0115.80381878739
                   056.3312821223516
                   018.5970712325292
                   0262.994030669647
                   0262.484842682421
                   0261.441457900517
                   0259.806882561597
                   0257.49094751121
                   0254.377064071971
                   0250.543502995033
                   0245.508740141554
                   0238.985017826429
                   0230.24294771729
                   0218.14822045738
                   0200.523031790982
                   0173.372805863845
                   0128.486365440175
                   060.8714066285692
                   023.0767692398047
                   0308.769697313943
                   0308.117880818587
                   0306.790030406195
                   0304.688911701055
                   0301.734250064222
                   0297.773759168552
                   0292.912854311533
                   0286.522286104739
                   0278.25051840766
                   0267.183228613425
                   0251.961606900005
                   0229.884432626897
                   0196.299779263935
                   0142.076852595786
                   066.1297204258316
                   028.5092317124774
                   0362.438021017604
                   0361.613157602755
                   0359.906528787206
                   0357.251281108973
                   0353.482435297205
                   0348.480578801603
                   0342.334433517396
                   0334.246763440927
                   0323.794128347042
                   0309.819307460575
                   0290.677920374273
                   0263.176344251578
                   0221.773735607493
                   0156.756640773999
                   072.5158931206899
                   035.2113184689271
                   0425.495373860437
                   0424.43729399045
                   0422.287455491748
                   0418.89256620549
                   0414.128840512386
                   0407.782264452876
                   0400.023557387237
                   0389.811020764975
                   0376.601339723815
                   0359.004007776669
                   0335.027752951504
                   0300.802915719071
                   0249.944977259665
                   0172.569471837816
                   080.3226010982758
                   043.3743493808245
                   0500.647957316864
                   0499.311463571903
                   0496.555515551373
                   0492.21731031858
                   0486.139188924459
                   0478.090496491405
                   0468.233730607206
                   0455.278128547462
                   0438.542580933948
                   0416.284622726686
                   0386.278708341354
                   0343.777719536141
                   0281.578383909839
                   0190.188564334813
                   090.3580386505261
                   053.7018186935835
                   0588.450083918414
                   0586.752797290798
                   0583.276461055762
                   0577.775696059934
                   0570.02956737953
                   0559.82318901672
                   0547.384997039394
                   0530.983434295283
                   0509.870052284424
                   0481.839570379411
                   0444.424401144955
                   0391.811083819182
                   0316.121915806308
                   0209.150837043724
                   0102.438137215771
                   065.9578459582923
                   0691.351925033923
                   0689.166957850588
                   0684.751651440173
                   0677.77873898134
                   0667.985298464464
                   0655.117210043953
                   0639.335366201637
                   0618.651641543182
                   0592.071426980211
                   0556.909034105148
                   0510.313726242882
                   0445.438183448123
                   0353.852217120614
                   0229.849245609722
                   0116.997289087119
                   080.4993891111963
                   0811.952426659536
                   0809.206909890247
                   0803.560131402046
                   0794.723547085253
                   0782.392078594933
                   0766.136567222005
                   0746.247792563443
                   0720.161916030761
                   0686.759218587163
                   0642.759856094809
                   0584.959894948328
                   0505.272487948336
                   0395.1492695223
                   0252.81995510247
                   0134.566506736044
                   097.8303481692598
                   0952.88357769743
                   0949.417135558071
                   0942.269622424932
                   0931.125932524328
                   0915.59594675022
                   0895.139583776151
                   0870.093545375886
                   0837.286080200426
                   0795.430271305273
                   0740.475659212675
                   0669.008303699272
                   0571.593572705446
                   0440.105299886735
                   0278.397895012481
                   0155.452623598113
                   0118.213716769204
                   01117.54009690058
                   01113.1618465367
                   01104.17879808228
                   01090.09292021745
                   01070.51751175836
                   01044.87389575711
                   01013.37528601553
                   0972.210386393768
                   0919.866215459036
                   0851.510614587982
                   0763.490211230144
                   0644.94489404327
                   0489.021348163185
                   0307.219825393043
                   0180.13366346677
                   0142.123099077239
                   01311.15387730253
                   01305.58388469762
                   01294.26014320763
                   01276.40934796533
                   01251.83951550205
                   01219.58425172951
                   01179.99206893867
                   01128.39880814305
                   01062.92920357385
                   0978.098644016517
                   0870.04306827271
                   0726.42482733874
                   0542.977616921857
                   0340.698718011228
                   0209.564402277084
                   0170.583939748008
                   01538.97298364741
                   01531.92426152722
                   01517.58752354124
                   01495.09733585561
                   01464.1460544609
                   01423.55156555504
                   01373.81006328947
                   01309.19375765093
                   01227.38828114734
                   01122.31517249381
                   0990.157796484811
                   0817.049594595605
                   0602.748897696358
                   0380.045443461659
                   0244.592361733253
                   0204.456321385017
                   01802.05643536497
                   01793.20823088965
                   01775.1326336939
                   01746.95542027061
                   01708.12423008066
                   01657.39499048524
                   01595.22041104231
                   01514.60868739711
                   01412.94326592297
                   01283.56862357937
                   01122.70660597775
                   0915.572889059916
                   0667.383083244041
                   0424.67208964255
                   0284.432917674926
                   0243.017855738229
                   02106.21486673295
                   02095.11924343975
                   02072.41868244616
                   02037.22889315151
                   01988.81565147333
                   01925.52455154446
                   01848.1661615056
                   01748.06488204626
                   01622.4197791332
                   01463.89133971384
                   01269.12891767046
                   01022.86762698689
                   0738.135110111203
                   0475.648649667312
                   0304.813429394475
                   0286.826216378214
                   02456.80503279491
                   02442.983967333
                   02414.73508224156
                   02370.85556521322
                   02310.76943060878
                   02232.3019814801
                   02136.40744369411
                   02012.43447998612
                   01857.73804319306
                   01664.32869083688
                   01429.77405541022
                   01139.43376243572
                   0815.588845169192
                   0533.832908302352
                   0357.59039821212
                   0336.204326514772
                   02870.43723505177
                   02853.21515167321
                   02817.89220765102
                   02763.2149259445
                   02688.2511721114
                   02590.29663138992
                   02471.24457362739
                   02317.7408926152
                   02127.47046384955
                   01892.085153413
                   01610.6098020249
                   01269.30824850789
                   0904.141553697168
                   0603.163651707752
                   0419.962570965038
                   0394.926180399087
                   03341.67010268651
                   03320.17992194089
                   03276.39994302508
                   03208.7047260837
                   03115.79751529803
                   02994.79503569899
                   02848.06241834019
                   02659.47666750171
                   02426.70948115647
                   02142.25939713442
                   01807.17784605256
                   01409.91015864155
                   01001.24171689069
                   0681.038542416967
                   0489.616683628903
                   0459.940609426781
                   03878.11019077999
                   03851.57140220036
                   03797.61962856018
                   03714.21361180705
                   03600.02616098353
                   03451.04368235035
                   03271.2197769219
                   03040.56804329596
                   02758.06877009345
                   02416.17069839448
                   02020.47053527278
                   01561.75283958177
                   01108.10330971398
                   0768.196424579839
                   0567.239457663472
                   0532.503860205163
                   04503.48569032744
                   04470.630233826
                   04403.99968731847
                   04300.97109663717
                   04160.45849769979
                   03977.19193016504
                   03756.61279506686
                   03475.31082706245
                   03133.20652182529
                   02724.20589828137
                   02258.81317249935
                   01732.41243613504
                   01232.0350804444
                   0870.193275780834
                   0657.656949971166
                   0617.437180895952
                   05208.18097848048
                   05167.93465394551
                   05086.29672056422
                   04960.23042673231
                   04788.40660963292
                   04564.36887908513
                   04295.95469128114
                   03955.28513500073
                   03544.09192300668
                   03058.40395861358
                   02515.39715436747
                   01916.53035477359
                   01368.12466103872
                   0982.680052753434
                   0756.86001169264
                   0710.575110753082
                   06014.50061241591
                   05965.25130717942
                   05865.43448039963
                   05711.43717437264
                   05501.66485083255
                   05229.27321197627
                   04903.36499431216
                   04492.59268991314
                   04000.99189785575
                   03427.40734014614
                   02797.69859098334
                   02121.17093557849
                   01522.63296986665
                   01110.09647715622
                   0869.374004218285
                   0815.796950361158
                   06923.88666450736
                   06863.99130754355
                   06742.78293014974
                   06555.4473037217
                   06300.86824419319
                   05970.97992545463
                   05578.23868218555
                   05085.73851996307
                   04501.34364872028
                   03828.28799467807
                   03104.03376097172
                   02344.90940828155
                   01694.44027966233
                   01250.72392266764
                   0993.303679953038
                   0931.146042446851
                   07952.00773603289
                   07879.40038008328
                   07732.57709891466
                   07505.63217403477
                   07198.00596267765
                   06800.36347326205
                   06328.86064411666
                   05741.9629228626
                   05051.11572569658
                   04266.6406079616
                   03438.32278769727
                   02592.06704412857
                   01886.64736432104
                   01406.52828346268
                   01131.03739482195
                   01058.66774270133
                   09100.24376884428
                   09013.03222689022
                   08835.78841744289
                   08562.83064620352
                   08192.82697272063
                   07716.56579339499
                   07154.04962257793
                   06458.84076493691
                   05648.64769236546
                   04740.35183814742
                   03799.08913827074
                   02861.6232559028
                   02097.478371202
                   01576.62163421198
                   01281.0193927988
                   01198.75985203069
                   010394.8249445334
                   010289.3022601047
                   010076.5942816996
                   09748.94040059148
                   09306.10507679253
                   08737.9449842903
                   08070.15454738578
                   07251.15178030508
                   06305.08311063338
                   05259.50458839367
                   04196.43800375711
                   03161.54940124393
                   02333.25157223714
                   01649.43143400992
                   01447.78687860184
                   01355.7287351343
                   011831.6382322163
                   011706.2151845466
                   011451.6114869976
                   011060.6499752871
                   010533.6910111899
                   09860.02184851144
                   09071.63071502167
                   08112.86078836429
                   07015.89462973438
                   05820.59192915365
                   04627.45956791699
                   03489.26681680869
                   02590.9454201826
                   01856.81994423858
                   01628.37624762656
                   01527.0189435916
                   013424.7139761859
                   013275.6657113045
                   012973.9521533056
                   012509.2345417565
                   011885.2392215578
                   011090.8721333052
                   010166.5521552072
                   09049.86545904106
                   07784.60595664965
                   06427.94003319596
                   05096.71210781582
                   03847.68390405661
                   02873.76999857094
                   02083.78186013969
                   01827.66576571228
                   01710.80288849006
                   015181.2674200419
                   015005.1085900788
                   014648.8178251225
                   014100.34057342
                   013365.4563031796
                   012434.3150870461
                   011355.650747949
                   010063.0025140324
                   08614.18599013103
                   07081.66036406666
                   05604.09443948218
                   04236.73302295001
                   03180.33112719998
                   02328.9646750902
                   02042.34057834158
                   01909.59988959089
                   017104.1489096052
                   016897.040276231
                   016478.1315829142
                   015835.7778300402
                   014975.1139244975
                   013889.9323297966
                   012639.2298962529
                   011154.073748791
                   09503.99636038993
                   07783.17628606745
                   06151.51088062899
                   04659.17017510494
                   03511.97109888241
                   02595.1097851124
                   02275.67488546171
                   02125.99818018553
                   019207.9521514163
                   018965.9684593336
                   018477.3327764576
                   017727.5302745901
                   016725.6140633889
                   015468.0408443586
                   014025.2703181317
                   012327.6067625053
                   010459.9330215264
                   08536.54912385017
                   06741.3224803422
                   05116.209340182
                   03867.37806435045
                   02881.67657349947
                   02527.50960021879
                   02360.27590634593
                   021498.7254031221
                   021217.8344474944
                   020649.3511248887
                   019779.2563297427
                   018620.7906300452
                   017170.8087905063
                   015515.8975845815
                   013585.6884727418
                   011484.3733102671
                   09344.63356140005
                   07374.55059193763
                   05609.66453147207
                   04246.39148843638
                   03190.87570016727
                   02797.30472310406
                   02612.07186231309
                   023967.4901749066
                   023642.6239422626
                   022985.8262801315
                   021982.3893678408
                   020650.5383069972
                   018988.9503059789
                   017102.3394137581
                   014920.8592095394
                   012569.8207539846
                   010202.2020179078
                   08048.07617297179
                   06133.41746915183
                   04644.4055465686
                   03518.36305739724
                   03082.95476130364
                   02878.48685178083
                   026624.844499369
                   026251.6100765522
                   025496.5735392921
                   024345.6104315577
                   022822.0761786531
                   020930.4763220863
                   018791.4269466877
                   016338.3544617803
                   013720.8685337748
                   011113.2165966787
                   08763.16533632174
                   06688.37914295537
                   05062.2288460141
                   03865.23131224052
                   03384.97772204167
                   03160.39183333448
                   029467.0359994623
                   029040.1532042395
                   028178.0995103936
                   026865.4105164685
                   025132.7224622519
                   022989.2338321745
                   020579.8114605437
                   017836.2527844971
                   014934.855581612
                   012075.7315217621
                   09519.93800098319
                   07268.46683010703
                   05269.79197205342
                   04227.21631317064
                   03702.7248853569
                   03457.52760394886
                   032485.0951028427
                   031999.9935682184
                   031020.9360434664
                   029532.2792938673
                   027572.9203153047
                   025160.0508863705
                   022458.1726824055
                   019408.0468189159
                   016204.9907687859
                   013085.0611562557
                   010309.3685461412
                   07867.4490685829
                   05592.87445525847
                   04597.24344506363
                   04032.01536622889
                   03766.09714017049
                   035770.1400855628
                   035218.2144856184
                   034107.4202963114
                   032417.7504054783
                   030197.9618384726
                   027475.9977484961
                   024459.5454623432
                   021062.7142069968
                   017531.2723410932
                   014119.0825141023
                   011106.0900922391
                   08453.09151447956
                   06015.33709948101
                   04940.23970356683
                   04329.80580192157
                   04043.44233849817
                   039082.1800455412
                   038464.4727398839
                   037206.7761102499
                   035317.2927099752
                   032843.3029312466
                   029818.4134985405
                   026459.3283201202
                   022724.0258736869
                   018869.3194508288
                   015177.9658545173
                   011918.0040176545
                   09062.52658841239
                   06477.97014446292
                   05323.53704407123
                   04658.36271911147
                   04353.52410370196
                   042555.6699668193
                   041867.573404503
                   040475.2979551807
                   038374.9713242776
                   035617.3872973292
                   032269.8197526976
                   028560.0184882094
                   024466.4937726762
                   020277.3638209132
                   016282.8600343895
                   012769.5565734558
                   09699.72097587787
                   06959.59279985571
                   05723.45160206495
                   05005.90521615036
                   04681.97849973968
                   046190.0127413025
                   045413.7890342198
                   043878.4091372697
                   041530.3604895034
                   038492.8973375315
                   034806.8984803053
                   030729.8008218369
                   026266.3902302681
                   021730.7148135923
                   017425.7462549345
                   013650.1445422829
                   010355.1143689779
                   07468.09558214416
                   06136.55789893593
                   05365.22346776156
                   05016.57416700529
                   049942.3912059799
                   049093.3622519635
                   047382.6089914545
                   044798.4345325617
                   041453.4662863434
                   037420.87866102
                   032968.3179872
                   028127.7092078938
                   023228.2568274019
                   018604.7418495776
                   014560.0301937514
                   011030.6543066911
                   07989.95423217471
                   06567.49089576599
                   05732.89480641188
                   05362.65969629685
                   053807.5413019081
                   052874.2162627974
                   050989.4030461386
                   048157.7260447287
                   044490.7416230853
                   040085.1101912465
                   035227.7737179679
                   030023.9511977568
                   024759.7825358738
                   019818.7703115238
                   015487.9113435363
                   011711.528560309
                   08520.98985595877
                   07003.0023221479
                   06109.06262732663
                   05712.66423571763
                   057780.1895312592
                   056755.1936006453
                   054694.8539988911
                   051621.1177645493
                   047634.4287114537
                   042856.8859460307
                   037597.004680629
                   031930.932839814
                   026312.2812098359
                   021001.741461763
                   016401.53218392
                   012367.0622601816
                   09046.17227519763
                   07438.04763006727
                   06488.14501276176
                   06063.98661691557
                   061827.3379858042
                   060724.5258031512
                   058473.9939897982
                   055124.9416165124
                   050801.9558819998
                   045639.4585543644
                   039975.3713662761
                   033915.0673172913
                   027846.6961791649
                   022218.5646595402
                   017332.567217609
                   012426.2380425889
                   09577.22332416603
                   07872.17562332203
                   06864.47850122141
                   06415.24939607238
                   065952.8158410176
                   064749.9330531299
                   062312.9129392805
                   058692.5433164576
                   054026.9167965546
                   048476.7077907086
                   042435.8301705091
                   035906.2279065431
                   029401.8669683389
                   023406.2778827959
                   018236.368290341
                   012851.7582562405
                   010090.4834458154
                   08309.09716417822
                   07245.04668782704
                   06767.18877495427
                   070116.6263148396
                   068807.9328389494
                   066185.2993456131
                   062284.2560133575
                   057287.3537695586
                   051367.2868237458
                   044866.6832568205
                   037901.6198218726
                   030982.2710968604
                   024635.2999778204
                   019121.357116994
                   013495.7463938261
                   010603.5173570589
                   08746.02156872871
                   07626.64378665216
                   07118.34796335709
                   074283.4381514346
                   072877.3259576218
                   070065.3857348454
                   065912.4985394237
                   060572.2015829392
                   054216.8309792927
                   047293.9907839923
                   039891.7193114519
                   032552.5532059987
                   025850.9258369126
                   020015.2987375344
                   014132.6933857971
                   011105.5833991435
                   09174.72721174521
                   08003.86522480251
                   07467.81787643701
                   078472.5082373546
                   076966.2136033153
                   073988.5076848116
                   069545.3600300148
                   063832.1626306185
                   057073.3888059018
                   049723.1877576033
                   041877.2987074319
                   034118.8424322328
                   027059.4702325906
                   020897.3332963691
                   014780.2991353119
                   011613.2900172995
                   09588.1928971981
                   08377.10520877204
                   07813.24940738949
                   082658.3307525899
                   081046.9483898825
                   077886.0608051043
                   073141.9340197732
                   067073.0114418605
                   059906.9241757236
                   052130.3955532012
                   043843.7047721588
                   035660.1449578885
                   028244.250022006
                   021760.6661521429
                   015415.654904686
                   012118.4568512629
                   09996.12782694469
                   08739.87144393694
                   08149.48643170428
                   086824.1952353038
                   085144.9907911999
                   081756.0387378409
                   076731.06432352
                   070302.2296768959
                   062730.4390623126
                   054524.4363778648
                   045795.2974631541
                   037183.9847151537
                   029406.2803146406
                   022603.0233392404
                   016039.8112218283
                   012616.0232390156
                   010403.1145437743
                   09090.80883168426
                   08482.68919761413
                   090949.8828147778
                   089171.8909120499
                   085587.7625376412
                   080277.5043380818
                   073493.478431879
                   065517.7250503432
                   056887.0605259949
                   047717.5056081868
                   038678.3770094083
                   030532.3153952531
                   023420.6013668992
                   016650.2424770722
                   013102.0519850043
                   010799.5672371397
                   09439.82375036878
                   08807.22343839538
                   095006.6621969039
                   093112.0070007746
                   089343.7411044383
                   083753.2048331505
                   076622.4961980815
                   068246.096720517
                   059194.7176998149
                   049587.9129288625
                   040130.2859414231
                   031613.7898458694
                   024185.8137701707
                   017236.266107591
                   013571.3334473939
                   011183.1469655797
                   09779.18057003701
                   09118.34111362882
                   099040.536217511
                   097010.0208628741
                   093050.971576041
                   087185.6786350065
                   079709.1908418771
                   070940.2417754262
                   061473.2546155329
                   051433.8213721866
                   041550.4450254684
                   032663.541501055
                   024443.6867115313
                   017815.2708984346
                   014032.9882410606
                   011561.8744138292
                   010111.7804971876
                   09420.27953444632
                   0102958.9209271
                   0100838.915382957
                   096656.7724972674
                   090500.4427676453
                   082682.208318406
                   073533.3031118038
                   063673.054630328
                   053226.0658008901
                   042874.8836697613
                   033653.9127596067
                   024061.4123949865
                   018363.0279031709
                   014480.22613324
                   011924.9155250248
                   010424.1510643833
                   09713.56621067241
                   0106808.705129643
                   0104636.471111563
                   0100286.854730406
                   093865.4844984249
                   085704.1917821147
                   076157.7399153928
                   065876.6162559198
                   054980.6246702511
                   044130.0548626904
                   034562.2158691301
                   024575.1324578605
                   018831.4080319773
                   014874.6831861341
                   012249.843274074
                   010713.5811274299
                   09993.13972473318
                   0110585.044870951
                   0108303.810714791
                   0103769.247886476
                   097079.9367510484
                   088586.2042060951
                   078665.6816433728
                   067987.316254339
                   056672.3924054157
                   045365.7597626743
                   035452.1814664508
                   025183.3729266423
                   019312.0951034336
                   015273.321924389
                   012577.3138859706
                   011000.258957767
                   010256.9861883263
                   0114236.358530558
                   0111864.07566422
                   0107148.874677085
                   0100200.193660046
                   091385.4981219095
                   081096.1072305554
                   070031.1148032826
                   058301.6613131091
                   046522.5725615178
                   036304.0237144234
                   025774.3159046021
                   019772.45549916
                   015652.8980849998
                   012890.37543955
                   011273.6051987439
                   010512.7741017812
                   0117770.805716729
                   0115308.762791193
                   0110420.07914943
                   0103219.544460479
                   094095.863008426
                   083448.2136799907
                   072005.7281695055
                   059867.6119630077
                   047664.7426870316
                   037124.4754595971
                   026353.6090770604
                   020222.4056639112
                   016020.6210016378
                   013194.5349732446
                   011539.3626738011
                   010760.747302468
                   0121194.010653377
                   0118645.556829593
                   0113587.644377559
                   0106142.905100594
                   096715.6461855815
                   085719.9600103437
                   073908.1742631017
                   061376.2217299645
                   048752.9556716089
                   037906.4982567229
                   026912.2495610322
                   020655.9305664596
                   016371.0664224147
                   013485.1303863896
                   011793.2348305942
                   010997.5747034562
                   0124491.413468405
                   0121859.285251794
                   0116637.470346012
                   0108955.769170847
                   099235.2346757131
                   087905.8805062675
                   075734.6666512515
                   062815.2251433071
                   049786.384241227
                   038640.6009672028
                   027440.6516623558
                   021070.3379850504
                   016702.5162790106
                   013760.7852813063
                   012034.0303376514
                   011222.1662634598
                   0127687.876478033
                   0124973.935300077
                   0119592.634224097
                   0111681.501295803
                   0101675.291591428
                   090019.660360901
                   077499.1258611188
                   064203.4469249638
                   050769.8039135558
                   039324.1303474256
                   027948.7241916621
                   021468.8836609203
                   017018.9939115979
                   014024.4671128161
                   012264.3779365048
                   011436.7951578166
                   0130759.718156462
                   0127967.43926759
                   0122432.037708237
                   0114298.921116327
                   0104016.815857491
                   092048.6424240725
                   079188.627281511
                   065526.6590624768
                   051700.2155065037
                   039789.9517548167
                   028428.8447967823
                   021849.6528464326
                   017318.7479101157
                   014274.3362516995
                   012482.7044740673
                   011640.2067610764
                   0133725.796990719
                   0130857.62465733
                   0125173.060168701
                   0116825.559166536
                   0106276.810285341
                   094002.3561771837
                   080812.96846484
                   066794.4319408136
                   052581.2220560619
                   039799.4074721256
                   028886.5111337207
                   022211.4115661938
                   017603.9877364356
                   014512.0302777723
                   012690.2560019167
                   011833.6423818503
                   0136576.12460901
                   0133634.888892651
                   0127806.612861917
                   0119251.863877224
                   0108446.273476896
                   095876.219470626
                   082369.9784521361
                   068005.0728592687
                   053406.9948928461
                   039223.5000855043
                   029315.0957029117
                   022555.6345225162
                   017875.7966841459
                   014737.679539753
                   012887.4513719797
                   012017.5247174044
                   0139350.3567169
                   0136337.382701628
                   0130368.929427816
                   0121612.938157048
                   0110554.446878623
                   097699.7381019171
                   083879.9960462531
                   069176.9428763544
                   054189.8599695188
                   038912.8727578049
                   029716.6294964263
                   022889.4837498052
                   018137.5802979541
                   014955.1809870193
                   013077.3068165653
                   012194.3944450334
                   0142066.754985104
                   0138983.555746468
                   0132878.310859522
                   0123922.301646138
                   0112621.359516433
                   099483.7406882952
                   085357.8630722654
                   070319.6426447976
                   054938.5162427865
                   039212.6799860324
                   030100.2250761451
                   023213.748596115
                   018394.6881992533
                   015167.1398039556
                   013262.6023703376
                   012366.8428825461
                   0144827.074216258
                   0141672.913451182
                   0135429.226990934
                   0126274.203099968
                   0114723.806476986
                   0101301.639396881
                   086865.6920102222
                   071484.2358803958
                   055698.6800493819
                   039704.9546785598
                   030495.3385405179
                   023548.165809115
                   018658.1346181324
                   015385.281124838
                   013453.0329400591
                   012544.252928142
                   0147838.79763812
                   0144609.574651367
                   0138216.298722155
                   0128846.814089113
                   0117027.206148291
                   0103299.296346572
                   088524.1949083416
                   072772.3531847383
                   056554.2030470178
                   040297.6686168413
                   030955.6638095136
                   023928.2669294004
                   018957.7113259129
                   015632.8748741169
                   013668.7887256399
                   012745.4761613332
                   0151528.781951055
                   0148208.87290322
                   0141638.603609649
                   0132011.887965481
                   0119870.567150355
                   0105772.172016077
                   090592.9372646816
                   074394.4893783274
                   057603.3840744
                   041092.4912432399
                   031570.0850906241
                   024423.1895090246
                   019348.7160573654
                   015955.2905872901
                   013950.3174862893
                   013007.6867142276
                   0155287.375110934
                   0151879.780300985
                   0145137.111662272
                   0135254.897390599
                   0122800.688778696
                   0108338.025604668
                   092766.1609488873
                   076138.3394679426
                   058776.3948485443
                   042011.1571717191
                   032277.7222081481
                   024978.2361358972
                   019788.0976955321
                   016317.5063083708
                   014266.7718585877
                   013302.4820657427
                   0157671.928311641
                   0154210.91725024
                   0147362.083287236
                   0137330.465316927
                   0124679.671219251
                   0109988.163865053
                   094172.7386980392
                   077280.7511876561
                   059817.9056943479
                   042629.6163763922
                   032753.2546330711
                   025348.4678751318
                   020080.93027677
                   016559.0546882523
                   014477.5881992913
                   013499.0173812181
                   0160229.229004826
                   0156710.809238934
                   0149748.575939123
                   0139551.191199319
                   0126692.220400905
                   0111757.826562685
                   095680.9883122775
                   078509.0664748631
                   060516.2556395986
                   043292.8688821071
                   033262.6505099903
                   025744.7807552247
                   020394.8767493509
                   016817.6833853881
                   014703.6341439173
                   013709.6863074797
                   0162976.002021355
                   0159395.488209214
                   0152312.15085122
                   0141936.965252903
                   0128854.983185673
                   0113664.116911992
                   097301.1512743307
                   079827.8385944908
                   061474.2847418098
                   044006.3574984666
                   033810.7622830958
                   026170.2466982473
                   020731.8608464786
                   017095.2907937286
                   014946.4448238041
                   013935.7740646894
                   0165948.474883657
                   0162301.522245029
                   0155086.830728699
                   0144519.071358415
                   0131195.189969696
                   0115722.378922867
                   099058.4954076318
                   081253.3698834318
                   062768.4717437611
                   044779.2443382566
                   034404.7980398139
                   026631.3152550295
                   021096.8210476465
                   017395.8669148096
                   015209.0185706906
                   014180.6535784675
                   0169163.769661336
                   0165445.039528131
                   0158087.372823209
                   0147304.508225571
                   0133719.389412982
                   0117944.146842275
                   0100952.390982817
                   082792.1444876388
                   063644.3064884779
                   045610.4855243326
                   035044.0693394369
                   027128.0782523714
                   021489.8745231111
                   017719.6588882672
                   015491.9992017375
                   014444.451822337
                   0172645.969371943
                   0168848.921195343
                   0161337.124325852
                   0150335.169153224
                   0136459.036433186
                   0120354.598467803
                   0103005.530411827
                   084461.2281180958
                   064853.324298284
                   046513.5204516649
                   035737.886480689
                   027666.6278348504
                   021915.9994056437
                   018070.7123902956
                   015798.7890753527
                   014730.2910821822
                   0176406.350490791
                   0172524.904606856
                   0164846.040489261
                   0153601.013684587
                   0139422.232397918
                   0122957.981907988
                   0105223.514951771
                   086262.7535516817
                   066161.1376834895
                   047487.7002260183
                   036487.316008116
                   028247.8724958145
                   022375.4630704977
                   018449.6857615783
                   016129.7699730536
                   015038.7499425023
                   0180505.588031683
                   0176531.665543078
                   0168671.754266261
                   0157160.284860336
                   0142646.739339802
                   0125795.413354011
                   0107640.950362859
                   088225.9787696864
                   067584.8492165289
                   048549.637345258
                   037304.1167364191
                   028881.5945868037
                   022876.4613579948
                   018861.6021998604
                   016490.0967127343
                   015374.4569884824
                   0184960.310871907
                   0180886.625513612
                   0172828.934519452
                   0161030.121677077
                   0146153.35017445
                   0128879.783116932
                   0110268.192692203
                   090359.4010480574
                   069131.2180592223
                   049703.9171977456
                   038191.0406944733
                   029569.2886872853
                   023420.2182693886
                   019310.0275064029
                   016881.7109096307
                   015739.4875527983
                   0189806.080596105
                   0185623.825560148
                   0177351.03610947
                   0165239.225955463
                   0149966.883956883
                   0132232.931957565
                   0113125.322080497
                   092678.4879520538
                   070810.5064268604
                   050958.2148147844
                   039155.5469988713
                   030317.2047923215
                   024011.6496295637
                   019797.2058981881
                   017307.1236709991
                   016135.8206803099
                   0195093.536675231
                   0190792.841390531
                   0182286.904742671
                   0169832.933201564
                   0154127.468613343
                   0135892.751260868
                   0116240.645591678
                   095207.122187169
                   072638.3584410708
                   052326.4585488622
                   040206.0039495444
                   031131.8001786502
                   024655.3268058478
                   020327.0581079983
                   017770.5233981225
                   016567.6715060077
                   0200848.339283804
                   0196418.374753507
                   0187656.79569784
                   0174830.054072855
                   0158655.034382364
                   0139875.632164631
                   0119631.201427822
                   097957.4470519291
                   074624.8252955601
                   053813.9856319166
                   041348.323865031
                   032017.7155422236
                   025356.5589470057
                   020904.1655308323
                   018274.4588540279
                   017037.1932580319
                   0207125.841824869
                   0202554.875624482
                   0193515.766867082
                   0180281.435716453
                   0163593.473967056
                   0144218.244031926
                   0123328.864287793
                   0100955.294235024
                   076783.8335365517
                   055432.9031515673
                   042591.8999882843
                   032981.5732020583
                   026118.3559143665
                   021531.5894724417
                   018822.6646407638
                   017547.9227854057
                   0214003.094797634
                   0209277.809703878
                   0199934.241827676
                   0186252.67703047
                   0169003.811857047
                   0148975.457301545
                   0127379.054246448
                   0104238.142930396
                   079144.5845552615
                   057206.6457571682
                   043954.4691384867
                   034037.089809815
                   026953.2040107825
                   022218.6262789948
                   019423.0978479855
                   018107.380080832
                   0221529.232773883
                   0216635.562119138
                   0206956.560206763
                   0192787.04900452
                   0174923.456519181
                   0154180.151678454
                   0131810.530917336
                   0107828.649825461
                   081720.6661809538
                   059145.2980153804
                   045444.8439186402
                   035191.0967350265
                   027865.175002837
                   022969.1854584224
                   020078.6881658182
                   018718.5199324371
                   0229786.987482615
                   0224706.517378327
                   0214660.15775811
                   0199957.279197718
                   0181417.289813558
                   0159887.843350337
                   0136668.212578659
                   0111762.312524843
                   084538.7456069078
                   061268.9912412967
                   047077.1098904726
                   036454.6103161828
                   028863.4553864412
                   023791.4265277805
                   020796.8452506746
                   019387.461454526
                   0238854.116052898
                   0233570.096009303
                   0223114.041125815
                   0207822.223855146
                   0188540.820785047
                   0166150.329336392
                   0141995.079724663
                   0116074.548917715
                   087622.1729080194
                   063596.9881645323
                   048864.4148573697
                   037839.0904358302
                   029957.9321583423
                   024691.2242492688
                   021582.9520801354
                   020120.0692319835
                   0248816.025936081
                   0243307.157834833
                   0232414.178808728
                   0216473.663478245
                   0196370.364762302
                   0173033.812435027
                   0147848.765355952
                   0120812.107796846
                   090997.1377501079
                   066149.2593297238
                   050823.972774896
                   039357.3500688622
                   031157.720870865
                   025678.840385462
                   022445.3892577582
                   020923.1776814941
                   0259805.654794657
                   0254048.931603778
                   0242666.069169402
                   0226011.967198619
                   0205008.445751002
                   0180624.113393075
                   0154307.359318951
                   0126031.739887986
                   094709.2427488455
                   068962.2449468591
                   052984.5085344457
                   041028.6936020142
                   032479.1511767026
                   026766.4346519128
                   023395.0583550123
                   021807.6989167363
                   0271926.263566524
                   0265895.440276611
                   0253973.22168873
                   0236529.86934599
                   0214531.540258059
                   0188991.80078701
                   0161424.236240988
                   0131779.883599594
                   098789.1153475773
                   072057.2108233377
                   055363.1483750288
                   042869.9512815481
                   033933.7458316649
                   027962.6157536496
                   024439.8185591874
                   022780.9148374329
                   0285333.876168427
                   0279001.08612597
                   0266481.232785367
                   0248164.989674862
                   0225065.281823941
                   0198245.8221034
                   0169290.160585052
                   0138129.875527214
                   0103285.667529332
                   075476.2204789847
                   057988.5294721662
                   044901.9510830303
                   035538.6357864085
                   029282.8107719677
                   025592.5247215242
                   023854.8521165707
                   0300177.573920073
                   0293509.149394518
                   0280327.554048352
                   0261043.695062032
                   0236727.733477718
                   0208485.926373425
                   0177990.698088507
                   0145150.546443992
                   0108240.654217607
                   079254.748047518
                   060889.8126603372
                   047147.1467593682
                   037311.5859364939
                   030740.3177009107
                   026865.3719292799
                   025040.3783057747
                   0316652.173770112
                   0309610.468887115
                   0295692.486353237
                   0275333.710562224
                   0249663.749470874
                   0219846.051848474
                   0187640.215453116
                   0152928.523876569
                   0113717.664753532
                   083435.9624221363
                   064100.4626267753
                   049630.9374608789
                   039272.8726932229
                   032353.0772243223
                   028273.8419024263
                   026351.6138982364
                   0334964.409558632
                   0327507.757982115
                   0312770.232693586
                   0291215.183075546
                   0264037.344860457
                   0232465.791927235
                   0198355.189214439
                   0161559.296358058
                   0119777.429013861
                   088073.137012388
                   067660.9660053683
                   052385.0804716953
                   041447.288828398
                   034140.3288952612
                   029833.6797397086
                   027804.7709471695
                   0355390.214161506
                   0347468.614507381
                   0331818.201161197
                   0308927.278102261
                   0280065.745780446
                   0246532.614781329
                   0210296.956180542
                   0171167.414105153
                   0126508.224386454
                   093231.8943305529
                   071624.6379683599
                   055447.6430447004
                   043865.0001097615
                   036127.0469593477
                   031568.7322846219
                   029419.7131753509
                   0378194.235519587
                   0369755.010770774
                   0353081.357236598
                   0328698.32314161
                   0297954.081316074
                   0262238.068362967
                   0223614.182180012
                   0181872.658149806
                   0133988.23859444
                   098978.221332051
                   076035.282173005
                   058857.7508731132
                   046555.5369198706
                   038338.1563526969
                   033498.3707737279
                   031216.5646356555
                   0403732.973818308
                   0394712.296958933
                   0376890.736176069
                   0350834.494703202
                   0317979.101334776
                   0279808.40713848
                   0238511.74666505
                   0193834.034534822
                   0142327.178953527
                   0105394.692020783
                   080960.573868615
                   062664.7184156964
                   049558.7104685909
                   040805.6639178391
                   035652.3386912005
                   033221.6251715075
                   0432418.37121491
                   0422731.795664318
                   0403620.966436418
                   0375682.360193321
                   0340452.431799051
                   0299521.020116744
                   0255216.339717011
                   0207229.128926148
                   0151643.735683625
                   0112576.130103876
                   086471.4907427545
                   066923.1444023506
                   052917.6836788583
                   043564.9374824253
                   038059.8987768344
                   035463.3805347073
                   0464681.26921032
                   0454267.756325098
                   0433690.247913447
                   0403630.791000597
                   0365725.67878837
                   0321682.113451419
                   0273986.422406283
                   0222260.984913285
                   0162078.968606302
                   0120632.828410659
                   092654.5478290057
                   071699.7747625303
                   056683.8953534852
                   046657.8625531538
                   040758.9537062994
                   037975.3993583064
                   0501115.667922579
                   0489869.009702084
                   0467656.190745895
                   0435183.040049427
                   0394252.620053981
                   0346689.028094894
                   0295150.592436851
                   0239192.789495917
                   0173805.637649677
                   0129702.608267077
                   099611.9201314251
                   077074.0108102689
                   060921.6392811229
                   050136.6332193553
                   043793.9106725685
                   040800.6508752965
                   0542299.580935858
                   0530108.508963955
                   0506033.527406049
                   0470839.490890162
                   0426480.838404541
                   0374930.185374095
                   0319046.998863487
                   0258273.215216588
                   0186998.399987856
                   0139920.586102061
                   0107451.438668032
                   083127.4710975356
                   065691.6859144339
                   054052.2188828813
                   047210.0296256275
                   043979.8037355915
                   0589024.116198146
                   0575758.840170192
                   0549565.736971328
                   0511293.747281655
                   0463023.79191831
                   0406939.657985368
                   0346106.450323616
                   0279847.016123153
                   0201897.284822478
                   0151471.937432711
                   0116311.182930404
                   089967.4423479599
                   071080.6282601935
                   058474.4293312543
                   051066.9815815227
                   047569.0903989929
                   0642177.717697293
                   0627688.203836854
                   0599079.473238096
                   0557284.78973567
                   0504568.073405543
                   0443315.373475934
                   0376832.158612126
                   0304306.137607693
                   0218765.746987623
                   0164566.792208109
                   0126352.506643821
                   097718.5335202276
                   077187.2440305363
                   063484.0675908506
                   055435.7744495582
                   051634.2541825736
                   0702768.774182658
                   0686879.192853156
                   0655511.533578595
                   0609691.834160897
                   0551908.690257644
                   0484734.728663111
                   0411791.381059893
                   0332080.406205069
                   0237908.268307794
                   0179434.830915509
                   0137755.115787355
                   0106517.618695198
                   084115.1481353372
                   069166.6254873943
                   060391.0038619462
                   056244.3632987084
                   0772112.640891261
                   0754617.262771995
                   0720081.51767107
                   0669643.517404861
                   0606037.567906699
                   0532079.34097611
                   0451714.502096109
                   0363741.638591601
                   0259717.786824863
                   0196389.399009239
                   0150751.63127344
                   0116544.650496022
                   092010.7975106403
                   075640.5991941991
                   066034.8998131961
                   061494.8936863451
                   0851654.099323371
                   0832312.39239396
                   0794131.971566836
                   0738380.66026358
                   0668074.382405613
                   0586315.561683562
                   0497404.642393398
                   0399898.803059177
                   0284625.733362203
                   0215755.95555596
                   0165595.729656024
                   0127998.131532017
                   0101025.282132652
                   083030.4028022846
                   072476.0331483298
                   067486.9671714312
                   0943197.514788226
                   0921722.660025097
                   0879334.868264931
                   0817451.271343284
                   0739408.515704257
                   0648657.518051712
                   0549858.612766477
                   0441318.064186219
                   0313196.296013166
                   0237942.856101975
                   0182604.825486605
                   0141117.654034115
                   0111347.656871718
                   091491.4229804663
                   079850.2295881457
                   074345.5896901619
                   01048755.59438931
                   01024812.28536509
                   0977555.449557329
                   0908576.146646561
                   0821586.229053917
                   0720420.435274667
                   0610178.8517181
                   0488833.625839336
                   0345908.343841307
                   0263410.452949123
                   0202120.384344698
                   0156170.72070998
                   0123191.957236535
                   0101197.251295879
                   088307.2953589622
                   082212.1108799272
                   01170928.84753203
                   01144114.74544256
                   01091168.23591946
                   01013948.86366372
                   0916567.685529488
                   0803302.025114054
                   0679762.90735565
                   0543508.616186698
                   0383595.449374872
                   0292711.355072654
                   0224584.528990679
                   0173493.917904742
                   0136818.948314696
                   0112362.262554268
                   098034.6467072795
                   091257.5802865748
                   01312639.59803084
                   01282483.11492196
                   01222968.36262715
                   01136116.5384006
                   01026631.73748779
                   0899274.553596717
                   0760224.024252492
                   0606556.596935473
                   0427083.616118929
                   0326511.150441883
                   0250492.679763385
                   0193476.058421862
                   0152534.518691672
                   0125237.35606549
                   0109249.372180013
                   0101686.694649405
                   01477400.91438723
                   01443339.07136929
                   01376126.385746
                   01278051.27373096
                   01154429.16613182
                   01010618.31356838
                   0853460.546148371
                   0679390.297933939
                   0477331.254081337
                   0365549.460088589
                   0280428.384057921
                   0216566.194081234
                   0170691.443908256
                   0140108.480759397
                   0122202.532313106
                   0113730.101971861
                   01669065.80320665
                   01630437.30189455
                   01554223.52242937
                   01443071.57770413
                   01302884.95741015
                   01139833.50680329
                   0961468.002350381
                   0763517.29162095
                   0535506.002680242
                   0410623.422166276
                   0315003.189757646
                   0243230.089298921
                   0191657.920393048
                   0157277.840828774
                   0137157.028966378
                   0127633.845223924
                   01892895.08412396
                   01848904.26925022
                   01762110.35448053
                   01635566.74419887
                   01476005.35078764
                   01290319.51207645
                   01087024.31715376
                   0860956.06906054
                   0602888.355611943
                   0462799.184111312
                   0355036.597027327
                   0274110.788618314
                   0215941.401403851
                   0177162.082430258
                   0154471.725018663
                   0143732.575659738
                   02154760.92276729
                   02104451.41667651
                   02005200.27462714
                   01860535.78734429
                   01678136.16208399
                   01465836.15140608
                   01233165.7821636
                   0973938.411597036
                   0680901.669933623
                   0523243.581636504
                   0401435.236486483
                   0309904.386324096
                   0244082.907078958
                   0200203.459479528
                   0174534.217383972
                   0162383.792076671
                   02461787.07704478
                   02404011.73813552
                   02290045.56622901
                   02123989.66618294
                   01914631.12232203
                   01670911.76216165
                   01403521.49302558
                   01105076.84533186
                   0771274.991274247
                   0593295.073288933
                   0455233.844535146
                   0351412.574220587
                   0276718.637921213
                   0226925.53932851
                   0197798.295842071
                   0184008.814845572
                   02820335.78235612
                   02753769.75111261
                   02622483.23412607
                   02431247.93380645
                   02190171.40921571
                   01909528.57075183
                   01601198.829648
                   01256551.59499484
                   0875373.490552905
                   0674060.401663264
                   0517296.788128869
                   0399309.288508842
                   0314376.818515546
                   0257750.054706627
                   0224633.557649916
                   0208952.048746755
                   03241498.29152128
                   03164510.2016111
                   03012680.83932901
                   02791614.39507295
                   02512958.21267631
                   02188525.1443949
                   01831666.95717989
                   01432212.408772
                   0995667.936878599
                   0767481.863919779
                   0589125.98172925
                   0454755.284584807
                   0357968.018715261
                   0293434.10034912
                   0255695.2605007
                   0237821.415426581
                   03733973.25203275
                   03644653.19079248
                   03468455.41652674
                   03212166.35261693
                   02889153.14985008
                   02513021.95276723
                   02098825.2997554
                   01634639.85637436
                   01133694.50300937
                   0874788.353883597
                   0671699.013505944
                   0518511.739194929
                   0408094.34232583
                   0334459.243531125
                   0291402.731452621
                   0271005.372815967
                   04310211.39635754
                   04206294.49436316
                   04001444.22796482
                   03703349.8793167
                   03327857.49900467
                   02890550.28354497
                   02408414.43504982
                   01867608.85620074
                   01291779.85263836
                   0997798.274185888
                   0766423.965421823
                   0591673.847048971
                   0465618.896435629
                   0381531.267393167
                   0332370.472172137
                   0309071.956906499
                   04978472.0233492
                   04857402.38239057
                   04618769.22519139
                   04271792.45372394
                   03834558.02675631
                   03325404.18514788
                   02763400.57316069
                   02132664.05454913
                   01470545.7860263
                   01137074.59807793
                   0873779.860667506
                   0674618.760372389
                   0530824.171640534
                   0434887.8337892
                   0378798.092321721
                   0352207.923470141
                   05751631.27535478
                   05610407.83790488
                   05332096.1336544
                   04927649.75241682
                   04418049.55988832
                   03824579.44913258
                   03168781.52913118
                   02432551.4348597
                   01671333.41216735
                   01293744.04605567
                   0994658.264765879
                   0768053.442183067
                   0604276.404248228
                   0494981.4037469
                   0431079.026601834
                   0400778.320399118
                   06632254.03245333
                   06467663.16168101
                   06143335.36539817
                   05672297.24972004
                   05079013.71574178
                   04387731.96274377
                   03623118.52570406
                   02765016.47907935
                   01891959.70773393
                   01466223.43050268
                   01127902.05009702
                   0871073.553728472
                   0685269.924392693
                   0561229.057402283
                   0488702.904697583
                   0454300.15423325
                   06604018.35462328
                   06438289.18117649
                   06111724.03263592
                   05638156.24833739
                   05041130.40786451
                   04345513.39481521
                   03575482.7866123
                   02711978.84696806
                   01847715.14493666
                   01433459.97370984
                   01103360.41367922
                   0852292.791678217
                   0670450.573444754
                   0549007.273411136
                   0477999.279261236
                   0444299.954083299
                   06389375.02558857
                   06227370.48180768
                   05908097.19691419
                   05445071.23502157
                   04862150.17650844
                   04182558.60517513
                   03429659.74877854
                   02586556.1609518
                   01755077.75243066
                   01362893.96978259
                   01049624.33907895
                   0810935.061470371
                   0637892.093336424
                   0522277.485672306
                   0454673.86349593
                   0422583.865418296
                   06162599.80413179
                   06004835.48724453
                   05694298.54772346
                   05243068.44851639
                   04675420.24439984
                   04013974.8550008
                   03280448.51838002
                   02460723.36178173
                   01663316.38309267
                   01292720.76412596
                   0996100.372313694
                   0769726.365060146
                   0605452.210857995
                   0495660.359188612
                   0431458.622610867
                   0400970.483658071
                   05922952.71829769
                   05769909.62918116
                   05468210.73484397
                   05030916.79963926
                   04480529.22760279
                   03839137.89886985
                   03127788.48736293
                   02333798.70395139
                   01571948.11151154
                   01222617.55391025
                   0942538.334016941
                   0728462.88373235
                   0572974.784150864
                   0469027.060285684
                   0408234.397885072
                   0379357.819572908
                   05670861.79784892
                   05522957.99811501
                   05231742.65166295
                   04809081.20164037
                   04277705.2620338
                   03658230.49604206
                   02970644.05708366
                   02205653.6969721
                   01480823.57626327
                   01152519.54686692
                   0888899.427854801
                   0687119.22145981
                   0540442.174462511
                   0442354.989490274
                   0384983.841002208
                   0357724.51892538
                   05406349.08610997
                   05267677.63081827
                   04984860.33244527
                   04577794.40416734
                   04066599.2188061
                   03473403.8135781
                   02810016.03447451
                   02076115.52689088
                   01389775.07713532
                   01082321.24436778
                   0835108.499673658
                   0645638.877765927
                   0507801.272721224
                   0415602.250450265
                   0361671.552223015
                   0336038.213346632
                   05128289.94383196
                   04992486.58327579
                   04723845.63117792
                   04335417.09950109
                   03846581.84298029
                   03277066.74358248
                   02644694.04284007
                   01944442.41977025
                   01298229.61780579
                   01011609.30884154
                   0780856.177367937
                   0603781.918853295
                   0474868.246823636
                   0388617.769348354
                   0338159.754307973
                   0314172.176691516
                   04838439.13170672
                   04708700.60512989
                   04453428.0677685
                   04083934.70331388
                   03618932.97019444
                   03077089.06006968
                   02475633.50028996
                   01811354.82099004
                   01206652.70290503
                   0940752.369839951
                   0726433.109691613
                   0561776.402093672
                   0441820.180053423
                   0361541.582942428
                   0314574.965405581
                   0292242.408374601
                   04537081.30333676
                   04414096.09326235
                   04172772.03003092
                   03823577.78972865
                   03383855.55120631
                   02871413.79987318
                   02303139.16389124
                   01676780.24445018
                   01114936.98352444
                   0869683.571700913
                   0671787.096694934
                   0519580.509671475
                   0408625.338609117
                   0334351.239316093
                   0290895.401987957
                   0270226.867643296
                   04225416.55416728
                   04109734.23874875
                   03882974.43070739
                   03554898.54651535
                   03142075.8252109
                   02660852.61664863
                   02127226.78379836
                   01541171.96776157
                   01023318.33877787
                   0798595.231859784
                   0617077.193984397
                   0477325.547964449
                   0375384.744165393
                   0307129.230653712
                   0267191.358505999
                   0248191.450241016
                   03905393.38914874
                   03796660.37134087
                   03585009.76504035
                   03279362.36033673
                   02894415.92016791
                   02445954.80840133
                   01948944.95753472
                   01404808.27249651
                   0931921.570386763
                   0727595.862443298
                   0562394.457985659
                   0435078.078651283
                   0342149.685743636
                   0279917.303082562
                   0243499.589922993
                   0226170.780403937
                   03576452.10414915
                   03476351.51208601
                   03280867.63675132
                   02998358.6591113
                   02642612.94756928
                   02228146.30657715
                   01769151.78195634
                   01268525.29255132
                   0841223.351274401
                   0657066.683033702
                   0508032.39793051
                   0393064.216431515
                   0309101.698438291
                   0252861.249190576
                   0219948.024216794
                   0204283.522129031
                   03245019.71595181
                   03153046.23262076
                   02973967.40408266
                   02715189.51639577
                   02389414.68281131
                   02009796.28207881
                   01589820.95365168
                   01133752.57648656
                   0752099.037600763
                   0587693.281222373
                   0454525.485616751
                   0351702.738987446
                   0276568.202463511
                   0226230.694918846
                   0196770.174695742
                   0182745.241796927
                   02916382.15862121
                   02829987.3176572
                   02667722.25076294
                   02432893.10281554
                   02137255.03770506
                   01793054.44433871
                   01412695.28515575
                   01001783.51516558
                   0665250.209373153
                   0520039.444057815
                   0402311.202364455
                   0311334.151952052
                   0244815.490024055
                   0200243.485919812
                   0174154.411090542
                   0161732.099726348
                   02586677.16059414
                   02511057.99468116
                   02365005.82755121
                   02154661.44556182
                   01889250.64615948
                   01580318.30789724
                   01239685.95187623
                   0873949.743503822
                   0581483.086500567
                   0454731.610940843
                   0351885.084427704
                   0272337.537810191
                   0214145.897764013
                   0175145.519445818
                   0152316.097850508
                   0141443.14939112
                   02264571.04989179
                   02197961.82518175
                   02068727.33128576
                   01881763.96967127
                   01646581.82768998
                   01373074.23544077
                   01071938.88601353
                   0751231.978938982
                   0501226.233144982
                   0392120.293152205
                   0303516.110523827
                   0234927.514437292
                   0184724.096667542
                   0151071.555457585
                   0131370.954226052
                   0121986.858186308
                   01956005.63850319
                   01897836.28046955
                   01784316.11586897
                   01620645.3149037
                   01414692.43690809
                   01175406.85494736
                   0912801.902319311
                   0635952.186821649
                   0425876.32596289
                   0333295.333650124
                   0258053.956406376
                   0199758.76154923
                   0157066.351526172
                   0128444.505475826
                   0111687.08767071
                   0103703.196994512
                   01662791.64305993
                   01612263.00738377
                   01514295.40782746
                   01372791.17159826
                   01195029.38917335
                   0988763.547044587
                   0763856.720408075
                   0528884.460168503
                   0355783.288627479
                   0278544.562421164
                   0215719.274206079
                   0167005.208469324
                   0131310.943824556
                   0107373.949554987
                   093359.5015014762
                   086681.1869797674
                   01389352.74206446
                   01346538.27295962
                   01262912.5523438
                   01142480.03261964
                   0991151.44699024
                   0816100.91780088
                   0625741.742771492
                   0431623.039367559
                   0291862.206253536
                   0228584.214714742
                   0177075.748345908
                   0137102.000572707
                   0107796.272491454
                   088140.9743811784
                   076631.4995167266
                   071145.3944720443
                   01139089.8688593
                   01102936.95395479
                   01032883.43114556
                   0931893.323005884
                   0805269.483844449
                   0659243.213159347
                   0501710.63363672
                   0344956.009129751
                   0234566.393492604
                   0183778.285841675
                   0142404.11986317
                   0110268.747861567
                   086697.2648298312
                   070884.0640464806
                   061623.8326310426
                   057208.9283198384
                   0913809.796160715
                   0884168.702867505
                   0826249.41482445
                   0743039.138798272
                   0638980.960340712
                   0519543.211039133
                   0392172.478627564
                   0269311.925032553
                   0184161.701773097
                   0144339.626007772
                   0111875.61327807
                   086637.8657221837
                   068116.5488976661
                   055688.3298013773
                   048409.5179743754
                   044938.7478452443
                   0715394.321580741
                   0691187.79621571
                   0644359.558494998
                   0577149.159282646
                   0493313.551461886
                   0398219.990040061
                   0297745.170507214
                   0204727.620099211
                   0140744.326687047
                   0110351.927080538
                   085555.0965655482
                   066261.7890493194
                   052095.0648109442
                   042587.0505728826
                   037017.9179131554
                   034361.6591770878
                   0544280.009365193
                   0525206.836789431
                   0488012.917578742
                   0434813.9067667
                   0368977.800941085
                   0294785.08219931
                   0218636.94640475
                   0150944.510225035
                   0104269.703111032
                   081783.1682491154
                   063423.3428752254
                   049125.6287755523
                   038621.4563903318
                   031569.9588344586
                   027439.1736262703
                   025468.5255897427
                   0400480.752812837
                   0385552.611394033
                   0356784.579112848
                   0316167.799330675
                   0265532.556560445
                   0209762.811684717
                   0154363.058061354
                   0107292.610452383
                   074426.5507582202
                   058397.5380982459
                   045299.9544807863
                   035091.4082501115
                   027586.9797069869
                   022548.1300450436
                   019595.8665776466
                   018187.1096830199
                   0282059.08244402
                   0270938.590255018
                   0249360.712975721
                   0218940.251960578
                   0182038.484483331
                   0141886.065612109
                   0103739.630971466
                   072744.1979873638
                   050647.2144748963
                   039754.1725156692
                   030846.5957138987
                   023897.0763401046
                   018785.7445652009
                   015352.9724883177
                   013341.4665066281
                   012381.185128714
                   0186853.402172724
                   0178786.530729054
                   0163390.598652401
                   0141889.327650586
                   0116296.797602593
                   089414.0278664227
                   065123.4234018866
                   046128.7394711063
                   032223.1337942298
                   025302.1306828717
                   019638.0339285077
                   015214.8621699268
                   011960.0001089789
                   09773.29728224854
                   08491.73503045878
                   07879.80768746027
