              102353                 350
                 160
    5339499999.99999    5006048181.56798    4694834386.17908     4404375551.9889    4133287523.08679    3880278453.42319    3644142650.63143    3423754830.40722    3218064754.06581     3026092223.7223    2846922411.24519    2679701498.72381    2523632609.67446    2377972011.59593    2242025571.77804    2115145449.47348    1996727008.66999    1886205936.75086    1783055555.31303    1686784310.32767    1596933429.68293    1513074736.94594    1434808610.92584    1361762081.31434    1293587051.32867    1229958638.88707    1170573628.41199    1115149025.88302    1063420710.25388    1015142174.80693    970083352.447181    928029519.337887    888780271.653059     852148570.57075    817959850.956071    786051189.486468     756270528.25502    728475950.151918    702535002.571022    678324066.218666    655727766.016837    634638421.293436    614955532.639546    596585302.988383    579440190.633658    563438492.057314    548503952.578627    534565402.969263    521556420.302608    509415011.421182    498083317.513724    487507338.394137    477636675.168376    468424290.062966    459826282.270656    451801678.744993    444312238.946896    437322272.612741    430798469.675567    424709741.528891    419027072.876705    413723383.463642    408773399.026417    404153530.851552    399841763.365451    395817549.221131    392061711.381647    388556351.733625    385284765.795381     382231363.11319    379381592.966356    376721875.027037    374239534.644394    371922742.444663    369760457.959318    367742377.012693    365858882.618348    364100999.150164     362460349.56979    360929115.506614           359500000    359348101.265823    359196202.531646    359044303.797468    358892405.063291    358740506.329114    358588607.594937    358436708.860759    358284810.126582    358132911.392405    357981012.658228    357829113.924051    357677215.189873    357525316.455696    357373417.721519    357221518.987342    357069620.253165    356917721.518987     356765822.78481    356613924.050633    356462025.316456    356310126.582278    356158227.848101    356006329.113924    355854430.379747     355702531.64557    355550632.911392    355398734.177215    355246835.443038    355094936.708861    354943037.974684    354791139.240506    354639240.506329    354487341.772152    354335443.037975    354183544.303797     354031645.56962    353879746.835443    353727848.101266    353575949.367089    353424050.632911    353272151.898734    353120253.164557     352968354.43038    352816455.696203    352664556.962025    352512658.227848    352360759.493671    352208860.759494    352056962.025316    351905063.291139    351753164.556962    351601265.822785    351449367.088608     351297468.35443    351145569.620253    350993670.886076    350841772.151899    350689873.417722    350537974.683544    350386075.949367     350234177.21519    350082278.481013    349930379.746835    349778481.012658    349626582.278481    349474683.544304    349322784.810127    349170886.075949    349018987.341772    348867088.607595    348715189.873418    348563291.139241    348411392.405063    348259493.670886    348107594.936709    347955696.202532    347803797.468354    347651898.734177           347500000
                  17
                   0   0.196349540849363   0.392699081698725   0.589048622548088    0.78539816339745   0.981747704246813    1.17809724509618    1.37444678594554     1.5707963267949    1.76714586764426    1.96349540849363    2.15984494934299    2.35619449019235    2.55254403104171    2.74889357189108    2.94524311274044     3.1415926535898
                   2
                   0     6.2831853071796
                   036.1184856046712
                   036.0923453934653
                   036.0406983653341
                   035.962953292074
                   035.8562777058704
                   035.714624192401
                   035.5319350231653
                   035.2900112468649
                   034.9773870150799
                   034.5549466998534
                   033.9592913163756
                   033.0506391758302
                   031.5328514156885
                   028.5960045309007
                   021.3926311528173
                   03.18948157659348
                   042.318585077157
                   042.2860907829438
                   042.2216434902669
                   042.123096124415
                   041.9869458804459
                   041.8054951802464
                   041.5699278310996
                   041.260064178003
                   040.8608388548868
                   040.3198173647646
                   039.5575263060513
                   038.3977060718933
                   036.4644106767083
                   032.7388406566704
                   023.7726546879932
                   03.47417804497015
                   049.5632844847378
                   049.5226932682365
                   049.4416018210014
                   049.3167642226739
                   049.1428656954003
                   048.910092019336
                   048.6069921100219
                   048.20990698521
                   047.6994080887254
                   047.0069972390255
                   046.0324142761481
                   044.5516452781546
                   042.0906292288816
                   037.3833127407793
                   026.2865194352437
                   03.84903384306447
                   058.0473248789855
                   057.9963575902212
                   057.8936084706481
                   057.7348520691597
                   057.5127701824509
                   057.2139278911747
                   056.8248476637176
                   056.3165653383291
                   055.6642258438172
                   054.7791905588493
                   053.5347170412554
                   051.6458611783734
                   048.5143624627474
                   042.5849627231095
                   028.9145567955562
                   04.33392464842514
                   067.9992267684893
                   067.9349777420785
                   067.8044863613445
                   067.6017389275345
                   067.3175369284169
                   066.9330595478384
                   066.4360657143642
                   065.7870022752229
                   064.95259124672
                   063.8213876527306
                   062.2339741684652
                   059.8257521494459
                   055.8537064941739
                   048.4003743951951
                   031.6446587760381
                   04.95695656344431
                   079.6762635750217
                   079.5946235502206
                   079.4283901112051
                   079.1693699862191
                   078.8053627997227
                   078.3104615801272
                   077.6766237449023
                   076.8485664161214
                   075.7810685032355
                   074.3367045557055
                   072.3126087943766
                   069.245192606723
                   064.2208884989925
                   054.8770762659685
                   034.4540701993884
                   05.74868707710707
                   093.390588217937
                   093.2868522384564
                   093.0737140430835
                   092.7421655632835
                   092.2761900606898
                   091.6394494831944
                   090.8320516967832
                   089.7770610415566
                   088.4130961037164
                   086.5709752645163
                   083.9924067820957
                   080.0923377331434
                   073.746292283414
                   062.0619111856541
                   037.3311295189805
                   05.44493165387725
                   0109.499089791841
                   0109.366262879908
                   0109.095675302568
                   0108.67116733699
                   0108.073216877841
                   0107.256113906512
                   0106.228162908352
                   0104.884451023271
                   0103.144299247595
                   0100.796202581712
                   097.5133250040682
                   092.5647027548066
                   084.5650401913687
                   069.9922381329891
                   040.2670386953231
                   06.83029499035391
                   0128.434162340944
                   0128.264528836087
                   0127.918767701293
                   0127.376406380963
                   0126.611580202125
                   0125.56381626877
                   0124.255698933819
                   0122.545844329806
                   0120.328087463257
                   0117.338186090291
                   0113.159011351168
                   0106.894549811873
                   096.8331276307016
                   078.7111570799703
                   043.2829877887083
                   08.55966862970807
                   0150.687730780443
                   0150.471281138691
                   0150.02873580987
                   0149.336051741072
                   0148.356449249107
                   0147.016536424757
                   0145.35364129886
                   0143.179019244673
                   0140.356391407179
                   0136.554578588797
                   0131.243575199875
                   0123.327037289154
                   0110.697502172087
                   088.2542864299224
                   046.4135632493101
                   010.7014722673171
                   0176.866687606971
                   0176.590618215112
                   0176.025022642087
                   0175.140078157966
                   0173.886402743494
                   0172.179331534962
                   0170.065114713181
                   0167.299372390111
                   0163.709878799383
                   0158.879598201704
                   0152.14023045147
                   0142.149030729069
                   0126.329491100885
                   098.6532930769511
                   049.7383019177871
                   013.3670253625457
                   0207.65725036515
                   0207.304543922509
                   0206.581564068588
                   0205.451159945226
                   0203.846003179338
                   0201.674374962416
                   0198.994970399313
                   0195.479643428971
                   0190.918781767289
                   0184.790964495671
                   0176.25126662222
                   0163.663828725511
                   0143.898305155529
                   0109.9329383088
                   053.3648431751534
                   016.6574373196439
                   0243.853292785254
                   0243.402973568838
                   0242.480769228176
                   0241.035524073852
                   0238.986038717427
                   0236.22568157508
                   0232.829585568529
                   0228.365748960594
                   0222.575948162368
                   0214.804648643076
                   0204.008845036041
                   0188.186087990075
                   0163.562375184396
                   0122.095401073822
                   057.4459972421527
                   020.6978329206212
                   0286.472644141458
                   0285.895675874582
                   0284.720144619618
                   0282.859687764252
                   0280.240137614002
                   0276.723401544209
                   0272.409934408112
                   0266.734106903685
                   0259.379007586133
                   0249.519223948558
                   0235.896895502876
                   0216.018555880125
                   0185.445803509464
                   0135.11554591852
                   062.1355791984129
                   025.607154987041
                   0336.494090479721
                   0335.763091158548
                   0334.250563348261
                   0331.895999871081
                   0328.548841306353
                   0324.100668317616
                   0318.637170785283
                   0311.441253445309
                   0302.128915746485
                   0289.650854576531
                   0272.473826172673
                   0247.633495252651
                   0209.797270790864
                   0149.151640075966
                   067.8227802629466
                   031.6840904648353
                   0395.328442601677
                   0394.38931414125
                   0392.481189174868
                   0389.466062491523
                   0385.228116347339
                   0379.574129703438
                   0372.665004146476
                   0363.561508362602
                   0351.769329810679
                   0336.018346139537
                   0314.44134809424
                   0283.427160764608
                   0236.760986715831
                   0164.225554415298
                   074.7885305010387
                   039.1059122350419
                   0465.500777706551
                   0464.313267165282
                   0461.863342050005
                   0458.013927601437
                   0452.585568863013
                   0445.403255662712
                   0436.607689087027
                   0425.035435708958
                   0410.061881540505
                   0390.085695581583
                   0363.001457361335
                   0324.354863926163
                   0267.04206804173
                   0180.93377027741
                   083.7913297098369
                   048.522942222012
                   0547.60077515958
                   0546.089283696084
                   0542.994092664292
                   0538.090111801432
                   0531.170944492836
                   0522.045563917019
                   0510.922422795778
                   0496.240236887773
                   0477.304980164845
                   0452.078589383791
                   0418.202238091806
                   0370.186981580837
                   0300.139764730352
                   0198.836129089525
                   094.682814091541
                   059.7265624852883
                   0643.953477551022
                   0642.004129113432
                   0638.064153715246
                   0631.834679946457
                   0623.068339735274
                   0611.539120204475
                   0597.393568222317
                   0578.83438176333
                   0554.935396441614
                   0523.198525045346
                   0480.874642889432
                   0421.446093144426
                   0336.306151920315
                   0218.277417822363
                   0107.882739039238
                   073.0536639640028
                   0757.042063634533
                   0754.587844872858
                   0749.537250463463
                   0741.623604887232
                   0730.559763443706
                   0715.963493228057
                   0698.094571002632
                   0674.629343826888
                   0644.516387093335
                   0604.682168408626
                   0552.004169552588
                   0478.722250848404
                   0375.878626418056
                   0239.734057386805
                   0123.89384757984
                   088.9789100298316
                   0889.403997572463
                   0886.297429707357
                   0879.889364316334
                   0869.883251211167
                   0855.916582772816
                   0837.533577873341
                   0814.946944546489
                   0785.35765676614
                   0747.517544702054
                   0697.605720109511
                   0632.243960820861
                   0542.296338955327
                   0418.925973301784
                   0263.509849409642
                   0143.011885082019
                   0107.755810210857
                   01044.29716556523
                   01040.36341541627
                   01032.28954764632
                   01019.60815455803
                   01001.95699154453
                   0978.820508912146
                   0950.376339234478
                   0913.148290509426
                   0865.684370455883
                   0803.395796032158
                   0722.603854643567
                   0612.688993071717
                   0465.703359935247
                   0290.202998999582
                   0165.691112209146
                   0129.833271742991
                   01226.72865851499
                   01221.71039904361
                   01211.50182871656
                   01195.38537564933
                   01173.17174773274
                   01143.99224006633
                   01108.14033051642
                   01061.34476010742
                   01001.78877016919
                   0924.216468747092
                   0824.662569078267
                   0690.93125168542
                   0517.184081821619
                   0321.13672748081
                   0192.826345442479
                   0156.170203029734
                   01441.77364383066
                   01435.40369865682
                   01422.43748342661
                   01402.07350524616
                   01374.00855133558
                   01337.17918487918
                   01291.99823318717
                   01233.2054703391
                   01158.53732405058
                   01062.10268299356
                   0939.869709853615
                   0777.974833368873
                   0574.06208710759
                   0357.467738344315
                   0225.220299135147
                   0187.578906255999
                   01690.63422476497
                   01682.5583002402
                   01666.16037225471
                   01640.57203273669
                   01605.25983427405
                   01559.10386962123
                   01502.46021372938
                   01428.87655265727
                   01335.76150853582
                   01216.57961810271
                   01067.20498945806
                   0872.636246923842
                   0635.408838843176
                   0398.689638509195
                   0262.154412739389
                   0223.399813776966
                   01978.78383987627
                   01968.69518778637
                   01948.03714497197
                   01915.98467660431
                   01871.83397081216
                   01814.08082025096
                   01743.3897371887
                   01651.71203481335
                   01536.2284897201
                   01389.63362267193
                   01208.04332408011
                   0975.702579126924
                   0702.366244146327
                   0445.840540583428
                   0280.841789650292
                   0264.170632338877
                   02311.62523750421
                   02299.02257894441
                   02273.23592262161
                   02233.14661465687
                   02178.19244140016
                   02106.37986630961
                   02018.47887553877
                   01904.56259416252
                   01761.86403431042
                   01582.32297846822
                   01362.72104683625
                   01087.59319519722
                   0775.451229959592
                   0499.753351282093
                   0330.05343319241
                   0310.195150072656
                   02705.18498408665
                   02689.42068289229
                   02657.06758066797
                   02606.94877804521
                   02538.16552520028
                   02448.21140638256
                   02338.70692331076
                   02197.14629187843
                   02020.95349434687
                   01801.57113759233
                   01536.92632346101
                   01212.11077838911
                   0858.828511309874
                   0564.192025265153
                   0388.311863201417
                   0365.002199151317
                   03154.37561762016
                   03134.63992108984
                   03094.41234214886
                   03032.1716397649
                   02946.6613935619
                   02835.19103656701
                   02699.78138335795
                   02525.24665204715
                   02308.88956189923
                   02042.71725290182
                   01726.34877232183
                   01346.70387799337
                   0950.042893361537
                   0636.698949716695
                   0453.426270160394
                   0425.739188907106
                   03666.76771964286
                   03642.31844499758
                   03592.59114500452
                   03515.67118745681
                   03410.26242596233
                   03272.58318518768
                   03106.08166485295
                   02891.86322802431
                   02628.28203136745
                   02307.07829961327
                   01931.91937011022
                   01491.81162767121
                   01050.2812650337
                   0718.000616396864
                   0526.055228153052
                   0493.587958067268
                   04265.51853823182
                   04235.14634660492
                   04173.52982725021
                   04078.19465811588
                   03948.06314808575
                   03778.10128018698
                   03573.13814551151
                   03310.90035849785
                   02990.44278101521
                   02604.65292483695
                   02161.59873124484
                   01654.64528959246
                   01166.56443962133
                   0813.397731238829
                   0610.792814995995
                   0573.120137038601
                   04941.45566629878
                   04904.13398740465
                   04828.41104942621
                   04711.40699963862
                   04551.76881552924
                   04343.32247789816
                   04093.05257323709
                   03774.30511268791
                   03387.64842791504
                   02927.72274600507
                   02408.71462040634
                   01829.98751641012
                   01294.21254990947
                   0918.722801050888
                   0703.810685600483
                   0660.384046858142
                   05716.63190397738
                   05670.81696485788
                   05577.93466389589
                   05434.54233889747
                   05239.02463100126
                   04984.72456195083
                   04679.77190250269
                   04294.01063186381
                   03829.94748028142
                   03284.67359106155
                   02680.48319588577
                   02024.64420718377
                   01439.33699670232
                   01038.27001300702
                   0809.45598085884
                   0759.099327715089
                   06592.70135240555
                   06536.81464584926
                   06423.67364225924
                   06248.69881378227
                   06010.65187034692
                   05701.64497473515
                   05332.87413309046
                   04868.65290496935
                   04314.89676484821
                   03672.63475083665
                   02975.18178735653
                   02237.24759447785
                   01600.90474507057
                   01170.4140621655
                   0925.949368890054
                   0867.433243632178
                   07585.40476336979
                   07517.44859387235
                   07379.96667991791
                   07167.31788496964
                   06878.73027236244
                   06504.99458619743
                   06060.69552215068
                   05505.46278616397
                   04848.37367884563
                   04097.01803185582
                   03296.64159242754
                   02472.06202966881
                   01782.02105882913
                   01317.08362090406
                   01055.57650050316
                   0987.319099552544
                   08696.28650081095
                   08614.4118308475
                   08447.94536723922
                   08191.40759087152
                   07843.19430135822
                   07394.06843908342
                   06862.17757202877
                   06202.12509684418
                   05428.70481817009
                   04555.70033616259
                   03643.3439804609
                   02728.11882083811
                   01981.0006896053
                   01477.44854103612
                   01196.90294912438
                   01119.17722156533
                   09951.64678316955
                   09852.76035303805
                   09651.85993068922
                   09342.93860676991
                   08924.82666334257
                   08387.24931413926
                   07753.60058927466
                   06973.27863407598
                   06066.92837070692
                   05058.59420854746
                   04025.21417365009
                   03013.36117337153
                   02204.14882710871
                   01546.03456517971
                   01354.39641890932
                   01267.24761292547
                   011347.9667458943
                   011229.4707548004
                   010988.8639076936
                   010619.1043348389
                   010119.9649513507
                   09480.45282701834
                   08729.80903673343
                   07813.16634367264
                   06758.06011121142
                   05602.25329551111
                   04439.46697738716
                   03325.40602267588
                   02448.57439570699
                   01742.06597249578
                   01525.26275348407
                   01429.13234255152
                   012899.4623623122
                   012758.2519219516
                   012472.266959964
                   012031.3908967259
                   011438.4578571724
                   010681.9222194874
                   09798.91393583108
                   08727.67635384098
                   07507.39360992953
                   06190.98159826564
                   04890.67065811591
                   03667.25433997275
                   02717.42251261023
                   01957.62988530225
                   01714.11625992691
                   01603.11171673018
                   014613.9464107373
                   014446.5701721076
                   014107.8457772055
                   013586.714376823
                   012885.4191558223
                   011995.787190134
                   010961.9234589789
                   09717.86433970216
                   08316.17007268482
                   06825.04031908456
                   05378.94545867744
                   04039.02484229968
                   03009.47756155868
                   02190.90435810309
                   01917.88640859272
                   01791.61331163462
                   016494.9226422352
                   016297.5510686514
                   015898.1537738046
                   015285.0459113589
                   014462.1039891967
                   013422.0513969522
                   012219.4338474447
                   010785.6205533167
                   09184.51965168102
                   07505.91228526622
                   05906.33995076118
                   04443.5442193111
                   03326.12788003557
                   02444.62429501928
                   02139.84398348997
                   01997.2520191011
                   018557.2610988214
                   018325.984606104
                   017858.6807851681
                   017140.8771949995
                   016179.9868951394
                   014971.050572991
                   013579.433413287
                   011935.5484385863
                   010118.2944074809
                   08237.72791740653
                   06475.33610505116
                   04882.1452619625
                   03666.24672674093
                   02718.29627372548
                   02379.87475776798
                   02220.29873991959
                   020807.5142296521
                   020538.2690274279
                   019993.0273860249
                   019157.6200282748
                   018043.3385563137
                   016645.2941352824
                   015044.2612678548
                   013169.8331847807
                   011119.9208326166
                   09023.434871644
                   07087.16318810936
                   05356.70852327593
                   04029.73709951033
                   03014.13928802361
                   02637.51291866901
                   02460.46130761093
                   023237.6969604095
                   022925.4016553624
                   022293.6596462529
                   021327.4549425898
                   020042.7090654566
                   018436.0322713232
                   016605.5797649106
                   014481.4120376338
                   012182.3501774863
                   09858.22096993273
                   07739.02474865538
                   05861.26550374771
                   04412.18794628678
                   03328.06826658581
                   02910.74300796008
                   02715.02344438346
                   025858.4928716561
                   025498.715495632
                   024770.4850357163
                   023659.114266605
                   022185.3778093548
                   020351.2601573113
                   018270.1865940678
                   015875.4643161532
                   013310.1666780899
                   010746.0764903173
                   08432.30074057231
                   06397.43871324551
                   04814.47224610145
                   03661.14416921191
                   03200.14591706007
                   02984.80885477618
                   028666.9845797358
                   028254.3991150446
                   027420.6680996006
                   026149.7122538364
                   024469.1467337528
                   022385.3090711828
                   020035.0433818593
                   017350.3320567121
                   014500.9945868049
                   011685.4150872148
                   09167.32528209513
                   06958.88778278946
                   05022.74491743466
                   04009.48651331347
                   03505.1154459687
                   03269.64039361095
                   031654.4930587242
                   031184.4149244262
                   030235.0689130105
                   028790.0055096879
                   026884.6722635318
                   024533.0178501371
                   021891.051589565
                   018899.7019203149
                   015748.3410584684
                   012671.8073699581
                   09935.44284928246
                   07539.76264584757
                   05327.64773412497
                   04366.25016199945
                   03821.70051053096
                   03565.91986596873
                   034903.5225803722
                   034367.5772549122
                   033287.8996488316
                   031644.236321255
                   029481.3814584972
                   026823.2841535934
                   023867.0212353679
                   020529.9821278681
                   017050.6286747936
                   013683.1105927577
                   010711.6151556402
                   08108.60377449451
                   05736.99998209607
                   04697.55694790262
                   04108.7697080516
                   03832.92884047012
                   038189.114680534
                   037587.7859374657
                   036363.2339657429
                   034520.9571544886
                   032104.6027612688
                   029144.4502673228
                   025846.4132898659
                   022170.42069895
                   018367.3225658134
                   014720.7070537231
                   011504.3250391385
                   08701.48265863726
                   06185.39329693851
                   05067.60142844641
                   04425.53942224705
                   04131.43448678835
                   041642.1230527596
                   040970.6762507268
                   039611.6418123642
                   037559.1829131403
                   034860.5753245884
                   031577.9451047309
                   027928.8761389033
                   023893.586693799
                   019754.8177078941
                   015805.3591348933
                   012337.4791003072
                   09322.51251768011
                   06653.50076665956
                   05454.92799556344
                   04761.2339645465
                   04448.25092794021
                   045259.5543220331
                   044501.1416418431
                   042998.6919821883
                   040700.0255760982
                   037721.1038587096
                   034099.5497591488
                   030082.279082964
                   025675.5638923477
                   021188.9987965002
                   016929.1010786221
                   013200.2893903191
                   09962.15922452075
                   07147.99265448721
                   05855.4058318409
                   05108.56918899605
                   04771.43571941511
                   049000.2041705307
                   048168.7142181085
                   046491.755615928
                   043956.8843887223
                   040670.4423915602
                   036700.5274054258
                   032306.253958659
                   027519.9563571282
                   022668.2019509188
                   018089.4003763982
                   014092.7357712691
                   010629.8425291049
                   07656.0371243052
                   06273.36135623594
                   05464.37917173443
                   05105.91618927658
                   052857.9591738843
                   051941.7437512983
                   050090.9998264622
                   047308.1521046727
                   043698.7954076999
                   039354.8312840231
                   034554.8391769586
                   029401.3469069887
                   024182.6561559784
                   019285.2611956705
                   015003.8809424617
                   011296.5644441957
                   08173.61271536432
                   06696.16581004774
                   05828.67421142914
                   05444.34762774417
                   056827.4783976907
                   055822.1919164991
                   053792.0856642485
                   050765.3246576654
                   046834.4845802432
                   042116.1098534135
                   036911.0893215471
                   031297.0189782583
                   025719.8186476696
                   020454.1759392117
                   015902.8079627524
                   011931.816037908
                   08686.46221986867
                   07119.24569581189
                   06196.19802108377
                   05784.47131713181
                   060874.2010181336
                   059787.6464209115
                   057569.8845553739
                   054266.8585939898
                   049997.4684354221
                   044891.3483050618
                   039279.1243677832
                   033267.6631920703
                   027243.3341277856
                   021656.6091737996
                   016819.209095757
                   012008.3512747429
                   09204.72522533095
                   07541.44505863467
                   06561.34375425758
                   06124.82102084998
                   065002.3800972966
                   063815.2442070497
                   061413.186865651
                   057833.9199665541
                   053219.3657472969
                   047721.8228853938
                   041727.2427258987
                   035246.4671359191
                   028786.5970794654
                   022832.9585134888
                   017710.4006654607
                   012410.4432362846
                   09706.28602771619
                   07966.67455931683
                   06930.70719825177
                   06465.89510412331
                   069172.7656880538
                   067879.7777677573
                   065287.6331173492
                   061428.4403115201
                   056477.9024331623
                   050605.9311268973
                   044150.6900843317
                   037231.9834484397
                   030356.0279610151
                   024049.6007596964
                   018583.6991939428
                   013042.9274114507
                   010207.466549906
                   08392.02185909544
                   07301.17441740975
                   06806.39993076672
                   073348.6407642067
                   071957.4604777955
                   069174.236431896
                   065058.1458112817
                   059762.1547898643
                   053452.2637846066
                   046573.6293077722
                   039213.2612680285
                   031916.3592288751
                   025253.9292168589
                   019465.5749713297
                   013668.4983678709
                   010698.8220546481
                   08809.50824412507
                   07667.50200803023
                   07145.30346868468
                   077548.0864799203
                   076055.9881039052
                   073102.8418313785
                   068695.8786407961
                   063023.4563211373
                   056306.3320123385
                   048994.7808109826
                   041190.9134694578
                   033472.2944034243
                   026451.7704689589
                   020336.0741815454
                   014304.5925481786
                   011194.950087557
                   09212.84430196181
                   08030.03981345736
                   07480.40163004833
                   081744.6610173684
                   080146.3632895978
                   077008.6722502414
                   072301.3075229981
                   066266.0779791884
                   059137.6763027285
                   051396.524856734
                   043149.8964101418
                   035006.4706047759
                   027626.5234082329
                   021188.2678941781
                   014928.6355024525
                   011688.853140316
                   09610.05374357195
                   08382.60006417302
                   07806.62748803366
                   085922.4257627147
                   084253.9032499188
                   080887.4401749409
                   075892.9431069505
                   069497.4332519481
                   061959.3720213664
                   053785.3916515495
                   045094.66928077
                   036522.5929758894
                   028779.2196971055
                   022019.7820181025
                   015541.6614205663
                   012175.3618174091
                   010006.4647311578
                   08723.71689616715
                   08129.84713044658
                   090062.5428441394
                   088294.1120068244
                   084730.1748826506
                   079447.1738269986
                   072692.6260811171
                   064746.5001653002
                   056144.5844572735
                   047011.5325446631
                   038010.5967019823
                   029896.9483492538
                   022827.3988719075
                   016141.4626642787
                   012650.8004223553
                   010392.8028386913
                   09062.92340908406
                   08444.82454713762
                   094128.3880385387
                   092244.0319318131
                   088492.9834941652
                   082926.7724646703
                   075822.003119986
                   067471.7603737115
                   058446.5033727544
                   048875.1116856704
                   039455.2815499095
                   030969.6083804873
                   023584.4637770125
                   016716.5893765837
                   013109.3240405038
                   010766.1562838379
                   09392.17233506938
                   08746.60120352684
                   098173.1249770336
                   096152.6820625539
                   092210.0209213264
                   086365.3967417862
                   078911.0564279461
                   070164.4502761895
                   060720.6030329395
                   050715.1477581536
                   040869.331246682
                   032011.1131491214
                   023869.3010520666
                   017284.7453804489
                   013560.2474564231
                   011134.5252939216
                   09715.16848825241
                   09039.44808802737
                   0102102.593459708
                   099990.829317484
                   095822.9903776299
                   089685.3714141628
                   081886.3093738374
                   072756.6146198858
                   062916.0393320521
                   052501.6460247968
                   042192.3188899406
                   032994.8151717889
                   023478.416687446
                   017823.297892507
                   013997.6521024879
                   011488.4158332443
                   010018.666993398
                   09323.84718213396
                   0105956.79488517
                   0103790.285445402
                   099453.3372954709
                   093048.0535906873
                   084902.96849001
                   075373.0644159498
                   065110.7223253929
                   054248.6847376719
                   043441.9397622604
                   033895.1353353328
                   023966.505167927
                   018282.503996829
                   014382.8578561406
                   011804.6318667057
                   010299.7368748426
                   09594.82971424067
                   0109735.879001039
                   0107460.269934155
                   0102936.407760729
                   096260.8200605501
                   087784.1967753985
                   077874.3176065753
                   067213.1387410011
                   055932.3221412305
                   044673.084269429
                   034776.6633174259
                   024564.2801126364
                   018753.0549593834
                   014771.8135634917
                   012122.9333139923
                   010577.5874434976
                   09850.30169954504
                   0113389.404075016
                   0111021.882575952
                   0106315.735166012
                   099378.584949698
                   090578.7572304217
                   080297.4751521367
                   069248.3276441562
                   057554.1350033431
                   045824.3875813709
                   035619.4778640495
                   025144.7332861135
                   019203.2649315467
                   015141.6955341256
                   012426.9086849415
                   010842.314301914
                   010097.6932848231
                   0116927.036023791
                   0114468.753798833
                   0109587.497566564
                   0102396.284228131
                   093281.537275073
                   082643.2632229621
                   071215.3793952749
                   059112.9421802843
                   046960.4227487627
                   036431.4281636632
                   025714.0250055548
                   019643.3999701864
                   015500.0809609011
                   012722.2807268367
                   011099.7283595036
                   010337.556978471
                   0120345.291789949
                   0117799.980423026
                   0112748.248708251
                   0105311.255972966
                   095891.0225206324
                   084903.5778854635
                   073106.2174951927
                   060611.3600494849
                   048040.4032497595
                   037203.4478537706
                   026261.6421133477
                   020066.3581628143
                   015840.732347648
                   013003.7676621465
                   011345.0054606011
                   010566.0566717266
                   0123635.541287286
                   0121005.910058261
                   0115789.239713191
                   0108113.751279462
                   098398.8874442295
                   087076.8851444027
                   074920.2706579927
                   062039.6219059828
                   049065.1510543647
                   037927.53838595
                   026779.0570446435
                   020470.2736890032
                   016162.5958856786
                   013270.5009060326
                   011577.411462652
                   010782.5341183801
                   0126818.930515441
                   0124106.972609683
                   0118730.058545564
                   0110824.234316303
                   0100822.855124805
                   089174.3718328404
                   076669.2957803184
                   063414.774190876
                   050038.214931205
                   038600.7204765178
                   027275.3258190762
                   020857.8214122453
                   016469.1490054888
                   013525.0565022001
                   011799.2160895573
                   010988.9251884035
                   0129880.439325739
                   0127089.652609962
                   0121557.768021032
                   0113428.853487869
                   0103150.589761348
                   091189.1132211667
                   078345.1317989237
                   064726.2588013727
                   050959.0852067858
                   039071.7206483954
                   027744.4380056945
                   021228.2828054771
                   016759.5870599465
                   013766.3499065813
                   012009.5134996581
                   011184.5949409654
                   0132826.22098864
                   0129959.261722478
                   0124277.980126287
                   0115934.33602201
                   0105389.450812166
                   093122.3805416707
                   079950.8072329996
                   065978.5490176996
                   051828.0734322759
                   039107.8614678635
                   028189.9352039791
                   021578.846719498
                   017034.8409752915
                   013994.9954605195
                   012208.6506542267
                   011369.9493159307
                   0135653.81749182
                   0132713.73841378
                   0126888.566760521
                   0118337.575890391
                   0107536.135412207
                   094974.4106179232
                   081488.0123158315
                   067172.7496773601
                   052641.3607905336
                   038538.9346339181
                   028606.5037197219
                   021911.823167432
                   017296.6681315414
                   014211.6523764335
                   012397.5156210819
                   011545.8383517323
                   0138402.551254055
                   0135390.617240573
                   0129425.248724475
                   0120673.270212136
                   0109619.313630214
                   096774.1765596057
                   082976.5341451408
                   068326.6733779378
                   053410.7364348942
                   038182.3615150503
                   028995.783220489
                   022234.0917745068
                   017548.259772844
                   014420.021786906
                   012578.9358017899
                   011714.6319271636
                   0141077.290380538
                   0137995.542741861
                   0131894.099857886
                   0122943.366289576
                   0111648.98547835
                   098523.8615927419
                   084424.138069329
                   069444.5483941521
                   054140.6489609402
                   038437.352727499
                   029364.061517533
                   022544.6659283358
                   017793.5127376133
                   014621.5251538593
                   012754.6612221643
                   011877.9562306495
                   0143782.840272371
                   0140630.680122396
                   0134392.182229815
                   0125244.412186618
                   0113703.523469145
                   0100297.850987284
                   085893.2344513798
                   070576.9909982968
                   054875.2320620808
                   038903.8509435857
                   029739.7975986805
                   022862.6800796281
                   018042.9582486526
                   014827.4142812636
                   012933.9465984519
                   012044.7568612496
                   0146697.008004067
                   0143471.290001245
                   0137086.288006853
                   0127728.906440729
                   0115925.088894054
                   0102221.725582587
                   087487.3113192221
                   071811.9804933746
                   055689.8484689725
                   039460.5807706815
                   030170.692920119
                   023218.6218379893
                   018322.2888546549
                   015057.5337128731
                   013133.9554692672
                   012231.0610725736
                   0150224.032622643
                   0146910.422813285
                   0140354.311272292
                   0130748.455795957
                   0118634.37329506
                   0104574.386474476
                   089451.7636753164
                   073348.2140327302
                   056677.5631625298
                   040199.8620353341
                   030739.8257702151
                   023676.5951869134
                   018682.6109256211
                   015353.6634102445
                   013391.8965988285
                   012470.9834913176
                   0153737.787225136
                   0150341.355950735
                   0143622.436555936
                   0133775.105155386
                   0121366.039105977
                   0106962.960023668
                   091471.2078127206
                   074964.5603999972
                   057758.8738108403
                   041040.2912123076
                   031384.3528095768
                   024180.6250143466
                   019080.0156047293
                   015680.1717043145
                   013676.4577129344
                   012735.714461202
                   0155897.465632891
                   0152452.173573235
                   0145636.131013009
                   0135652.761552544
                   0123059.476057004
                   0108452.000954598
                   092738.2821639946
                   075991.1596021648
                   058505.9378586946
                   041590.3310332646
                   031805.3575743461
                   024507.2374804737
                   019337.2818694611
                   015891.6776203721
                   013860.5714127888
                   012907.136415675
                   0158197.471033881
                   0154699.956431415
                   0147781.208828197
                   0137647.501683466
                   0124869.933683308
                   0110038.253434138
                   094088.129448729
                   077085.8990892325
                   059301.1984566074
                   042176.8723861626
                   032253.7267345194
                   024854.8113648227
                   019611.5471062975
                   016116.842895281
                   014056.8957185937
                   013089.8678373491
                   0160682.910062541
                   0157128.700498303
                   0150099.515021811
                   0139803.56031594
                   0126822.77049682
                   0111757.399878653
                   095546.6163570798
                   078272.8865756517
                   060160.6257578886
                   042811.5473524448
                   032739.0240231307
                   025230.0395938321
                   019907.5751745755
                   016359.8722255334
                   014268.9645673347
                   013287.0513416739
                   0163354.804308418
                   0159740.474033837
                   0152592.257846095
                   0142121.877674795
                   0128922.151658147
                   0113601.658876219
                   097115.3086224039
                   079546.148151359
                   061320.9480975379
                   043495.4666140476
                   033262.2628277375
                   025634.5716779152
                   020226.5194016979
                   016621.6509224566
                   014497.0848057989
                   013499.5430485579
                   0166250.569106231
                   0162570.983993584
                   0155293.030679691
                   0144627.260012722
                   0131190.637063295
                   0115596.111847367
                   098816.592703917
                   080923.0141706629
                   062095.419690553
                   044232.1573319601
                   033826.2485313899
                   026071.1708980178
                   020570.5901477258
                   016904.1315374466
                   014743.3662940613
                   013728.840942597
                   0169394.101076906
                   0165643.22222324
                   0158224.945538901
                   0147360.070276024
                   0133658.660763094
                   0117764.98846374
                   0100661.18548516
                   082419.603952338
                   063174.6553408455
                   045034.4166675608
                   034439.7921770622
                   026545.5332041991
                   020944.4286807513
                   017211.0666613588
                   015010.9550588787
                   013977.8246071314
                   0172780.881619736
                   0168953.4893238
                   0161383.543745419
                   0150298.143004718
                   0136322.265714077
                   0120102.34183903
                   0102649.647684859
                   084031.6799027506
                   064340.6889410906
                   045898.2497490752
                   035101.3414690912
                   027056.5586685189
                   021346.7439616824
                   017541.8263715745
                   015299.112017306
                   014246.0304856409
                   0176483.404230521
                   0172571.757388049
                   0164837.040568074
                   0153509.108199595
                   0139228.63088238
                   0122655.006898301
                   0104822.851617388
                   085793.1923493409
                   065613.327142118
                   046842.5429111693
                   035824.3821138648
                   027615.297253845
                   021786.6673940876
                   017902.2351173273
                   015613.6560895517
                   014538.6977488231
                   0180493.970559789
                   0176491.786284193
                   0168577.717310025
                   0156989.311404276
                   0142379.584492558
                   0125422.775607496
                   0107177.657102249
                   087702.2141460537
                   066992.2570007438
                   047866.3883911252
                   036607.4370012951
                   028219.9972144559
                   022262.8918466009
                   018293.6969695726
                   015954.6801566957
                   014856.1774990564
                   0184857.967168739
                   0180757.233546084
                   0172648.07280936
                   0160775.807096661
                   0145807.397259928
                   0128432.64856203
                   0109739.552597292
                   089778.2533098336
                   068490.5538258418
                   048979.5742113813
                   037459.5486480931
                   028878.0870465719
                   022781.2197570974
                   018719.2267762748
                   016325.3453888839
                   015201.0565328242
                   0189613.150454233
                   0185405.164311139
                   0177084.827220701
                   0164902.697838402
                   0149542.15040494
                   0131713.573022689
                   0112529.324508723
                   092039.1712645908
                   070119.7368317679
                   050192.6870495815
                   038386.5152574329
                   029594.0294299267
                   023344.6576002431
                   019181.4556459185
                   016728.6738646934
                   015576.4512531522
                   0194790.907948587
                   0190465.76554321
                   0181913.797250037
                   0169393.896282707
                   0153608.17835388
                   0135290.425297078
                   0115566.921286723
                   094499.2376338182
                   071891.1899950656
                   051512.1181943026
                   039395.0240760384
                   030373.0318510811
                   023958.890916946
                   019685.2428736419
                   017167.5039238903
                   015984.7922956096
                   0200442.88129567
                   0195989.64251416
                   0187186.076891606
                   0174296.728361719
                   0158046.11477598
                   0139188.808110263
                   0118881.77384517
                   097182.3232755816
                   073817.8282828919
                   052948.8169515452
                   040493.61285858
                   031221.0478885803
                   024626.4612350706
                   020233.2323436187
                   017645.1630286528
                   016429.2253893499
                   0206622.795735393
                   0202030.055815575
                   0192950.976066599
                   0179657.069791201
                   0162899.235168852
                   0143451.755654482
                   0122506.529308826
                   0100116.162888368
                   075921.5149025676
                   054521.0507940806
                   041695.7632809986
                   032148.4710850242
                   025357.1410861504
                   020832.5135765712
                   018167.6664969002
                   016915.4602266659
                   0213387.018152043
                   0208641.811694967
                   0199259.37435033
                   0185523.909372957
                   0168210.046407138
                   0148116.394800881
                   0126473.227059199
                   0103325.524071829
                   078217.5957369422
                   056239.8065586164
                   043011.1007515832
                   033162.7247340709
                   026155.4981488566
                   021487.3617266395
                   018738.2856623398
                   017446.7435462513
                   0220793.396544371
                   0215879.548628826
                   0206165.432773104
                   0191948.642953573
                   0174024.305512373
                   0153221.678822805
                   0130813.141988311
                   0106835.302532272
                   080725.4728797284
                   058119.5258280454
                   044449.263227472
                   034271.3554114537
                   027027.944053901
                   022203.619876121
                   019362.3773205553
                   018027.321803597
                   0228933.166003311
                   0223835.373606559
                   0213757.685947299
                   0199008.161521334
                   0180413.62696192
                   0158833.135662339
                   0135580.374926781
                   0110689.344704523
                   083474.2290756726
                   060183.8019190583
                   046026.6866262709
                   035488.2599313095
                   027986.2086180699
                   022988.7373175284
                   020046.6691755912
                   018664.2621428602
                   0237864.682981684
                   0232563.895033344
                   0222085.650955609
                   0206746.732386221
                   0187416.246901443
                   0164983.881413763
                   0140804.912236719
                   0114910.203189625
                   086475.4209937565
                   062441.0851532666
                   047751.7280608138
                   036819.4030663059
                   029034.038962626
                   023848.440827144
                   020795.6162350994
                   019360.7903688043
                   0247714.781942933
                   0242190.353243425
                   0231270.261011349
                   0215292.117713902
                   0195145.670658498
                   0171769.210584243
                   0146568.540404655
                   0119567.802219303
                   089778.5108629883
                   064930.3018732336
                   049654.8872417555
                   038285.4895164996
                   030188.7477267064
                   024795.6949861231
                   021620.7706731055
                   020128.3752415717
                   0258572.991666579
                   0252801.435913184
                   0241395.257384108
                   0224705.715306902
                   0203662.708807209
                   0179245.850600138
                   0152923.812709594
                   0124692.347582449
                   093407.1815105595
                   067668.0672493002
                   051749.4391945704
                   039900.1846695712
                   031459.4024739508
                   025837.1289619785
                   022528.2325569759
                   020972.651474578
                   0270574.54374088
                   0264530.940114526
                   0252586.35481655
                   0235110.939393252
                   0213076.354127217
                   0187508.223404458
                   0159939.278211243
                   0130349.672023174
                   097404.0552703978
                   070690.8081612208
                   054059.8302283669
                   041681.0531144107
                   032860.4960930368
                   026985.8913582774
                   023528.8843076721
                   021903.7930882375
                   0283850.997524338
                   0277505.403855604
                   0264965.418648693
                   0246619.383453663
                   0223484.885668403
                   0196644.207227211
                   0167693.486198315
                   0136600.553375779
                   0101806.657569677
                   074029.5212100591
                   056611.6027417983
                   043647.6864222011
                   034407.4785843741
                   028253.4217876952
                   024633.2374230685
                   022931.1165402325
                   0298576.632555554
                   0291895.192746229
                   0278693.111996752
                   0259380.55150246
                   0235034.452803105
                   0206772.97972242
                   0176288.175303187
                   0143521.692820748
                   0106669.241417011
                   077721.8580141728
                   059433.8524606671
                   045822.0476118154
                   036117.829638981
                   029655.2415654246
                   025854.644492426
                   024066.7783961485
                   0314928.773075741
                   0307874.526284541
                   0293936.553856765
                   0273549.615475952
                   0247849.822815083
                   0218014.672094787
                   0185823.62023466
                   0151195.748533353
                   0112045.063961063
                   081813.9032769615
                   062561.4137040202
                   048231.3809493015
                   038012.7425139492
                   031207.6485394881
                   027206.324437031
                   025324.5108798719
                   0333149.524015972
                   0325678.057762869
                   0310921.05771549
                   0289335.819183697
                   0262126.182440931
                   0230533.066629353
                   0196440.822780705
                   0159731.406392774
                   0118009.811469656
                   086362.3585221788
                   066040.3931215663
                   050908.2684304411
                   040117.9349675945
                   032931.9065429785
                   028708.7019992813
                   026721.1408567586
                   0353478.702425883
                   0345542.747163437
                   0329868.718767694
                   0306945.977623265
                   0278049.173970872
                   0244501.271077332
                   0208274.032367782
                   0169236.957521429
                   0124635.851202596
                   091426.508384916
                   069909.6716442042
                   053887.5622600015
                   042459.5909631309
                   034850.0562805551
                   030378.7619276882
                   028274.4013173082
                   0376227.487049672
                   0367770.712547498
                   0351068.55110103
                   0326647.317981738
                   0295860.33274181
                   0260116.204383095
                   0221501.794865181
                   0179850.623455132
                   0132017.318304147
                   097077.3046317649
                   074227.4869824432
                   057211.3157041342
                   045071.6098494998
                   036989.2401774597
                   032241.8405871476
                   030006.5607847981
                   0401736.589728031
                   0392694.797291402
                   0374839.501312178
                   0348734.741732568
                   0315824.793294962
                   0277614.339397218
                   0236317.407124308
                   0191724.517415444
                   0140255.165211472
                   0103395.414577123
                   079053.8231324872
                   060925.4905379461
                   047990.1953071819
                   039379.0242076081
                   034322.1874176108
                   031941.321022204
                   0430402.816433506
                   0420690.223740255
                   0401537.980563623
                   0373539.830530827
                   0338242.298785089
                   0297256.425538471
                   0252940.852700291
                   0205031.360604043
                   0149468.838045874
                   0110473.952896557
                   084461.5606944977
                   065086.0615268444
                   051258.2543168251
                   042054.2235259912
                   036651.3635234122
                   034106.467524053
                   0462679.114730366
                   0452234.994944755
                   0431604.29267355
                   0401470.004003187
                   0363480.482205307
                   0319364.679473858
                   0271638.866065215
                   0219982.100060193
                   0159798.120966049
                   0118424.507857824
                   090532.6254860442
                   069756.4715433471
                   054927.210510363
                   045056.3849671481
                   039264.561513936
                   036536.2175420933
                   0499226.388412957
                   0487939.921776579
                   0465659.306045908
                   0433088.057106055
                   0392042.303743749
                   0344374.94603573
                   0292779.865471531
                   0236866.281373843
                   0171435.422351897
                   0127395.491062264
                   097384.2007991275
                   075025.441708603
                   059063.3919995524
                   048440.7813116202
                   042210.5228217678
                   039274.5352144166
                   0540645.031921927
                   0528402.09132136
                   0504234.955237439
                   0468921.636693074
                   0424393.997673313
                   0372693.494979884
                   0316708.813391033
                   0255936.172777926
                   0184563.988927474
                   0137527.81527903
                   0105120.270316939
                   080973.4048207713
                   063731.8887911315
                   052259.5017849565
                   045533.5457995409
                   042363.2553257441
                   0587722.975123876
                   0574390.00928302
                   0548073.9902508
                   0509626.085283595
                   0461143.400107802
                   0404849.244739771
                   0343853.288552025
                   0277541.832239577
                   0199414.895626167
                   0149005.470410885
                   0113881.454167492
                   087708.5495031995
                   069018.1637374286
                   056582.2371796306
                   049294.7752345262
                   045858.908029946
                   0641337.622655373
                   0626759.912218822
                   0597992.168462198
                   0555966.797003987
                   0502982.25631576
                   0441431.821143968
                   0374712.314799326
                   0302057.739873532
                   0216251.924339389
                   0162026.641999925
                   0123822.2675317
                   095347.9307708553
                   075010.2412075457
                   061481.4069969936
                   053557.2278808407
                   049819.7289026504
                   0702637.209529013
                   0686633.252539417
                   0655053.342167895
                   0608928.076138286
                   0550776.379317533
                   0483210.479850148
                   0409923.874019426
                   0329984.726280962
                   0235417.891921198
                   0176864.149894564
                   0135143.80087297
                   0104046.424367901
                   081833.9147399042
                   067058.3927087978
                   058408.1321141612
                   054327.1591740225
                   0772799.382947132
                   0755159.756310127
                   0720352.564171652
                   0669521.973699889
                   0605438.515286581
                   0530973.021711198
                   0450142.902518774
                   0361819.318498299
                   0257263.46495986
                   0193780.982401678
                   0148050.330868071
                   0113963.519247718
                   089609.499195964
                   073411.9836072401
                   063933.5259101948
                   059461.2138029582
                   0853525.102491823
                   0833996.483492903
                   0795465.702508149
                   0739207.393302366
                   0668278.706400708
                   0585863.163163611
                   0496310.667333452
                   0398286.815176025
                   0282284.097491496
                   0213161.337367439
                   0162838.851233243
                   0125322.355428227
                   098512.3664373115
                   080685.8177525676
                   070258.6581064095
                   065337.0454389795
                   0946608.746176971
                   0924895.272254031
                   0882055.929268084
                   0819518.097942393
                   0740674.076379772
                   0649052.910012008
                   0549407.826239729
                   0440128.88662418
                   0311044.277457181
                   0235411.810605675
                   0179808.792456772
                   0138356.690820836
                   0108728.885358759
                   089030.4660983577
                   077513.0845127008
                   072076.8200738959
                   01054228.70821294
                   01029979.26706662
                   0982140.400044032
                   0912318.194613532
                   0824291.143922679
                   0721986.675154967
                   0610626.031571202
                   0488255.47225244
                   0344054.731352196
                   0261002.443563728
                   0199335.390195795
                   0153350.385272361
                   0120477.791347757
                   098625.1042591453
                   085853.1545205361
                   079822.8668880127
                   01179064.40263742
                   01151858.69311495
                   01098161.02229721
                   01019862.10830017
                   0921146.860471198
                   0806410.185010415
                   0681393.991023374
                   0543743.059534831
                   0382180.952403412
                   0290521.195996962
                   0221853.262268603
                   0170643.204498637
                   0134025.25161065
                   0109687.369759114
                   095466.6398598281
                   088752.1222311134
                   01324081.4941103
                   01293427.70391119
                   01232963.66576337
                   01144732.59765295
                   01033545.33762467
                   0904306.975814597
                   0763349.571469131
                   0607826.186760232
                   0426233.846462877
                   0324612.204510288
                   0247868.245543415
                   0190622.431885859
                   0149674.255528757
                   0122461.863367608
                   0106567.869106102
                   099061.0749434978
                   01492814.61152921
                   01458129.58355854
                   01389725.28214057
                   01289951.64160928
                   01164154.67485934
                   01017960.59922299
                   0858368.266526562
                   0681891.386271965
                   0477304.867630004
                   0364007.490047285
                   0277938.671149278
                   0213711.355243741
                   0167757.972373349
                   0137221.073541262
                   0119393.372702547
                   0110970.80203668
                   01689578.61674718
                   01650169.4345108
                   01572449.67009424
                   01459120.28402761
                   01316232.60509476
                   01150166.7687542
                   0968697.865259807
                   0767610.694662267
                   0536494.713435465
                   0409589.538476713
                   0312738.797220501
                   0240437.31966822
                   0188691.039229323
                   0154304.407967755
                   0134234.423183912
                   0124752.779155426
                   01919950.60522983
                   01874972.68510094
                   01786280.63945239
                   01656987.00536436
                   01494018.18484489
                   01304507.212038
                   01097251.61429567
                   0867126.058707007
                   0605139.200250905
                   0462477.578134487
                   0353133.019253004
                   0271461.098635479
                   0212985.163860516
                   0174128.69788419
                   0151455.427752604
                   0140742.770808708
                   02189508.98292826
                   02137967.9958381
                   02036348.41828215
                   01888256.55670552
                   01701608.76256499
                   01484525.82267721
                   01246870.08915655
                   0982480.160684222
                   0684586.250095682
                   0523714.638125465
                   0399923.515673289
                   0307401.72364583
                   0241130.368698341
                   0197096.354539295
                   0171404.067095867
                   0159263.229056984
                   02505394.52221105
                   02446101.92063612
                   02329219.24239073
                   02158932.29925202
                   01944338.87414245
                   01694715.4597748
                   01421145.35966711
                   01116253.43499228
                   0776496.158151477
                   0594626.240551333
                   0454136.193503146
                   0349053.299888586
                   0273747.060409404
                   0223703.905897869
                   0194513.831520968
                   0180717.304249981
                   02875369.81940419
                   02806920.69424815
                   02672001.48685455
                   02475510.77645738
                   02227931.95451056
                   01939946.96163601
                   01623875.05172902
                   01271099.52988776
                   0882560.520816924
                   0676543.003464081
                   0516794.123243015
                   0397203.701870324
                   0311454.238776721
                   0254463.147476575
                   0221225.967343297
                   0205513.756398047
                   03307728.59732363
                   03228366.86965101
                   03072171.59240456
                   02844787.06846609
                   02558313.81241582
                   02225052.6071938
                   01858871.87182421
                   01449595.94384616
                   01004349.20490163
                   0770710.665169549
                   0588880.445194571
                   0452611.893093958
                   0354838.168132468
                   0289854.157043311
                   0251957.441767116
                   0234038.755932302
                   03814893.54081853
                   03722789.96451823
                   03541336.29763366
                   03277217.77740136
                   02944656.76975121
                   02557731.59732126
                   02132081.12829812
                   01655793.17004029
                   01144429.12500914
                   0879128.31812506
                   0671930.9617471
                   0516467.411604976
                   0404843.694191068
                   0330635.095534031
                   0287367.574681183
                   0266901.259385039
                   04404016.71731722
                   04296824.3357369
                   04085667.76147391
                   03778462.5937671
                   03391730.06408266
                   02941731.32501035
                   02446112.86900487
                   01891073.58053175
                   01303380.31874818
                   01002317.26378841
                   0766386.727655865
                   0589114.911644373
                   0461723.800716188
                   0377023.084136598
                   0327637.71208019
                   0304271.270801472
                   05083739.6757338
                   04958875.85028047
                   04712954.46125108
                   04355473.39671298
                   03905262.44180228
                   03381492.59485803
                   02804002.09930229
                   02156861.53120512
                   01481727.92816095
                   01140761.08850795
                   0872648.828992701
                   0670870.967568687
                   0525736.124893785
                   0429218.03775447
                   0372941.657427165
                   0346309.676742362
                   05862952.80622515
                   05717489.36356303
                   05431041.48941175
                   05014892.6013515
                   04490905.40087847
                   03881244.89295797
                   03208247.03420255
                   02454090.27058392
                   01679572.23472289
                   01294636.26827777
                   0990875.731150809
                   0761870.744799551
                   0596992.127883484
                   0487305.726611249
                   0423351.359646295
                   0393075.408273239
                   05838423.9848479
                   05692102.21702811
                   05403832.94365561
                   04985677.05963836
                   04458785.94088474
                   03845568.9306149
                   03168177.53457606
                   02409422.94171452
                   01642497.90325105
                   01267472.58587892
                   0970642.585558625
                   0746455.224247297
                   0584869.803257946
                   0477335.656939281
                   0414636.514954171
                   0384941.892882623
                   05652763.14786898
                   05509616.37773636
                   05227741.15860784
                   04818827.12175562
                   04304319.53123447
                   03705153.603767
                   03042713.85896149
                   02301517.86643907
                   01563006.91547095
                   01207350.12750842
                   0925097.95183859
                   0711555.571711783
                   0557500.274994304
                   0454938.844366544
                   0395136.928109813
                   0366806.886088383
                   05456676.37767089
                   05317118.40142937
                   05042965.57308601
                   04644334.4184391
                   04143153.40115398
                   03559801.28896698
                   02914167.81991472
                   02193046.95083007
                   01484048.06143916
                   01147371.76879267
                   0879587.236343694
                   0676671.257927471
                   0530145.367599449
                   0432564.382379072
                   0375666.423361873
                   0348702.72958309
                   05250042.46768246
                   05114650.60709467
                   04848054.03590653
                   04461513.40043162
                   03975296.96977392
                   03409300.09633943
                   02782793.4453022
                   02083649.43702754
                   01405397.35315979
                   01087404.84203446
                   0834012.027853442
                   0641717.074348201
                   0502739.822346081
                   0410162.863890117
                   0356176.23857719
                   0330586.36590905
                   05031257.06894071
                   04900321.80600752
                   04642871.02948778
                   04269067.11110348
                   03799417.17572782
                   03252464.59103527
                   02646518.93329444
                   01972343.58900969
                   01326325.5584245
                   01026938.89656048
                   0787988.32302924
                   0606401.427934739
                   0475058.837759136
                   0387541.84560495
                   0336501.36708243
                   0312301.307343465
                   04801923.15806234
                   04679143.18373404
                   04428872.94606637
                   04068576.36958859
                   03616429.62091526
                   03092359.27673002
                   02507178.37017364
                   01859697.42045759
                   01247189.61981222
                   0966274.914883579
                   0741749.737272243
                   0570904.881482224
                   0447235.243831351
                   0364811.384816858
                   0316738.819387787
                   0293938.364630689
                   04560696.77470357
                   04440276.23155024
                   04202386.4220615
                   03858293.80416429
                   03425544.85409325
                   02921834.22313582
                   02363548.02080724
                   01744977.45712051
                   01167443.04869785
                   0905023.063268587
                   0695004.242880962
                   0535000.927227859
                   0419096.25748935
                   0341830.032536171
                   0296760.032041773
                   0275379.842129364
                   04308604.69968445
                   04193452.07757349
                   03967177.49864427
                   03639522.076152
                   03227463.72804218
                   02747766.95059693
                   02216138.51841762
                   01628548.67797047
                   01087306.77751721
                   0843362.810332846
                   0647895.765247463
                   0498804.132204459
                   0390729.730790765
                   0318664.745666311
                   0276627.386886262
                   0256681.91163268
                   04045895.38911768
                   03936630.823418
                   03722483.20885308
                   03412482.45614022
                   03022395.54799147
                   02568216.00148018
                   02065292.92557715
                   01510422.2671628
                   01006755.63201751
                   0781288.618605877
                   0600416.937745019
                   0462306.617827147
                   0362130.54769814
                   0295315.071232433
                   0256338.68043533
                   0237840.919186616
                   03773721.36619944
                   03670832.67965916
                   03469351.35483272
                   03177714.19521472
                   02811028.02388327
                   02383946.81477851
                   01911012.12411834
                   01391000.02252159
                   0925993.194004793
                   0718966.036381771
                   0552705.908154231
                   0425622.99198965
                   0333386.294245361
                   0271852.234312694
                   0235954.129811921
                   0218913.355431428
                   03494197.36732346
                   03397330.55568396
                   03208983.13909229
                   02936862.57161125
                   02594405.79155884
                   02195787.83182354
                   01754541.32378201
                   01270796.67075159
                   0845341.912034083
                   0656651.446661058
                   0504963.909025058
                   0388903.479596241
                   0304613.599007804
                   0248371.461922242
                   0215557.168570733
                   0199977.253975127
                   03206995.03059494
                   03117628.28981528
                   02943391.86282317
                   02691368.67972237
                   02374269.29308403
                   02005125.53019406
                   01596750.34083075
                   01150632.69460897
                   0765267.144195403
                   0594716.23066092
                   0457475.5047628
                   0352366.391620255
                   0275987.255777163
                   0225012.437583143
                   0195270.097822054
                   0181145.767627953
                   02916418.78831352
                   02834207.26086235
                   02674225.18013171
                   02442889.08340952
                   02151909.91288883
                   01813091.24440117
                   01438587.71779083
                   01031177.98186084
                   0686149.200313397
                   0533458.658137193
                   0410472.924785804
                   0316196.707250932
                   0247649.816572862
                   0201893.013571712
                   0175193.862327637
                   0162512.191850535
                   02627602.53743489
                   02550125.73359452
                   02404853.40254511
                   02194439.23289353
                   01929776.52498459
                   01621856.48919754
                   01281842.37305957
                   0913793.939693296
                   0608768.766805818
                   0473497.488059946
                   0364437.864356913
                   0280764.985141795
                   0219891.200447294
                   0179250.297777001
                   0155533.773617614
                   0144266.322743797
                   02336216.32719171
                   02268321.93904347
                   02137266.2119251
                   01948363.18590508
                   01710212.80797769
                   01433185.6459371
                   01127919.79451633
                   0799455.508854552
                   0533706.391871315
                   0415281.601373253
                   0319720.516917905
                   0246339.329290556
                   0192924.104021947
                   0157255.651173395
                   0136439.266347236
                   0126547.827186036
                   02052008.31942327
                   01992028.5992982
                   01875737.20507158
                   01707288.57140979
                   01495615.32901494
                   01249584.85099031
                   0978818.033084198
                   0689789.223929232
                   0461838.737531733
                   0359505.418504223
                   0276855.849655097
                   0213334.444299223
                   0167070.631903393
                   0136172.035818715
                   0118138.416612999
                   0109567.672277531
                   01778678.60317939
                   01726127.26986807
                   01624033.46487461
                   01475680.92365675
                   01289692.21261975
                   01073704.29242686
                   0836730.842636217
                   0586293.174156279
                   0394037.241664862
                   0306845.736038434
                   0236369.106432325
                   0182155.136341869
                   0142648.286633124
                   0116258.878147354
                   0100855.386306285
                   093533.1006233911
                   01518208.43978657
                   01472375.20305491
                   01383597.74967148
                   01255184.66363954
                   01094034.86681594
                   0907112.574159361
                   0703341.16610451
                   0489862.07142549
                   0330748.894221825
                   0257663.355164005
                   0198535.778816825
                   0153014.773191261
                   0119826.179139577
                   097650.8226990912
                   084707.1746256156
                   078553.0926368346
                   01273922.88146217
                   01234936.60718706
                   01158841.62274517
                   01049119.17338493
                   0911371.283284013
                   0752074.839949013
                   0578832.141468719
                   0401719.839410239
                   0272659.963115358
                   0212490.658149425
                   0163775.333416094
                   0126237.552474341
                   098854.1339739993
                   080555.3925681397
                   069872.3925802417
                   064792.306087211
                   01049260.14050681
                   01016188.46791721
                   0952163.439418347
                   0859754.341085379
                   0743981.660340222
                   0610490.183481658
                   0466447.242436593
                   0322752.691189333
                   0220292.34164061
                   0171746.008019767
                   0132408.264793925
                   0102070.880231062
                   079927.8840570264
                   065127.4909976102
                   056486.8588943553
                   052376.5779566665
                   0846042.1344785
                   0818800.432830832
                   0765603.167596199
                   0689095.315537859
                   0593486.612727098
                   0483747.605584775
                   0366678.905089133
                   0253472.041346315
                   0173971.654481564
                   0135684.913031182
                   0104636.731407684
                   080670.3569661423
                   063168.7835704432
                   051467.6805089052
                   044635.7887865076
                   041385.5504838303
                   0666047.744537633
                   0643679.923123219
                   0600441.270445233
                   0538319.320909411
                   0460875.894490583
                   0373028.826915686
                   0280152.994290242
                   0193956.096556138
                   0133817.974984898
                   0104408.323755565
                   080539.2367298108
                   062098.6649626956
                   048624.4920275463
                   039614.5864455786
                   034353.4419696594
                   031849.8269050396
                   0509949.64676206
                   0492222.203864078
                   0457672.840863004
                   0408208.050691368
                   0347025.262919629
                   0278055.389788409
                   0207220.338168245
                   0144074.900043747
                   099864.5396336332
                   077946.6577708285
                   060143.844019657
                   046377.6427281524
                   036313.7074173118
                   029582.4189751695
                   025651.4267475924
                   023780.3764877176
                   0377619.927235272
                   0363660.667332126
                   0336775.488763727
                   0298782.088872409
                   0251435.870305784
                   0199266.815196355
                   0147400.048486383
                   0103189.637129895
                   071811.8266228988
                   056072.549105644
                   043277.7763342393
                   033375.4654811279
                   026131.8892592828
                   021285.9565990739
                   018455.5971167507
                   017108.0377682019
                   0267889.798580122
                   0257420.331795854
                   0237115.971555557
                   0208465.0327533
                   0173721.150576506
                   0135895.320739449
                   099918.6859941625
                   070568.2586909694
                   049281.2271303869
                   038495.1410316056
                   029719.4019722676
                   022921.3272199358
                   017945.8791153002
                   014616.3650605209
                   012671.5763470776
                   011745.2983066209
                   0179130.888848175
                   0171468.058816828
                   0156848.316817669
                   0136415.177126071
                   0112097.784718526
                   086538.223154885
                   063410.3838313152
                   045230.6797754918
                   031686.4267176583
                   024760.7150163106
                   019121.7386798371
                   014748.7532392182
                   011546.6969446319
                   09403.27735996287
                   08150.96837977519
                   07554.50682351915
