              102353                 370
                 160
    5339499999.99999    5006048181.56798    4694834386.17908     4404375551.9889    4133287523.08679    3880278453.42319    3644142650.63143    3423754830.40722    3218064754.06581     3026092223.7223    2846922411.24519    2679701498.72381    2523632609.67446    2377972011.59593    2242025571.77804    2115145449.47348    1996727008.66999    1886205936.75086    1783055555.31303    1686784310.32767    1596933429.68293    1513074736.94594    1434808610.92584    1361762081.31434    1293587051.32867    1229958638.88707    1170573628.41199    1115149025.88302    1063420710.25388    1015142174.80693    970083352.447181    928029519.337887    888780271.653059     852148570.57075    817959850.956071    786051189.486468     756270528.25502    728475950.151918    702535002.571022    678324066.218666    655727766.016837    634638421.293436    614955532.639546    596585302.988383    579440190.633658    563438492.057314    548503952.578627    534565402.969263    521556420.302608    509415011.421182    498083317.513724    487507338.394137    477636675.168376    468424290.062966    459826282.270656    451801678.744993    444312238.946896    437322272.612741    430798469.675567    424709741.528891    419027072.876705    413723383.463642    408773399.026417    404153530.851552    399841763.365451    395817549.221131    392061711.381647    388556351.733625    385284765.795381     382231363.11319    379381592.966356    376721875.027037    374239534.644394    371922742.444663    369760457.959318    367742377.012693    365858882.618348    364100999.150164     362460349.56979    360929115.506614           359500000    359348101.265823    359196202.531646    359044303.797468    358892405.063291    358740506.329114    358588607.594937    358436708.860759    358284810.126582    358132911.392405    357981012.658228    357829113.924051    357677215.189873    357525316.455696    357373417.721519    357221518.987342    357069620.253165    356917721.518987     356765822.78481    356613924.050633    356462025.316456    356310126.582278    356158227.848101    356006329.113924    355854430.379747     355702531.64557    355550632.911392    355398734.177215    355246835.443038    355094936.708861    354943037.974684    354791139.240506    354639240.506329    354487341.772152    354335443.037975    354183544.303797     354031645.56962    353879746.835443    353727848.101266    353575949.367089    353424050.632911    353272151.898734    353120253.164557     352968354.43038    352816455.696203    352664556.962025    352512658.227848    352360759.493671    352208860.759494    352056962.025316    351905063.291139    351753164.556962    351601265.822785    351449367.088608     351297468.35443    351145569.620253    350993670.886076    350841772.151899    350689873.417722    350537974.683544    350386075.949367     350234177.21519    350082278.481013    349930379.746835    349778481.012658    349626582.278481    349474683.544304    349322784.810127    349170886.075949    349018987.341772    348867088.607595    348715189.873418    348563291.139241    348411392.405063    348259493.670886    348107594.936709    347955696.202532    347803797.468354    347651898.734177           347500000
                  17
                   0   0.196349540849363   0.392699081698725   0.589048622548088    0.78539816339745   0.981747704246813    1.17809724509618    1.37444678594554     1.5707963267949    1.76714586764426    1.96349540849363    2.15984494934299    2.35619449019235    2.55254403104171    2.74889357189108    2.94524311274044     3.1415926535898
                   2
                   0     6.2831853071796
                   042.2427872490108
                   042.2088294186733
                   042.1413553839132
                   042.0392964070004
                   041.8990122380653
                   041.7124732854569
                   041.471815973885
                   041.1538312604525
                   040.742949696632
                   040.1888438838373
                   039.4095793321115
                   038.2280802796619
                   036.2727560183569
                   032.5529207463406
                   023.7670772000598
                   03.68782748981396
                   049.4716226149467
                   049.42944228974
                   049.3452768440688
                   049.2162277534647
                   049.0376277196677
                   048.7992855225558
                   048.4902097998249
                   048.0841597895685
                   047.5608400600086
                   046.8535000748357
                   045.8593701958865
                   044.3563912090317
                   041.8753636118699
                   037.1799062695379
                   026.3260400023722
                   04.07472977921592
                   057.9066869473715
                   057.8539782613616
                   057.7482346625188
                   057.5850889582268
                   057.3575755906719
                   057.0527906624553
                   056.6564980368403
                   056.1379437729186
                   055.4708482701066
                   054.5686067583947
                   053.3020258965392
                   051.3900528319982
                   048.2454884362137
                   042.344919450519
                   029.0201009176116
                   04.57310471018174
                   067.7733367942542
                   067.7072016610593
                   067.573396755528
                   067.3664963512147
                   067.0768283026939
                   066.6867642763564
                   066.1801127801645
                   065.5185586817115
                   064.6690320016118
                   063.5198547753085
                   061.9083636145488
                   059.4788353023187
                   055.4958957989236
                   048.1070931072733
                   031.831202232268
                   05.20776079490127
                   079.3351676152373
                   079.2518405170064
                   079.0823788522215
                   078.8189305379979
                   078.4492342706623
                   077.949462177462
                   077.3045048129945
                   076.4627172605571
                   075.3798821666824
                   073.9164432271608
                   071.8686807300716
                   068.7838832736921
                   063.7562883392544
                   054.5256495980408
                   034.7543441190539
                   06.01402151201835
                   092.8868158472345
                   092.7812028441858
                   092.5658403110763
                   092.2301591990188
                   091.7583777164711
                   091.1174236694012
                   090.2978287245356
                   089.2276736402817
                   087.8474256163288
                   085.9856763396015
                   083.3848202488033
                   079.4727276800122
                   073.1457367223886
                   061.6490880575943
                   037.7737430912828
                   07.02929133703828
                   0108.78471656487
                   0108.649744438638
                   0108.375689717488
                   0107.947417676958
                   0107.345284701779
                   0106.524010122856
                   0105.483631333268
                   0104.124850313284
                   0102.368065935908
                   0100.002308641987
                   096.7021667139388
                   091.7507985716926
                   083.8019216895728
                   069.5236898130204
                   040.8895844211471
                   06.77760226580583
                   0127.438753971632
                   0127.267769015983
                   0126.919358347244
                   0126.372656051861
                   0125.60260769124
                   0124.552495196215
                   0123.232343828535
                   0121.507643683364
                   0119.274732354341
                   0116.270102449845
                   0112.086043179367
                   0105.832657118961
                   095.8681508988528
                   078.188097360069
                   044.1112325947151
                   08.50117280856731
                   0149.338174680177
                   0149.120504913145
                   0148.676635554553
                   0147.980157760785
                   0146.99621440363
                   0145.656715221286
                   0143.982175708274
                   0141.794801137408
                   0138.959673585546
                   0135.147838884884
                   0129.844502885515
                   0121.966366811275
                   0109.506021354899
                   087.6852758549728
                   047.4817275802474
                   010.6450176285708
                   0175.044233956222
                   0174.767116133043
                   0174.200660630499
                   0173.313798486437
                   0172.060048786717
                   0170.350573923484
                   0168.228644146316
                   0165.455623680994
                   0161.86053472051
                   0157.031471885127
                   0150.321939751138
                   0140.415447192299
                   0124.868487288575
                   098.0582832375185
                   051.0647720334925
                   013.2920046917689
                   0205.244311344361
                   0204.891822850633
                   0204.169866815704
                   0203.040058550022
                   0201.440387250195
                   0199.266522999316
                   0196.580594767624
                   0193.065610519101
                   0188.510167807737
                   0182.397854504993
                   0173.92302396041
                   0161.484972308598
                   0142.133214255279
                   0109.344423149308
                   054.9710857510999
                   016.573545196738
                   0240.713800720297
                   0240.264922281365
                   0239.344117645472
                   0237.905153876402
                   0235.863865912105
                   0233.112010989795
                   0229.713741119656
                   0225.260947115385
                   0219.494015987131
                   0211.769339656471
                   0201.081915747337
                   0185.495831435851
                   0161.475787316252
                   0121.581776737554
                   059.3427311182667
                   020.6074762087065
                   0282.341593189392
                   0281.770111211806
                   0280.598557211084
                   0278.763960899874
                   0276.166460197618
                   0272.680437651446
                   0268.386567544991
                   0262.75130620137
                   0255.457445726926
                   0245.700526717435
                   0232.256381536573
                   0212.774251411489
                   0183.057158908392
                   0134.784472137627
                   064.3623192154794
                   025.5380574565299
                   0331.288952857795
                   0330.558303956825
                   0329.069269652362
                   0326.714410726282
                   0323.407004925548
                   0318.979735720129
                   0313.544122343751
                   0306.403930737003
                   0297.17273996476
                   0284.846606267791
                   0267.969179413342
                   0243.634932603421
                   0207.004906562204
                   0148.950917726544
                   070.2097946444337
                   031.5063146750818
                   0388.615597053543
                   0387.691959118646
                   0385.781137940904
                   0382.809231133417
                   0378.597200419529
                   0373.015353672584
                   0366.153649007533
                   0357.132310442699
                   0345.489285929741
                   0329.959075856555
                   0308.790987111967
                   0278.567996732566
                   0233.577630980083
                   0164.286308730252
                   077.314100548013
                   038.8467670340516
                   0455.902699908894
                   0454.719418385274
                   0452.315401449139
                   0448.522294384075
                   0443.207842532363
                   0436.13650014172
                   0427.489583260092
                   0416.119088849163
                   0401.433882622283
                   0381.92376983734
                   0355.480383537719
                   0317.986576148044
                   0262.934410919595
                   0180.856615434081
                   085.9791387090308
                   047.7645986822539
                   0536.035376432984
                   0534.543406117201
                   0531.466742612243
                   0526.627273994528
                   0519.860189922706
                   0510.907251673514
                   0499.943799814162
                   0485.548377325288
                   0466.983758634249
                   0442.370250616724
                   0409.370873144211
                   0362.963070108761
                   0295.900656616517
                   0199.412423026319
                   097.0632731401307
                   059.0169846117839
                   0629.529946471002
                   0627.637611451124
                   0623.763228909034
                   0617.639318081549
                   0609.031985831421
                   0597.700473382381
                   0583.89438271737
                   0565.708699785212
                   0542.341378466353
                   0511.426710466657
                   0470.399718231009
                   0413.147299335441
                   0331.874524247314
                   0219.466784625626
                   0110.346554771408
                   072.3396979492763
                   0738.954907215107
                   0736.523731531978
                   0731.613132376562
                   0723.866641584496
                   0713.006894956967
                   0698.748657612621
                   0681.270238999375
                   0658.387627202045
                   0629.042734896078
                   0590.368912538733
                   0539.433087309666
                   0469.088123146581
                   0371.158767742437
                   0241.460060118024
                   0126.278114084373
                   088.1093976628579
                   0867.02048471249
                   0863.972163130008
                   0857.706515628523
                   0847.911895407051
                   0834.267612541427
                   0816.294662200013
                   0794.31828688196
                   0765.528703125664
                   0728.746049651052
                   0680.493803648145
                   0617.511013537919
                   0531.42422278474
                   0414.179445273561
                   0265.983616131688
                   0145.417853564091
                   0106.858758572675
                   01016.45141717298
                   01012.6111461005
                   01004.69821784016
                   0992.37755296306
                   0975.233470163292
                   0952.666864780311
                   0925.057794211203
                   0888.941347185387
                   0842.974213577364
                   0782.891427599677
                   0705.27260498207
                   0600.435604799156
                   0461.052664590442
                   0293.402876927582
                   0168.08389662547
                   0128.860184214305
                   01190.76867580378
                   01185.93145284738
                   01176.01127727238
                   01160.47711084542
                   01138.91988341363
                   01110.69643460174
                   01076.0602851031
                   01030.86168211035
                   0973.540729130778
                   0899.041085633915
                   0803.772447982615
                   0676.692353769724
                   0512.127430747288
                   0324.389628489849
                   0194.778674194254
                   0154.612510751368
                   01395.42215293033
                   01389.28412521139
                   01376.81378434812
                   01357.17998936439
                   01330.19151670379
                   01294.78108029042
                   01251.3610525406
                   01194.87064802348
                   01123.39337410714
                   01031.24472067772
                   0914.704569849439
                   0761.362936981645
                   0568.589601462675
                   0360.441167490343
                   0226.514881891414
                   0185.205644706982
                   01635.81811176709
                   01628.07147116063
                   01612.32927408104
                   01587.66257771183
                   01553.75830063834
                   01509.31615612153
                   01454.92263949528
                   01384.3856151238
                   01295.36060213912
                   01181.61794484289
                   01039.60737847783
                   0855.529495903912
                   0631.291872824849
                   0402.822522540756
                   0264.184720210298
                   0221.548803115364
                   01912.92564454581
                   01903.23007762159
                   01883.44168047827
                   01852.62376317191
                   01810.20265928366
                   01754.81596714077
                   01687.02095437077
                   01599.29252170267
                   01489.01336417929
                   01349.45701278841
                   01177.24601430377
                   0957.888560105498
                   0699.259054276154
                   0450.86198966146
                   0306.937788369832
                   0262.856316276861
                   02232.71631953316
                   02220.59468687511
                   02195.81736059761
                   02157.43547132757
                   02104.68928610031
                   02035.77826772676
                   01951.66728821184
                   01843.0699025176
                   01707.23595898397
                   01536.84082734038
                   01329.1345410837
                   01069.39958275648
                   0773.855990903787
                   0505.660986102801
                   0329.010391863542
                   0309.704410339057
                   02600.65659661807
                   02585.60287927748
                   02554.85420418103
                   02507.1302916779
                   02441.84280071749
                   02356.64682885061
                   02252.68699991171
                   02118.61294971422
                   01951.9396370458
                   01744.80629562296
                   01495.63476239174
                   01190.64435644949
                   0855.723511982185
                   0568.104440007562
                   0385.35003397373
                   0362.435066086046
                   03033.84342997619
                   03015.14568524595
                   02976.82280684283
                   02917.54026084005
                   02836.3371304667
                   02730.32055398191
                   02601.67497977357
                   02436.22707406868
                   02231.97484482513
                   01980.83036897253
                   01682.98851744163
                   01325.88495138455
                   0949.478922339212
                   0642.301226945924
                   0451.824415189253
                   0425.063424378976
                   03526.50153800652
                   03503.2411689935
                   03455.88102522201
                   03382.69969070889
                   03282.35029270307
                   03151.77787956383
                   02993.71785006387
                   02791.14082782566
                   02542.14668807571
                   02239.78725394415
                   01886.59995322174
                   01472.51220879096
                   01052.47233845359
                   0725.512387615436
                   0526.002906998028
                   0494.344065167817
                   04086.25258804231
                   04057.61461476367
                   03999.41568781327
                   03909.5022463923
                   03786.51275797699
                   03626.23204234771
                   03433.136241549
                   03186.19738703543
                   02885.08003661247
                   02523.00607650521
                   02107.52469898244
                   01631.1030835501
                   01166.06646283344
                   0818.486578831882
                   0608.596474188034
                   0571.603901548672
                   04737.3464518984
                   04702.00600311974
                   04630.36016433812
                   04519.63740908658
                   04368.76122241189
                   04172.24660205644
                   03936.17608141545
                   03636.06163635782
                   03272.75923217703
                   02841.23931375282
                   02354.43866656146
                   01809.58232594661
                   01297.46364124891
                   0927.025492664219
                   0704.654650623527
                   0661.904720370878
                   05469.73176730004
                   05426.56717588798
                   05339.03662610146
                   05203.94508337742
                   05020.00355403131
                   04780.50748612235
                   04494.17113658943
                   04131.96669502322
                   03696.85712792979
                   03186.3032020038
                   02620.39737098929
                   02002.45156497689
                   01441.89915403768
                   01046.60011234164
                   0809.991549645936
                   0760.872410419281
                   06305.9504172522
                   06253.28822245694
                   06146.58229147989
                   05982.06471459214
                   05758.17496640615
                   05467.9172615061
                   05121.40628010748
                   04686.18288147982
                   04167.87532761726
                   03567.08026781921
                   02913.116543054
                   02216.99708598882
                   01605.64958409394
                   01181.78924988185
                   0929.299234781211
                   0872.536148281704
                   07247.19662194643
                   07183.34079182872
                   07054.14922006408
                   06854.59625347289
                   06583.70660036956
                   06233.28650337383
                   05817.09168790634
                   05297.07650303297
                   04683.1072941389
                   03980.58711137476
                   03230.94337102072
                   02451.73198001571
                   01787.50864771314
                   01330.77611431581
                   01060.56805342979
                   0994.816028261093
                   08309.06660826843
                   08231.8798138931
                   08075.84588006702
                   07834.82855735738
                   07508.50080341722
                   07087.46031418537
                   06589.45541992114
                   05971.89815707242
                   05248.60929648578
                   04432.57413151412
                   03577.8599929197
                   02711.01790939098
                   01990.56788222559
                   01495.55851689459
                   01206.28186812981
                   01129.86244821348
                   09492.78355918616
                   09400.3340550498
                   09212.50624386804
                   08923.45571059676
                   08532.13929628928
                   08029.41932592057
                   07437.22413592341
                   06708.11907419256
                   05862.74105534685
                   04920.96002455969
                   03952.42666474797
                   02993.77843157616
                   02212.9691036957
                   01675.19104962913
                   01364.76516710684
                   01278.0514104891
                   010824.4630677628
                   010712.9447349421
                   010488.191699803
                   010142.2438990934
                   09675.33178981649
                   09077.5052277653
                   08376.75769834455
                   07520.64131290645
                   06536.74749003641
                   05455.94960094218
                   04364.91436700866
                   03308.00956258289
                   02461.03099718851
                   01751.96291467095
                   01540.61383505946
                   01443.7450913206
                   012299.4223439196
                   012167.2313709234
                   011898.9966125785
                   011487.4205139717
                   010933.4807260676
                   010226.8293056453
                   09402.18398499472
                   08403.17275248832
                   07265.93294464642
                   06033.96267234934
                   04812.24181520314
                   03650.93665028783
                   02731.62096633286
                   01970.53600969624
                   01730.72336664815
                   01624.26486857157
                   013931.4831428436
                   013774.8333306694
                   013457.8518727106
                   012970.0774257318
                   012316.0766642199
                   011485.3354727487
                   010521.5219640418
                   09361.6140365598
                   08053.87286770572
                   06659.36250393504
                   05298.98275784749
                   04025.37614025596
                   03027.9994539779
                   02208.60667974298
                   01940.21492144375
                   01817.60962604455
                   015727.2863920202
                   015542.6547502802
                   015169.400327693
                   014595.3652457618
                   013827.3989625878
                   012856.530881056
                   011735.21728172
                   010396.5731941126
                   08903.41336769321
                   07332.08712507668
                   05824.797395521
                   04431.05749074061
                   03348.60053126867
                   02465.35088417678
                   02165.46993678919
                   02026.41232835672
                   017689.0736696904
                   017472.6035270617
                   017034.9679950777
                   016364.5675685226
                   015467.7700030908
                   014339.5870277967
                   013043.3242206004
                   011509.7655531445
                   09813.7634975584
                   08053.45724241577
                   06391.45924519393
                   04870.70162093512
                   03694.71500111868
                   02743.52721366578
                   02409.83091705518
                   02253.2629331868
                   019831.2136952527
                   019578.9914664661
                   019069.9519207508
                   018289.5954244992
                   017248.5679654674
                   015944.861299999
                   014453.8262065217
                   012705.6913735733
                   010790.8626565293
                   08827.48533861209
                   07001.19224106742
                   05345.40493436155
                   04064.86187875321
                   03042.55003207401
                   02673.09993420074
                   02498.43374720647
                   022159.2188177868
                   021867.2405564158
                   021276.6171753099
                   020373.5429171671
                   019171.9737458309
                   017674.1459780178
                   015968.6274471412
                   013986.2432398028
                   011837.0317589881
                   09656.88919417424
                   07654.82943530768
                   05856.92379808542
                   04458.81902304228
                   03364.60438763358
                   02954.64283635672
                   02761.48834386259
                   024663.3118890587
                   024326.5010415919
                   023645.9490292793
                   022607.2494953977
                   021230.8971100196
                   019517.6498276129
                   017578.5729006089
                   015343.6797451426
                   012944.3236288967
                   010536.0982503196
                   08348.95405063349
                   06398.77277556575
                   04871.76611115956
                   03705.13504819997
                   03252.28432819386
                   03039.36206754673
                   027353.7911226273
                   026967.8280961645
                   026187.510011096
                   024999.2134324848
                   023428.8537529653
                   021483.4364981166
                   019290.4509695039
                   016783.170969443
                   014117.2910100904
                   011469.7562684798
                   09084.69380182584
                   06971.8720370642
                   05304.43465213634
                   04065.2533739357
                   03566.46147191036
                   03332.95865020982
                   030226.4006046991
                   029786.0953076509
                   028897.3899295394
                   027545.5736642801
                   025764.0606238409
                   023564.9585450757
                   021100.7007632476
                   018302.6930154929
                   015353.0569723642
                   012453.3787811676
                   09862.01811894913
                   07569.68051039347
                   05510.7314778311
                   04440.30965293302
                   03896.49913276311
                   03641.9471391743
                   033271.8195134578
                   032772.6563402901
                   031765.8089254532
                   030236.4427897941
                   028226.6846865669
                   025756.9554688725
                   022999.7895480264
                   019895.4012598378
                   016644.5690098992
                   013484.2136320154
                   010671.4770817869
                   08185.8640541721
                   05851.40138216155
                   04823.00825809533
                   04237.97879624661
                   03962.32508000625
                   036589.6147291527
                   036022.7715074929
                   034883.0077225292
                   033150.5304553192
                   030877.7585217923
                   028094.8485066071
                   025024.7472669962
                   021572.8342868059
                   017993.2232876491
                   014539.3730543719
                   011487.3518703845
                   08787.37698835686
                   06286.22762516794
                   05177.06620137974
                   04545.93706528532
                   04249.48624057194
                   039925.4543330535
                   039292.578340829
                   038004.0294675394
                   036070.7961547431
                   033543.3831631391
                   030458.6681083431
                   027043.5627529715
                   023253.6852001147
                   019351.2629273273
                   015618.1203836013
                   012317.2442598564
                   09412.64230126053
                   06762.43023838733
                   05573.08672651642
                   04885.82116424088
                   04570.71663058624
                   043417.1884289006
                   042713.7172522602
                   041290.6909387909
                   039146.1191748727
                   036334.0239247836
                   032926.6363678049
                   029161.1266466195
                   025014.096672525
                   020778.3805317994
                   016741.8606083373
                   013185.9864603974
                   010065.2485945525
                   07256.88260176825
                   05984.99781539685
                   05244.69299422451
                   04910.31435136001
                   047066.1397873991
                   046273.5217517356
                   044707.8436806322
                   042314.2496698029
                   039222.9494770666
                   035477.7617013412
                   031345.8800661739
                   026830.446105054
                   022249.3586826775
                   017902.394929889
                   014083.0946949747
                   010735.5745101167
                   07778.67330773883
                   06410.1116479435
                   05615.44261174307
                   05255.80106712752
                   050828.2844024687
                   049963.1687930714
                   048221.4379157429
                   045591.9694923593
                   042193.3009645014
                   038103.3356425985
                   033597.5817779255
                   028707.1966841242
                   023763.6795769721
                   019098.6013787505
                   015009.2397586548
                   011425.9730954566
                   08313.68858576426
                   06853.38201350555
                   05994.40588869623
                   05612.94818723612
                   054698.9120780743
                   053750.0496135267
                   051834.0366861157
                   048957.7402839178
                   045238.0919982347
                   040776.2016084657
                   035866.5871485414
                   030616.6929072149
                   025310.6335765153
                   020329.2034747071
                   015952.7954105666
                   012120.848161841
                   08857.6591697003
                   07300.94074839334
                   06381.83754766766
                   05973.96619816004
                   058671.0376744169
                   057633.8735974587
                   055543.3887535705
                   052426.7663097052
                   048389.1997861601
                   043557.7466716998
                   038247.8399811573
                   032533.8497283495
                   026877.1499677298
                   021525.0306071928
                   016880.3012224884
                   012804.379898466
                   09394.80886317528
                   07747.36725971411
                   06771.94388188088
                   06335.98454681674
                   062720.7888913362
                   061600.3143966719
                   059323.0833766263
                   055932.2039830987
                   051560.4886725997
                   046346.7876289822
                   040635.5316842059
                   034532.0128901813
                   028421.0117953751
                   022754.9774155651
                   017825.0529300429
                   012830.4540581897
                   09938.194858594
                   08192.89649821617
                   07158.91386668867
                   06697.61736289939
                   066841.7109819456
                   065624.6471422412
                   063159.0480888478
                   059498.7381396782
                   054787.0312156489
                   049189.3191324945
                   043106.6694972984
                   036532.0484789696
                   029986.4751790997
                   023952.6719096415
                   018739.8960207173
                   013277.556201986
                   010462.1760222603
                   08640.86578023353
                   07550.03618036687
                   07059.7972405719
                   070999.0515685056
                   069676.4083707328
                   067023.1480372864
                   063087.7166448228
                   058049.301327952
                   052085.785912497
                   045544.1635294775
                   038536.2403705954
                   031576.6551739887
                   025193.0284541464
                   019635.4689049121
                   013932.1244412231
                   010986.1913526421
                   09088.87157575028
                   07942.23544635311
                   07421.10111923749
                   075156.4788637462
                   073737.1127138725
                   070899.4012947426
                   066713.9158517061
                   061334.0125802962
                   054937.7964931293
                   047977.0947457393
                   040533.9067823175
                   033155.5677871138
                   026418.7761510379
                   020540.354212759
                   014579.6347353196
                   011498.0800722951
                   09528.20940965582
                   08329.78311070271
                   07780.58401927247
                   079334.8232410786
                   077815.8777349866
                   074816.6156853805
                   070341.2758784202
                   064591.8839795282
                   057795.9003785668
                   050410.8718049765
                   042526.1237259628
                   034729.582343004
                   027636.8277478606
                   021432.7855562208
                   015237.8313772121
                   012016.6368079542
                   09951.09806963571
                   08713.1420925817
                   08135.77403019391
                   083509.9937547893
                   081887.0282815688
                   078705.7624089763
                   073932.405220467
                   067830.623738454
                   060630.8633597705
                   052822.6298685907
                   044498.7646982859
                   036279.3052182518
                   028830.5081153154
                   022306.2698337253
                   015883.6668692795
                   012532.3772512132
                   010369.1643673498
                   09085.55698758339
                   08481.50304274265
                   087662.3005133926
                   085973.8939127637
                   082565.3318828361
                   077510.5404356728
                   071056.0702750102
                   063454.435579711
                   055219.7811508945
                   046455.3599478081
                   037808.0136421827
                   030000.4495018302
                   023158.2208495325
                   016517.8760141767
                   013040.138168518
                   010785.9510828018
                   09445.67269288756
                   08824.03664736109
                   091776.2355634535
                   089989.9885228117
                   086388.2095239654
                   081054.2638945013
                   074244.7436714961
                   066242.791016897
                   057586.3139042927
                   048382.8696765284
                   039308.4525792498
                   031134.3249194347
                   023985.2864479639
                   017138.4271828753
                   013536.371190283
                   011192.125266243
                   09804.16234517685
                   09157.79042623668
                   095821.6701357654
                   093917.9960672075
                   090135.0957431607
                   084523.9498541623
                   077371.076657575
                   068971.9200583715
                   059897.4307736353
                   050258.0223922239
                   040765.7790614359
                   032223.0732420042
                   024745.9658704852
                   017734.1781879748
                   014015.5240629516
                   011585.1404368899
                   010152.9524383011
                   09477.56769985464
                   099843.5902981872
                   097804.4629538304
                   093831.4086602957
                   087948.9297569035
                   080454.1134530857
                   071665.9906134133
                   062178.7715020366
                   052108.257788784
                   042190.522546116
                   033279.6190908477
                   024986.0178708739
                   018322.8051560793
                   014487.1588229067
                   011973.5596488223
                   010494.525322727
                   09788.03975416454
                   0103756.38449562
                   0101629.400787177
                   097435.1398619524
                   091263.3022611894
                   083428.9482341589
                   074263.1988524279
                   064384.9492857351
                   053907.8039117636
                   043516.5179238961
                   034277.0490999932
                   024612.8930209515
                   018879.6161288443
                   014944.0592171769
                   012345.5606507471
                   010815.6733653628
                   010090.1184708594
                   0107598.021998259
                   0105421.021603997
                   0101060.905000673
                   094626.7443381853
                   086452.2659437426
                   076891.7664405349
                   066594.2644842462
                   055667.0402229139
                   044775.431855569
                   035191.8435272773
                   025152.3273355572
                   019356.1470797021
                   015346.9147271728
                   012678.4225680011
                   011112.7531717881
                   010377.5490150715
                   0111369.035088845
                   0109083.142930339
                   0104540.068012601
                   097840.3012822426
                   089336.0965500997
                   079403.9639201097
                   068710.9407821813
                   057364.9399732133
                   046013.9052931511
                   036088.9841739419
                   025770.0443442305
                   019845.9927138235
                   015754.3889024253
                   013014.3314029746
                   011407.6027264913
                   010649.1972869591
                   0115017.745154164
                   0112641.735654006
                   0107919.415519484
                   0100962.551723693
                   092139.6972748636
                   081840.7458418843
                   070762.2425253266
                   059000.6699625875
                   047175.3399529196
                   036949.1916658103
                   026370.8485947841
                   020315.952459422
                   016143.1210665774
                   013336.0164957661
                   011689.1466045357
                   010912.9842900844
                   0118552.315413099
                   0116087.189168652
                   0111192.7493242
                   0103985.985128218
                   094852.4599608319
                   084200.5678503987
                   072745.2577901149
                   060574.2295144936
                   048323.6546215195
                   037778.1398508224
                   026960.0573568729
                   020775.5667558197
                   016519.989971761
                   013648.7797371302
                   011963.0751399429
                   011168.901376905
                   0121978.847903706
                   0119427.966225256
                   0114365.512340154
                   0106916.055786209
                   097483.846723043
                   086481.9088132512
                   074657.6415011072
                   062091.5802201731
                   049418.8341210913
                   038569.2014698756
                   027528.8943296127
                   021218.9655251213
                   016879.5997217996
                   013947.9525359363
                   012225.0708348068
                   011413.6124122843
                   0125280.490525156
                   0122646.472132208
                   0117421.19323141
                   0109736.251165523
                   0100012.46320825
                   088677.7823505413
                   076494.2139868185
                   063539.4205000328
                   050459.3759179617
                   039312.0918658646
                   028067.2710352818
                   021643.0269831916
                   017219.9301459957
                   014231.92244867
                   012473.7209928609
                   011645.8158465275
                   0128485.269708189
                   0125769.922182252
                   0120386.096968049
                   0112472.86886511
                   0102464.420368278
                   090804.0134224311
                   078270.7150249607
                   064937.9508863822
                   051450.9934240147
                   040004.2789843655
                   028585.7951234171
                   022051.4799434205
                   017545.4482261022
                   014503.9780595687
                   012711.9519171076
                   011868.0662905191
                   0131567.657897155
                   0128774.337841873
                   0123237.10710512
                   0115102.813323511
                   0104819.256915263
                   092846.5433090651
                   079973.0653914446
                   066272.0595789642
                   052390.0557330757
                   040463.5707733229
                   029076.3544629111
                   022442.063226168
                   017854.1090802495
                   014762.0618389956
                   012937.988242089
                   012078.9209449966
                   0134547.066640382
                   0131678.163481835
                   0125992.333641121
                   0117644.336126994
                   0107094.696901053
                   094815.638107881
                   081611.8162121546
                   067552.0941338873
                   053280.6637094532
                   040444.4968903195
                   029544.7041636934
                   022813.8390814082
                   018148.3966125199
                   015008.0154846973
                   013153.2676948303
                   012279.7980853535
                   0137408.846999803
                   0134467.304569511
                   0128638.303722946
                   0120083.832732326
                   0109277.989787171
                   096703.4227843401
                   083181.9719336436
                   068774.0328362561
                   054115.1457369369
                   039863.4139673015
                   029983.0234596173
                   023167.5227542964
                   018428.7753343497
                   015241.4820813686
                   013357.7712594062
                   012470.7233970191
                   0140212.374203065
                   0137199.051190201
                   0131229.585730792
                   0122473.467966939
                   0111413.560868676
                   098552.5995280427
                   084714.869720099
                   069964.7398451108
                   054911.8578756166
                   039594.3945522229
                   030397.0761030062
                   023513.1216222063
                   018700.8873133248
                   015468.2166219172
                   013556.1549134462
                   012655.7574590572
                   0142972.550793664
                   0139888.545902624
                   0133781.308713672
                   0124823.72638321
                   0113519.101755617
                   0100372.034067215
                   086223.884772825
                   071132.9846102339
                   055679.6082534659
                   039940.2170500627
                   030796.304966439
                   023851.3014558013
                   018970.0433308644
                   015690.7916502965
                   013751.1698482641
                   012837.4767608485
                   0145788.095857422
                   0142632.564031013
                   0136385.474631574
                   0127226.585632561
                   0115669.536320557
                   0102233.784069746
                   087770.328111115
                   072329.579131373
                   056464.2425602095
                   040458.2256787761
                   031210.7619443487
                   024202.1434632035
                   019247.5427992699
                   015921.2413036416
                   013952.8089024604
                   013025.5666781906
                   0148885.562614818
                   0145653.603331031
                   0139254.230136578
                   0129877.112058518
                   0118045.499950397
                   0104297.22503999
                   089486.6921658779
                   073665.9726273204
                   057358.0451209995
                   041084.5029542921
                   031698.7636688083
                   024605.1368298973
                   019566.440450443
                   016185.5927203858
                   014183.7179348675
                   013241.1773941639
                   0152735.776727013
                   0149410.252106927
                   0142828.154999939
                   0133185.319397245
                   0121020.85980264
                   0106888.598313463
                   091658.4546015417
                   075373.2594463081
                   058468.0190860079
                   041934.8192258268
                   032358.6675944317
                   025137.3159497582
                   019988.5036299054
                   016534.6817790915
                   014489.2292273528
                   013526.0778820008
                   0156750.533388853
                   0153332.384328697
                   0146567.83270668
                   0136659.513023408
                   0124158.705301348
                   0109640.009220286
                   093992.6592737204
                   077250.6191031686
                   059736.8951175923
                   042935.6159780065
                   033132.7643378224
                   025746.260660283
                   020472.3481118188
                   016934.7852206783
                   014839.5741948362
                   013852.8460523054
                   0159387.089372411
                   0155910.251134554
                   0149029.228466094
                   0138952.060419793
                   0126240.103277335
                   0111470.140037757
                   095554.8812828475
                   078521.8568318305
                   060670.5582493791
                   043630.2448262694
                   033669.1485279157
                   026165.2928157347
                   020805.0463995342
                   017210.0526298278
                   015080.3950224451
                   014077.614853439
                   0162191.302179109
                   0158652.002358239
                   0151647.856429446
                   0141390.27261969
                   0128451.852451465
                   0113421.78054373
                   097217.284130549
                   079878.8085545933
                   061663.3665805914
                   044369.7679257349
                   034239.6168585072
                   026610.6977188942
                   021159.1883049691
                   017502.7310867128
                   015336.7798758751
                   014316.8491417039
                   0165228.569212374
                   0161621.212879865
                   0154484.086506933
                   0144031.351286284
                   0130847.985694942
                   0115531.762155349
                   099016.9058386207
                   081346.2509004974
                   062985.0582108116
                   045170.7490008651
                   034857.6303333543
                   027092.216166202
                   021541.9577323995
                   017819.0489036026
                   015614.0451915848
                   014575.3510189199
                   0168523.279812665
                   0164842.572449069
                   0157553.454180798
                   0146889.341127089
                   0133440.256876985
                   0117814.144642528
                   0100968.175570441
                   082931.8084377019
                   063910.7621479247
                   046037.7199649642
                   035526.8664123143
                   027613.599310013
                   021956.1867225078
                   018161.2823352557
                   015913.6889742653
                   014855.1144521527
                   0172069.20181017
                   0168310.070254149
                   0160871.491068983
                   0149978.534785092
                   0136235.614881809
                   0120277.093161509
                   0103070.485415537
                   084642.8714652461
                   065155.890224382
                   046970.1084648504
                   036246.988935644
                   028175.2293372767
                   022402.2229413986
                   018529.8684300609
                   016236.53711685
                   015156.4256351805
                   0175918.850448164
                   0172073.893887593
                   0164466.223392765
                   0153325.908962271
                   0139275.094235748
                   0122949.912050681
                   0105350.225558153
                   086499.2431500705
                   066509.0795459434
                   047982.9538831269
                   037028.5529562612
                   028784.170296771
                   022885.8351451866
                   018929.5220675821
                   016586.5746786851
                   015482.955413736
                   0180075.972043963
                   0176138.405681716
                   0168347.437056963
                   0156940.02838592
                   0142552.278406614
                   0125838.06117822
                   0107812.596707199
                   088502.6539519412
                   067969.6884238572
                   049075.3159932744
                   037872.4566224489
                   029441.1999318299
                   023407.1730945275
                   019360.8231391693
                   016964.1187156134
                   015835.2208533746
                   0184605.689590347
                   0180566.678303806
                   0172576.902947173
                   0160877.25166364
                   0146122.014718332
                   0128980.981764388
                   0110495.201239983
                   090684.7691346461
                   069558.2091639322
                   050265.3682006043
                   038791.6766565865
                   030157.0994885436
                   023975.2753644119
                   019829.4419237333
                   017374.9190951537
                   016218.4123885811
                   0189535.629161449
                   0185386.869910169
                   0177179.87106335
                   0165164.174429266
                   0150009.45388413
                   0132403.66726986
                   0113414.34341542
                   093058.6268301185
                   071284.702867198
                   051560.0302685717
                   039790.8030190897
                   030934.7799316207
                   024592.4730796824
                   020339.9531277535
                   017821.7686216512
                   016635.403256139
                   0194900.665303013
                   0190632.614699387
                   0182189.016276131
                   0169829.082485422
                   0154239.14226889
                   0136126.480567152
                   0116590.277972344
                   095640.2282977716
                   073159.8878694946
                   052967.3690332316
                   040877.6101865242
                   031780.7744912721
                   025263.9427776143
                   020894.7667217763
                   018307.3418405535
                   017088.3217320891
                   0200741.382274732
                   0196343.249825174
                   0187643.711510781
                   0174908.438415218
                   0158843.167237694
                   0140180.477054003
                   0120045.666288717
                   098449.2486092573
                   075196.5714344585
                   054499.1638122545
                   042058.823415658
                   032700.2878524388
                   025993.2645056704
                   021496.9981728667
                   018835.1704151455
                   017580.7872356626
                   0207116.84635341
                   0202576.5801736
                   0193595.711868323
                   0180450.069676807
                   0163867.598399106
                   0144604.578029331
                   0123816.339027501
                   0101512.04100426
                   077414.8053982186
                   056168.371309548
                   043346.3077259307
                   033702.5972749404
                   026789.475423728
                   022154.3214574783
                   019410.4515309149
                   018117.4077712209
                   0214070.219161631
                   0209374.678066941
                   0200088.259902274
                   0186494.138926737
                   0169346.901545961
                   0149427.431187174
                   0127927.755295957
                   0104849.67295405
                   079825.3933332538
                   057984.6279823858
                   044747.6539951653
                   034792.9450774001
                   027654.4370827471
                   022868.891951724
                   020036.175001558
                   018701.0391449903
                   0221686.096305011
                   0216820.799847016
                   0207199.414505106
                   0193113.105881367
                   0175348.357992459
                   0154709.390485926
                   0132429.977425309
                   0108503.688925313
                   082459.7329504711
                   059973.7816277184
                   046282.3558879531
                   035986.4499337027
                   028601.8544693503
                   023650.9924797882
                   020721.1815720011
                   019340.0330461589
                   0230033.918456805
                   0224983.089166983
                   0214991.843489007
                   0200367.663213944
                   0181924.977027318
                   0160496.99047711
                   0137363.086078712
                   0112505.532771618
                   085337.5162043236
                   062150.7440252114
                   047962.9545118754
                   037292.8741089557
                   029638.0749296138
                   024506.438893673
                   021470.0387465413
                   020038.892205558
                   0239180.853605578
                   0233924.332013573
                   0223528.727502615
                   0208317.284283967
                   0189129.849108299
                   0166835.663655357
                   0142766.791552889
                   0116884.388420313
                   088482.2204158009
                   064532.1644085235
                   049801.2818799331
                   038721.5266852882
                   030770.994278838
                   025442.3801364987
                   022289.3154581163
                   020802.9193331171
                   0249250.327811647
                   0243769.071306775
                   0232929.025150966
                   0217059.818874988
                   0197053.55710395
                   0173807.822790556
                   0148704.784504375
                   0121695.943019286
                   091930.0689333771
                   067148.5494943855
                   051818.7909043191
                   040290.3927158084
                   032015.7103009607
                   026468.9017200795
                   023188.0910372644
                   021641.4644704705
                   0260300.984890016
                   0254571.966608593
                   0243242.891839725
                   0226665.675726323
                   0205752.845310304
                   0181462.767851436
                   0155222.257757308
                   0126976.284790805
                   095700.0223463257
                   070013.9760104856
                   054028.4461940976
                   042009.0245468591
                   033378.7683011111
                   027594.3070695035
                   024173.0200238101
                   022559.7174251296
                   0272508.97777909
                   0266506.116428042
                   0254635.929814218
                   0237270.903826303
                   0215363.388607323
                   0189915.03749394
                   0162417.720637649
                   0132800.481193919
                   099851.0986142946
                   073175.2590956518
                   056467.0904285197
                   043902.9853482486
                   034881.547547567
                   028834.8923952884
                   025258.6609145189
                   023572.0400043885
                   0285985.991332925
                   0279680.16206411
                   0267213.508249276
                   0248976.047809907
                   0225968.259562706
                   0199241.115327901
                   0170357.219014518
                   0139219.347055016
                   0104415.817347385
                   076656.0824172483
                   059153.6328048371
                   045990.6878293314
                   036536.7902522351
                   030200.2376343108
                   026453.7584829392
                   024686.552083494
                   0300901.300229794
                   0294261.386452644
                   0281133.416075927
                   0261930.535406483
                   0237703.989946974
                   0209559.686760807
                   0179136.486674551
                   0146313.395231452
                   0109446.97893698
                   080502.6588638961
                   062120.0411124236
                   048295.5717861413
                   038363.7634454857
                   031707.6523495454
                   027772.7992474948
                   025916.8205953898
                   0317429.029759282
                   0310417.570933756
                   0296556.510372686
                   0276282.437330665
                   0250708.658074784
                   0220987.613894823
                   0188855.341284195
                   0154162.066888578
                   0114998.668355339
                   084756.3032413284
                   065400.3521286919
                   050843.9530790826
                   040383.349395035
                   033372.9539638932
                   029230.2456985862
                   027275.8082937486
                   0335793.093011188
                   0328367.828854304
                   0313690.253127325
                   0292224.451701145
                   0265148.86972258
                   0233678.665484341
                   0199644.93145899
                   0162865.462680513
                   0121138.717298203
                   089467.6897669128
                   069033.6582814085
                   053665.6529801731
                   042619.4130138944
                   035217.1655370821
                   030844.2928837695
                   028780.1426938752
                   0356199.858713673
                   0348314.424765708
                   0332728.562484273
                   0309937.023582802
                   0281189.559682192
                   0247773.287118888
                   0211622.821995555
                   0172520.606356692
                   0127930.774089157
                   094691.4650841943
                   073061.7463625772
                   056793.6016792172
                   045097.7283792726
                   037260.3259817164
                   032631.3488633974
                   030446.7925852823
                   0378993.648225628
                   0370592.461643084
                   0353992.825413228
                   0329718.536797827
                   0299101.199607085
                   0263511.840117305
                   0224989.031229038
                   0183281.694085539
                   0135483.607852983
                   0100509.462409921
                   077550.8323562116
                   060275.7824499393
                   047856.4324899322
                   039534.0340403923
                   034621.242329169
                   032301.0372754256
                   0404469.719835224
                   0395492.813840954
                   0377755.901539955
                   0351823.265853224
                   0319112.489023976
                   0281088.01357063
                   0239909.562098615
                   0195282.17129888
                   0143885.126186566
                   0106995.695940852
                   082550.6708313196
                   064156.4427232907
                   050929.0785586806
                   042066.6677745377
                   036836.2232152018
                   034365.8600752768
                   0433014.647662663
                   0423391.512620436
                   0404377.63319966
                   0376584.35092812
                   0341524.672643784
                   0300766.954116176
                   0256607.878598375
                   0208695.856569143
                   0153255.489084532
                   0114241.224521409
                   088136.0520977848
                   068490.3837321891
                   054360.02413397
                   044893.9878134499
                   039309.4933261308
                   036670.7113491789
                   0465052.896993928
                   0454701.729209401
                   0434242.255858895
                   0404357.423474826
                   0366657.955374315
                   0322828.765316149
                   0275317.583145795
                   0223706.041435173
                   0163718.013042007
                   0122344.793693331
                   094381.0567098217
                   073334.7863423107
                   058194.6606986567
                   048053.313903642
                   042071.9828210428
                   039245.7612395434
                   0501205.548138124
                   0490032.322801698
                   0467947.85879838
                   0435697.861553142
                   0395013.506335389
                   0347709.166400162
                   0296404.850135163
                   0240598.431893724
                   0175470.999228917
                   0131461.988316637
                   0101407.68730163
                   078784.1846432365
                   062506.4270345423
                   051604.6852733724
                   045177.6327671386
                   042139.3836631407
                   0542038.526149566
                   0529935.18064812
                   0506026.859262033
                   0471084.153879829
                   0427023.408182878
                   0375787.701935979
                   0320191.002022816
                   0259626.540899082
                   0188681.212431009
                   0141726.443570924
                   0109314.989044898
                   084915.9389704805
                   067358.3694798423
                   055599.4050237844
                   048670.0186323056
                   045393.9806590447
                   0588252.508281986
                   0575094.322749669
                   0549105.369287741
                   0511137.597642079
                   0463230.865137871
                   0407535.606614526
                   0347064.213804667
                   0281091.533663401
                   0203560.852863569
                   0153303.051059548
                   0118234.607983805
                   091830.1703205798
                   072825.8363042306
                   060100.642301832
                   052605.3079536761
                   049060.2911975818
                   0640726.816121284
                   0626367.10647786
                   0598009.299511801
                   0556587.43981145
                   0504317.465167603
                   0443546.637555251
                   0377522.552218568
                   0305376.400399844
                   0220378.096800867
                   0166399.149341411
                   0128321.92973813
                   099648.2288118925
                   079006.9806711235
                   065187.8468280773
                   057051.5390210824
                   053202.4600234943
                   0700472.032782663
                   0684741.8349816
                   0653679.419049113
                   0608314.109495954
                   0551079.70833369
                   0484501.171851331
                   0412132.579338105
                   0332925.846839965
                   0239433.459958187
                   0181254.948387338
                   0139762.253219043
                   0108513.756170571
                   086016.0389293727
                   070954.7452292623
                   062091.1945995303
                   057896.9564952618
                   0768643.351947732
                   0751343.834068634
                   0717188.748816376
                   0667312.821633437
                   0604385.300308035
                   0531175.32517258
                   0451543.582835242
                   0364231.762560565
                   0261077.069935559
                   0198135.574995392
                   0152763.742737232
                   0118586.116148383
                   093974.3964809223
                   077501.7613634137
                   067812.1181995643
                   063225.2554020965
                   0846549.74452894
                   0827453.10449782
                   0789752.127688314
                   0734708.420171552
                   0665261.146417656
                   0584450.121848649
                   0496486.577108279
                   0399868.515024428
                   0285705.748474
                   0217359.082548529
                   0167563.050481454
                   0130049.183046805
                   0103032.638049332
                   084950.998040492
                   074319.8090971683
                   069285.9740217259
                   0936165.167958777
                   0914995.574826096
                   0873201.986098736
                   0812193.911689156
                   0735220.903975052
                   0645657.304278689
                   0548052.216436111
                   0440661.276700721
                   0313901.768373368
                   0239368.766700864
                   0184506.520152402
                   0143174.34616001
                   0113399.542767121
                   093474.7564300317
                   081764.8703202293
                   076219.5280892037
                   01039405.09645838
                   01015837.59273928
                   0969313.688696723
                   0901413.490002523
                   0815740.454386547
                   0716042.999586591
                   0607300.124694123
                   0487424.130314293
                   0346269.42868976
                   0264601.33870007
                   0203935.332752701
                   0158220.303501144
                   0125280.004904861
                   0103241.968926959
                   090295.3089227292
                   084162.278300415
                   01158579.92719683
                   01132201.14953667
                   01080197.0187347
                   01004313.28267852
                   0908567.603827352
                   0797134.641337838
                   0675473.552871913
                   0541095.021711538
                   0383343.40346459
                   0293576.088810026
                   0226237.403996661
                   0175492.026465989
                   0138918.849134848
                   0114451.896010337
                   0100083.544137194
                   093276.9935494875
                   01296347.79296702
                   01266770.07290883
                   01208363.74753536
                   01123214.30681918
                   01015776.84110239
                   0890717.580647021
                   0754051.518073546
                   0602798.098553309
                   0426015.072109016
                   0326880.164078123
                   0251885.13771679
                   0195350.752731719
                   0154596.954742404
                   0127336.324103009
                   0111332.666064999
                   0103749.155554489
                   01456177.90084299
                   01422841.59036913
                   01357045.71382238
                   01261059.75544948
                   01139999.69701906
                   0999066.154601031
                   0844891.37832931
                   0673925.376651156
                   0475227.687324602
                   0365277.851983012
                   0281451.550629056
                   0218247.780908914
                   0172670.753738717
                   0142188.420378919
                   0124297.013241085
                   0115818.659710882
                   01642081.78960335
                   01604348.55684559
                   01529883.6616333
                   01421305.52352367
                   01284279.47136072
                   01124795.94750413
                   0950166.380053768
                   0756101.126007636
                   0532068.338199978
                   0409614.389096286
                   0315606.466288829
                   0244700.995547005
                   0193548.669986093
                   0159340.464020999
                   0139268.853366691
                   0129754.51205092
                   01858874.31743078
                   01815984.278264
                   01731352.46990379
                   01607974.15073887
                   01452272.62318929
                   01271033.29233756
                   01072374.6860618
                   0851170.995794164
                   0597893.141835243
                   0460888.480927375
                   0355120.352201104
                   0275300.807531679
                   0217698.928239483
                   0179177.84173064
                   0156584.150992191
                   0145871.210728108
                   02111888.40861808
                   02062944.12664174
                   01966365.58225112
                   01825613.92561261
                   01648035.01542078
                   01441207.45571202
                   01214310.21754664
                   0961182.379148515
                   0674017.572145286
                   0520162.293931159
                   0400813.868643345
                   0310695.00520786
                   0245634.814571424
                   0202123.453289309
                   0176607.684067174
                   0164509.305356692
                   02407301.68737845
                   02351234.88129669
                   02240611.9189093
                   02079441.29412348
                   01876111.42566235
                   01639245.72718198
                   01379126.66644115
                   01088419.9603493
                   0761892.710943147
                   0588631.580460225
                   0453621.992860602
                   0351604.563466889
                   0277918.450126708
                   0228638.172948362
                   0199744.289128125
                   0186042.470557925
                   02753338.08917161
                   02688858.47435185
                   02561652.81640805
                   02376389.30235134
                   02142674.85768017
                   01870361.5881439
                   01570992.19592054
                   01235870.77173367
                   0863490.540025279
                   0667826.996541325
                   0514734.251582703
                   0398954.858075806
                   0315286.607103253
                   0259329.906304098
                   0226522.121184485
                   0210961.524057806
                   03159366.0451113
                   03084926.30648647
                   02938093.69812063
                   02724315.95787855
                   02454656.03139946
                   02140456.82898012
                   01794548.51971087
                   01406827.77797178
                   0980901.57218984
                   0759433.20803436
                   0585468.000765802
                   0453775.012364387
                   0358549.504001589
                   0294852.106116079
                   0257513.763388609
                   0239800.30523149
                   03635691.00195829
                   03549347.33270558
                   03379260.64084026
                   03131735.72975654
                   02819529.38828967
                   02455700.59689318
                   02054683.23286309
                   01604653.82367778
                   01116230.78018467
                   0865116.383257352
                   0667119.433070163
                   0517072.331983352
                   0408500.491204514
                   0335868.883789477
                   0293294.153690953
                   0273090.738034036
                   04193131.54551752
                   04092907.34681834
                   03895274.29962476
                   03607726.29670158
                   03245199.87900009
                   02822660.95140266
                   02356394.97457569
                   01832638.27686661
                   01271457.13144164
                   0986452.769794324
                   0760947.777135997
                   0589828.039337205
                   0465915.934163825
                   0383005.366969832
                   0334409.335768327
                   0311343.944921825
                   04842454.25702079
                   04725745.73674025
                   04495639.07211659
                   04160992.48666426
                   03739163.04356759
                   03247419.54779504
                   02704145.27570904
                   02093499.69224599
                   01448127.15644375
                   01124659.63673442
                   0867901.106346654
                   0672788.868971528
                   0531388.951048811
                   0436747.377923419
                   0381282.253949719
                   0354945.562323153
                   05598637.48344522
                   05462460.80517346
                   05193987.27820033
                   04803894.22882648
                   04311948.55034514
                   03738523.34549467
                   03104326.30707829
                   02391185.97352699
                   01648424.01603233
                   01281523.37009982
                   0989413.893309037
                   0767074.832920769
                   0605787.683986092
                   0497814.739653317
                   0434532.889543227
                   0404474.961169779
                   06468634.65053675
                   06309688.11506164
                   05996353.44896994
                   05541371.77736686
                   04967618.44744131
                   04298746.88967632
                   03558162.40471939
                   02725507.46294822
                   01871589.29425792
                   01456549.77559538
                   01125142.60986573
                   0872430.972618611
                   0688922.453789892
                   0566039.159320504
                   0494013.659145479
                   0459793.796939389
                   07461119.36698714
                   07275716.93423688
                   06910231.68066171
                   06379904.15575448
                   05711320.83719488
                   04931500.27455542
                   04067246.91776969
                   03096258.75479378
                   02116734.40661928
                   01649160.60208026
                   01274671.6591399
                   0988551.152182034
                   0780556.573495382
                   0641221.042887613
                   0559547.431651018
                   0520728.150282712
                   07425967.95258466
                   07239264.36903323
                   06871173.6526563
                   06337949.91981209
                   05665026.57057602
                   04880162.61713187
                   04009595.80702965
                   03032749.81687695
                   02063791.92580734
                   01609528.66732097
                   01244810.48988312
                   0965598.399511941
                   0762386.764950366
                   0626199.761165375
                   0546368.467850979
                   0508405.352597538
                   07179594.87637991
                   06997126.54283028
                   06637272.77514836
                   06116031.90934547
                   05459075.39009779
                   04692384.96373751
                   03841407.32002419
                   02888049.49329194
                   01956769.12617962
                   01527423.74455398
                   01181980.30369153
                   0917039.650102949
                   0724021.392926151
                   0594610.874887118
                   0518745.545369059
                   0482660.150920761
                   06918504.72259194
                   06740900.93956993
                   06390993.47978131
                   05883303.79274731
                   05243819.78029073
                   04497912.28772034
                   03669255.55256025
                   02743045.42919865
                   01850985.33392197
                   01445970.19076966
                   01119546.49817931
                   0868767.438051678
                   0685881.408250452
                   0563227.857232561
                   0491315.316638205
                   0457095.916021708
                   06644038.32164805
                   06471830.5224664
                   06131964.98987255
                   05640183.17707414
                   05020368.27103826
                   04297357.41201897
                   03494102.25709842
                   02597651.87242814
                   01746276.8500883
                   01365136.03600366
                   01057470.40244899
                   0820741.203692494
                   0647947.988862365
                   0532026.869413404
                   0464051.281919834
                   0431696.72020928
                   06355423.31197502
                   06189206.65758025
                   05861147.15886725
                   05386137.35777998
                   04788031.51515313
                   04090118.31018594
                   03314190.72808132
                   02451222.64379244
                   01642144.98950579
                   01284556.27333188
                   0995501.563140087
                   0772773.411200138
                   0610065.570765363
                   0500874.548571266
                   0436840.738913713
                   0406352.244148674
                   06052689.2172026
                   05896742.1855546
                   05577295.82782696
                   05121409.99317474
                   04546418.39476669
                   03878490.2571265
                   03130565.82888545
                   02303530.94152248
                   01538373.37493208
                   01204091.27733938
                   0933534.287268022
                   0724783.877678037
                   0572165.724536607
                   0469718.977155296
                   0409635.2579314
                   0381017.476338381
                   05735232.9845588
                   05582369.59047716
                   05280611.30893678
                   04844747.19318296
                   04295319.05959067
                   03654645.86218073
                   02942244.78198943
                   02154010.16243644
                   01434496.22648685
                   01123405.25881181
                   0871322.456511759
                   0676576.817625484
                   0534099.38874125
                   0438435.000087164
                   0382320.970166866
                   0355588.221132357
                   05404125.8502668
                   05258544.474586
                   04971801.36875516
                   04557563.8474668
                   04035435.80019883
                   03426514.81899591
                   02749715.90195299
                   02002973.82148043
                   01330673.5510346
                   01042632.06738984
                   0808970.002509877
                   0628250.001254472
                   0495937.486862646
                   0407075.716539402
                   0354948.558819641
                   0330109.513320816
                   05060077.93672901
                   04922228.92165752
                   04651497.09146982
                   04260451.52525884
                   03767295.85047896
                   03192121.97276014
                   02553510.74195223
                   01850494.85745455
                   01226886.44730969
                   0961773.746524302
                   0746488.176858056
                   0579798.392780537
                   0457681.36708457
                   0375645.614398174
                   0327519.468757155
                   0304580.888224216
                   04704076.67848437
                   04574592.28248043
                   04320603.67597181
                   03953751.17041325
                   03491455.96941709
                   02952161.68385894
                   02353511.26547873
                   01696956.39624699
                   01123318.93510486
                   0880983.332633975
                   0684004.753611219
                   0531333.767460921
                   0419413.73975058
                   0344213.978553422
                   0300092.01514481
                   0279057.279270592
                   04340319.21539804
                   04218804.61899118
                   03982119.69806678
                   03640830.5019126
                   03210404.78905749
                   02708596.29260814
                   02151947.42863393
                   01543484.77042308
                   01020639.56674698
                   0800797.677782327
                   0621940.262942428
                   0483178.507211187
                   0381393.888881018
                   0312988.433436066
                   0272849.843592692
                   0253709.574185805
                   03967823.61986541
                   03856087.53480625
                   03637827.53810884
                   03322850.05210298
                   02925694.95097367
                   02462674.90306555
                   01949498.02708067
                   01390760.76299771
                   0919203.025458346
                   0721504.956242251
                   0560522.203712956
                   0435509.304832974
                   0343758.915192852
                   0282083.426887848
                   0245891.916991213
                   0228630.055839912
                   03592938.05725463
                   03490444.34131703
                   03290931.06696073
                   03002856.46416877
                   02639814.682529
                   02216521.09014472
                   01747905.62357269
                   01240001.63112492
                   0819713.541797831
                   0643664.268297557
                   0500189.403241324
                   0388673.255760817
                   0306782.652060481
                   0251723.729915937
                   0219412.114901538
                   0203997.341401655
                   03220825.35191943
                   03124926.25209448
                   02944452.80545759
                   02683691.57778938
                   02354981.84934127
                   01972118.41072279
                   01548782.71533176
                   01092403.08196137
                   0722804.757722483
                   0567785.408353363
                   0441345.1164416
                   0342982.278017107
                   0270711.759869902
                   0222111.455876074
                   0193587.924569072
                   0179977.033014322
                   02848368.71224295
                   02764528.96549269
                   02602596.59861411
                   02369638.14584938
                   02075373.60437724
                   01732694.09664295
                   01354694.32633106
                   0949766.418616285
                   0629566.381494589
                   0494724.93610595
                   0384656.707324013
                   0298958.328421353
                   0235958.788155243
                   0193585.612517524
                   0168713.923594172
                   0156842.681772477
                   02486762.74304663
                   02413093.39679731
                   02270170.07512962
                   02063657.7796183
                   01803590.97860468
                   01501015.99833376
                   01167799.37678826
                   0813781.115900481
                   0540867.874657141
                   0425179.323871799
                   0330670.330316815
                   0257026.044551072
                   0202857.818301275
                   0166418.057565944
                   0145027.145961191
                   0134815.732660329
                   02140825.09302981
                   02076691.31083123
                   01951551.09638999
                   01771316.40241878
                   01544290.00841552
                   01280426.27459779
                   0990825.449009385
                   0686286.675078726
                   0457768.155814295
                   0359980.320401921
                   0280038.716256822
                   0217690.302251413
                   0171808.975822923
                   0140938.394793916
                   0122814.582390883
                   0114160.792565118
                   01812961.98451379
                   01757467.40595549
                   01649856.52437086
                   01494594.30195166
                   01299357.58991185
                   01072757.3883184
                   0825671.72731248
                   0568257.66731205
                   0380734.839119666
                   0299509.580177164
                   0233056.33057714
                   0181187.327923487
                   0142996.864809892
                   0117294.863122201
                   0102204.972116741
                   094998.5911979455
                   01508735.57130455
                   01461887.9109145
                   01370388.49018675
                   01238744.58827393
                   01073187.83539253
                   0881645.948991253
                   0673403.60729797
                   0461608.016285662
                   0310876.160637867
                   0244639.383025854
                   0190410.089572593
                   0148048.327746192
                   0116839.726308749
                   095833.9228287786
                   083499.483573859
                   077607.2916343145
                   01231408.1623563
                   01192024.93800407
                   01115700.56195566
                   01005779.64499244
                   0867853.796240086
                   0708777.127135025
                   0537236.957288324
                   0367000.640730485
                   0248551.273553576
                   0195661.801405278
                   0152329.210559292
                   0118451.218878945
                   093480.394266167
                   076669.113070156
                   066796.9112100007
                   062079.7892338704
                   0983129.8755062
                   0950984.473057542
                   0888172.881643808
                   0798016.60988301
                   0685193.082616934
                   0555708.345148414
                   0417691.072725596
                   0284921.357906053
                   0194064.780731291
                   0152822.092411345
                   0119008.284865269
                   092550.2555489992
                   073038.1291566837
                   059899.1723917365
                   052182.695334514
                   048495.0544161678
                   0765606.843812678
                   0739490.748830568
                   0688958.962462056
                   0616499.595089035
                   0526064.732628505
                   0423501.451551965
                   0315219.179405528
                   0215247.30588576
                   0147409.035065588
                   0116123.175976569
                   090453.358647666
                   070350.5081742069
                   055517.6921069218
                   045527.2767314705
                   039659.2047557998
                   036854.1731102952
                   0579164.147084077
                   0558694.574901741
                   0518776.701182066
                   0461734.00815171
                   0391102.140932665
                   0311538.11872522
                   0229942.246529318
                   0157626.239639398
                   0108485.524181111
                   085490.1267051149
                   066609.7152053331
                   051810.8999569778
                   040885.8971340062
                   033525.8287982359
                   029202.1863825433
                   027134.956034727
                   0423564.766416841
                   0407637.154038185
                   0376939.231230466
                   0333634.32189615
                   0279631.72192058
                   0220180.210758621
                   0161183.397355295
                   0111230.906198033
                   076889.382660804
                   060612.8797830801
                   047239.3325802193
                   036747.3188673804
                   028997.7976133666
                   023775.6477876536
                   020707.6429150909
                   019240.2178184016
                   0296290.329310716
                   0284501.091981909
                   0261624.476118083
                   0229401.76738141
                   0190300.940632854
                   0147784.70659168
                   0107443.665132137
                   074805.4274686253
                   051910.2607583045
                   040935.7937764025
                   031912.2616662281
                   024826.6648565868
                   019590.0823837051
                   016060.6666276083
                   013986.701320051
                   012994.4190117306
                   0194473.320342604
                   0185996.760249426
                   0169818.950403859
                   0147244.107044336
                   0120370.034306197
                   092162.7827784626
                   066717.960304981
                   046930.7199735659
                   032681.3838499981
                   025781.2558494954
                   020103.7275336914
                   015641.1508532743
                   012341.5077502564
                   010116.7754327351
                   08809.187189973
                   08183.56090849731
