              102353                 340
                 160
    5339499999.99999    5006048181.56798    4694834386.17908     4404375551.9889    4133287523.08679    3880278453.42319    3644142650.63143    3423754830.40722    3218064754.06581     3026092223.7223    2846922411.24519    2679701498.72381    2523632609.67446    2377972011.59593    2242025571.77804    2115145449.47348    1996727008.66999    1886205936.75086    1783055555.31303    1686784310.32767    1596933429.68293    1513074736.94594    1434808610.92584    1361762081.31434    1293587051.32867    1229958638.88707    1170573628.41199    1115149025.88302    1063420710.25388    1015142174.80693    970083352.447181    928029519.337887    888780271.653059     852148570.57075    817959850.956071    786051189.486468     756270528.25502    728475950.151918    702535002.571022    678324066.218666    655727766.016837    634638421.293436    614955532.639546    596585302.988383    579440190.633658    563438492.057314    548503952.578627    534565402.969263    521556420.302608    509415011.421182    498083317.513724    487507338.394137    477636675.168376    468424290.062966    459826282.270656    451801678.744993    444312238.946896    437322272.612741    430798469.675567    424709741.528891    419027072.876705    413723383.463642    408773399.026417    404153530.851552    399841763.365451    395817549.221131    392061711.381647    388556351.733625    385284765.795381     382231363.11319    379381592.966356    376721875.027037    374239534.644394    371922742.444663    369760457.959318    367742377.012693    365858882.618348    364100999.150164     362460349.56979    360929115.506614           359500000    359348101.265823    359196202.531646    359044303.797468    358892405.063291    358740506.329114    358588607.594937    358436708.860759    358284810.126582    358132911.392405    357981012.658228    357829113.924051    357677215.189873    357525316.455696    357373417.721519    357221518.987342    357069620.253165    356917721.518987     356765822.78481    356613924.050633    356462025.316456    356310126.582278    356158227.848101    356006329.113924    355854430.379747     355702531.64557    355550632.911392    355398734.177215    355246835.443038    355094936.708861    354943037.974684    354791139.240506    354639240.506329    354487341.772152    354335443.037975    354183544.303797     354031645.56962    353879746.835443    353727848.101266    353575949.367089    353424050.632911    353272151.898734    353120253.164557     352968354.43038    352816455.696203    352664556.962025    352512658.227848    352360759.493671    352208860.759494    352056962.025316    351905063.291139    351753164.556962    351601265.822785    351449367.088608     351297468.35443    351145569.620253    350993670.886076    350841772.151899    350689873.417722    350537974.683544    350386075.949367     350234177.21519    350082278.481013    349930379.746835    349778481.012658    349626582.278481    349474683.544304    349322784.810127    349170886.075949    349018987.341772    348867088.607595    348715189.873418    348563291.139241    348411392.405063    348259493.670886    348107594.936709    347955696.202532    347803797.468354    347651898.734177           347500000
                  17
                   0   0.196349540849363   0.392699081698725   0.589048622548088    0.78539816339745   0.981747704246813    1.17809724509618    1.37444678594554     1.5707963267949    1.76714586764426    1.96349540849363    2.15984494934299    2.35619449019235    2.55254403104171    2.74889357189108    2.94524311274044     3.1415926535898
                   2
                   0     6.2831853071796
                   033.140797103323
                   033.1181176327176
                   033.0735182566307
                   033.0065653871976
                   032.9148117769028
                   032.7930916333008
                   032.6361835261382
                   032.4281444711774
                   032.1593963684651
                   031.7958634531442
                   031.2826275633435
                   030.4971274375062
                   029.1788092946928
                   026.6050543267415
                   020.1644881530015
                   02.95085167935243
                   038.8399857534115
                   038.8117955581415
                   038.7561001833221
                   038.6711380839481
                   038.5538447249311
                   038.3977142978082
                   038.1949604885289
                   037.9280610282191
                   037.584330656009
                   037.1179048736102
                   036.4599605892178
                   035.455523834093
                   033.7727650232733
                   030.4991157020584
                   022.4498560873735
                   03.18810153008441
                   045.5042568630903
                   045.4690718896438
                   045.3989246106262
                   045.2911476752745
                   045.1411361569366
                   044.9404939290659
                   044.6790326811446
                   044.3363779575902
                   043.8961026211211
                   043.2980259562193
                   042.4552687241031
                   041.1703722756234
                   039.0233119060869
                   034.874900806328
                   024.8693669540563
                   03.50582637629204
                   053.3133772017069
                   053.2691829249574
                   053.1802303527462
                   053.0430106803533
                   052.8511125556428
                   052.5929990890401
                   052.2567287609562
                   051.8172331651806
                   051.2536029913819
                   050.4876324695911
                   049.4093268656178
                   047.7668827788779
                   045.028152583279
                   039.78625978196
                   027.4032042768436
                   03.92151201510156
                   062.4786838537526
                   062.422959776259
                   062.3098557478262
                   062.1343174838002
                   061.8882746581801
                   061.5556246976853
                   061.1251138523492
                   060.5628343498195
                   059.8404087900183
                   058.8594023751008
                   057.4810689915987
                   055.3823586390129
                   051.8993137237543
                   045.2884007894229
                   030.0367001903839
                   04.45978043228543
                   073.2388730723235
                   073.168002255278
                   073.0237149763843
                   072.7990216424865
                   072.4834780152039
                   072.0541970168887
                   071.504123863458
                   070.7853431788146
                   069.8591949046713
                   068.604069079985
                   066.8428273147337
                   064.1632941436139
                   059.7454879189467
                   051.4287128347747
                   032.7443753616863
                   05.14780538795201
                   085.88395115979
                   085.7937830192681
                   085.6085370744379
                   085.3205201463673
                   084.9156985879815
                   084.3622652593324
                   083.6601068927043
                   082.7425596149011
                   081.5567687353625
                   079.9527191089272
                   077.7040770696387
                   074.2887724990297
                   068.6927537322229
                   058.2543285640312
                   035.5094291172667
                   04.82387627715606
                   0100.744913747392
                   0100.62923868941
                   0100.393571705872
                   0100.024120882141
                   099.5038349792314
                   098.792189464379
                   097.8965518009838
                   096.7257309380602
                   095.2095052434699
                   093.1608338844917
                   090.2917315724369
                   085.9472577083589
                   078.8719655341881
                   065.8025764697993
                   038.3147489137325
                   06.05042049141207
                   0118.224998042065
                   0118.077049506877
                   0117.77550884192
                   0117.302731856021
                   0116.63613550466
                   0115.721656059354
                   0114.579958524681
                   0113.087358015785
                   0111.150992995811
                   0108.537218848054
                   0104.876108919974
                   099.362352734603
                   090.4358187561132
                   074.1173023544988
                   041.1710537235052
                   07.58448964042225
                   0138.781812042711
                   0138.59276932013
                   0138.206201615469
                   0137.601413814199
                   0136.746197652999
                   0135.574392250967
                   0134.120673414688
                   0132.21900910824
                   0129.749604184875
                   0126.419452083422
                   0121.755703589865
                   0114.7692361608
                   0103.528010627674
                   083.231543521147
                   044.0987138010519
                   09.48746490609522
                   0162.981646479064
                   0162.740053605057
                   0162.245426887851
                   0161.471529543382
                   0160.375207831431
                   0158.879522763492
                   0157.02815687515
                   0154.605337396145
                   0151.458910925568
                   0147.219471227355
                   0141.286723868071
                   0132.445086685824
                   0118.316870444995
                   093.175713317624
                   047.1606459417856
                   011.860782942889
                   0191.465306211556
                   0191.156275189019
                   0190.52320280636
                   0189.533239130911
                   0188.127090223305
                   0186.221068684809
                   0183.871253240135
                   0180.785972586646
                   0176.78044487379
                   0171.391198127818
                   0163.854292624299
                   0152.683191431343
                   0134.968675592634
                   0103.969646834668
                   050.4467563176326
                   014.7971066540441
                   0224.977978912444
                   0224.583030665049
                   0223.774434574873
                   0222.507070528926
                   0220.708422459366
                   0218.281557589936
                   0215.298091305208
                   0211.373630725036
                   0206.278745432399
                   0199.429444112109
                   0189.876508697774
                   0175.791871479736
                   0153.640797059949
                   0115.611089618222
                   054.0925422522051
                   018.411872820136
                   0264.466016857845
                   0263.959452602806
                   0262.927387471976
                   0261.293477472038
                   0258.990273135732
                   0255.892968091538
                   0252.0971630429
                   0247.098030169367
                   0240.612950890491
                   0231.903866778179
                   0219.816359395351
                   0202.066720430025
                   0174.456678100568
                   0128.065450647822
                   058.2377963139023
                   022.8131565893383
                   0310.863793129709
                   0310.22112134639
                   0308.891474901545
                   0306.820859373503
                   0303.872880043915
                   0299.948995734812
                   0295.132608407928
                   0288.783400200667
                   0280.556160684417
                   0269.508473130271
                   0254.22344047269
                   0231.970779240415
                   0197.661020909342
                   0141.469111921215
                   063.2494559173263
                   028.2810419498856
                   0365.49491380005
                   0364.668259771585
                   0362.995445892505
                   0360.332872542388
                   0356.59362284585
                   0351.597218443451
                   0345.495451832598
                   0337.447450802121
                   0327.008087557939
                   0313.027803842041
                   0293.770028326836
                   0265.891020580652
                   0223.393124006574
                   0155.823212806835
                   069.396278733889
                   034.9785668192665
                   0430.703759303135
                   0429.656978513869
                   0427.496959718404
                   0424.100599876409
                   0419.300898436075
                   0412.943431048162
                   0405.159473736701
                   0394.90732399804
                   0381.620952527295
                   0363.840736333338
                   0339.591971335221
                   0304.726367364231
                   0252.299992075777
                   0171.649165144372
                   077.3876014655311
                   043.5035752834625
                   0507.10707760227
                   0505.772198593337
                   0503.038986426593
                   0498.703730149704
                   0492.573164019024
                   0484.479652685978
                   0474.613568905208
                   0461.576767962971
                   0444.73425407124
                   0422.216284869657
                   0391.788127931223
                   0348.305425109228
                   0283.935012013118
                   0188.528512522484
                   087.1099753186351
                   053.6733281395846
                   0596.903945533917
                   0595.179699741556
                   0591.692516480101
                   0586.172781694282
                   0578.388763387056
                   0568.141929932819
                   0555.564406452919
                   0539.046116131486
                   0517.731454031716
                   0489.316593777288
                   0451.17176381252
                   0397.139727373185
                   0318.52582682403
                   0206.755078676827
                   098.9688459906397
                   065.8039218907422
                   0702.457126644422
                   0700.281067560782
                   0695.800391807809
                   0688.770995622298
                   0678.923727675253
                   0665.920668812093
                   0649.993772272276
                   0629.054476476026
                   0602.123573574634
                   0566.345001835809
                   0518.70081817176
                   0451.798358652692
                   0356.371309412814
                   0226.74625275263
                   0113.440178672951
                   080.3420959859679
                   0826.201608935116
                   0823.440222960315
                   0817.741870525807
                   0808.830149431774
                   0796.366657902618
                   0779.951198306016
                   0759.766797417735
                   0733.290260864864
                   0699.348263973916
                   0654.368525768383
                   0595.036215879954
                   0512.565926214296
                   0397.518060378446
                   0248.768413818885
                   0130.808353587192
                   097.5298231540433
                   0971.25434122586
                   0967.749369605779
                   0960.549574287346
                   0949.222852433482
                   0933.430041072903
                   0912.716253247737
                   0887.228915499883
                   0853.82192332402
                   0811.114911659754
                   0754.784751548885
                   0681.165656549927
                   0579.94341791201
                   0442.178480951146
                   0273.380124752004
                   0151.503761625722
                   0117.791520187603
                   01142.3876181768
                   01137.90229905904
                   01128.77118817687
                   01114.33390883823
                   01094.40270709541
                   01068.20649697506
                   01035.98566363425
                   0993.864448646107
                   0940.098121621616
                   0869.688858148671
                   0778.612628424579
                   0654.896335926922
                   0491.218164046855
                   0301.809761541715
                   0176.361471516928
                   0142.020561042452
                   01344.49006418994
                   01338.77986962248
                   01327.14471362091
                   01308.84404625318
                   01283.58569612258
                   01250.42084532116
                   01209.68603555438
                   01156.58999319429
                   01088.93914331762
                   01001.06935764976
                   0888.786255726551
                   0738.317238268381
                   0545.250483727602
                   0335.157609200639
                   0206.138274539138
                   0170.980999464325
                   01578.84437155172
                   01571.57976831633
                   01556.81549336728
                   01533.7501750322
                   01501.87296748827
                   01460.1830175619
                   01408.95063886234
                   01342.27035271622
                   01257.60118510083
                   01148.57586598442
                   01010.77998094405
                   0829.088616562955
                   0603.36972060047
                   0372.995140003926
                   0240.181386791783
                   0204.075180167545
                   01850.75697185459
                   01841.65256266528
                   01823.05396751643
                   01794.00571443125
                   01754.02613849917
                   01701.70002655746
                   01637.56094362618
                   01554.19199411896
                   01448.79343935771
                   01314.14775956461
                   01145.90794588647
                   0927.916206070106
                   0666.596386459628
                   0416.330280094835
                   0257.18165511949
                   0241.819681807737
                   02165.47433351558
                   02154.06350033692
                   02130.692848459
                   02094.32691829262
                   02044.41574709703
                   01979.14506960594
                   01899.13128101103
                   01795.17653290172
                   01664.44502696454
                   01498.8592589503
                   01294.49934299375
                   01035.00606751518
                   0735.376978774955
                   0465.971396478691
                   0302.835414568303
                   0284.499130519256
                   02538.46958795208
                   02524.14251773205
                   02494.71419178462
                   02449.08307522472
                   02386.397166206
                   02304.34356715886
                   02204.29833790574
                   02074.62720876703
                   01912.54105840565
                   01709.3495458843
                   01461.95907931814
                   01154.31746273158
                   0813.627416922134
                   0525.506259150895
                   0356.98088912787
                   0335.394720118364
                   02965.02639022843
                   02947.02512874597
                   02910.30719627827
                   02853.45423286853
                   02775.26765315716
                   02673.25387475985
                   02549.10906252697
                   02388.62480730628
                   02188.79800389023
                   01941.03712210625
                   01644.13627867522
                   01282.93575251583
                   0898.99335997575
                   0592.626631789533
                   0417.553718095528
                   0391.855340963603
                   03452.65097028048
                   03430.26921538753
                   03384.73498620712
                   03314.25044428198
                   03217.56686234617
                   03091.14233095108
                   02937.9531892531
                   02740.24249448729
                   02495.81419722992
                   02195.76669247166
                   01841.9004354985
                   01421.35134140674
                   0992.617907282616
                   0668.046910835046
                   0485.180326873356
                   0454.985878195702
                   04023.87887483114
                   03995.97527964105
                   03939.35301638323
                   03851.68015051418
                   03731.90401271062
                   03575.25006782819
                   03385.96797293149
                   03142.97725104579
                   02844.54560137255
                   02482.61127092885
                   02062.82966178216
                   01576.37996704448
                   01101.22061947431
                   0756.801497549653
                   0564.211164375038
                   0529.09727286602
                   04670.00857335795
                   04635.61201986496
                   04565.79463791044
                   04457.8513186164
                   04310.4182854815
                   04117.63496257077
                   03885.66722950641
                   03589.16089813621
                   03227.60152167574
                   02794.28490549009
                   02300.40060831356
                   01742.94944018719
                   01220.35979704722
                   0854.911509224204
                   0651.008873513254
                   0610.458383940993
                   05412.78106204002
                   05370.41452759683
                   05284.48322386396
                   05151.73560243592
                   04970.55582572697
                   04734.51182869334
                   04450.79575268393
                   04090.53976287313
                   03654.78344974277
                   03138.90572447418
                   02561.54514627258
                   01927.58361642936
                   01355.97961802864
                   0966.511937500796
                   0749.72851768746
                   0702.618947644624
                   06254.06279737141
                   06202.20637859806
                   06097.19351200676
                   05934.67353119998
                   05713.33111037268
                   05425.49353600556
                   05081.12703684396
                   04645.89114744287
                   04123.78757872607
                   03513.65423548291
                   02844.49031567394
                   02128.95138030906
                   01507.1396350509
                   01090.06832625117
                   0858.704432324355
                   0803.867166141282
                   07209.64903756256
                   07146.38027284112
                   07018.35674328383
                   06820.17688278445
                   06550.90747923786
                   06201.51307337325
                   05785.06150964314
                   05262.43490162539
                   04640.40131127081
                   03923.76350995619
                   03152.95862526219
                   02351.24558192666
                   01676.94614073457
                   01227.46410565763
                   0980.115235775316
                   0916.021620430945
                   08281.20597122142
                   08204.74106914005
                   08049.23116361939
                   07809.37699349449
                   07483.37410939557
                   07062.02113198901
                   06561.62532467423
                   05938.42550543908
                   05202.91867889188
                   04367.05644168018
                   03485.3717379413
                   02593.54185865769
                   01863.80511820362
                   01377.92331889197
                   01112.64441720965
                   01039.5210664515
                   09495.11760665597
                   09402.45786061819
                   09214.14997645762
                   08924.35578134501
                   08531.56421400383
                   08025.41774205522
                   07427.08024517213
                   06686.98914461084
                   05822.28367219089
                   04853.28910523561
                   03851.44282026195
                   02863.74640425257
                   02074.0116215762
                   01442.03872730842
                   01260.69616900627
                   01178.55976283488
                   010848.4327499179
                   010737.0545371921
                   010511.3730428889
                   010162.7871993294
                   09692.26735042206
                   09088.03312933241
                   08377.22226194832
                   07503.98174786638
                   06493.61447927017
                   05379.05238193657
                   04248.51120160989
                   03159.63144330318
                   02304.77391868567
                   01626.51911055665
                   01421.59531317918
                   01330.78693826313
                   012355.6018107328
                   012222.4561272968
                   011952.6811987346
                   011536.3489842448
                   010975.5371845344
                   010258.2753424424
                   09418.40254525474
                   08394.88627939052
                   07222.18210520251
                   05948.59077534623
                   04681.12268468342
                   03484.34780852006
                   02559.21983947556
                   01830.36923157144
                   01599.753265214
                   01494.75465888901
                   014025.0291617555
                   013866.7019972557
                   013546.1621329849
                   013052.4602471785
                   012386.9383977491
                   011540.5938171482
                   010553.7414734814
                   09360.93535493318
                   08009.31104581636
                   06562.30060933026
                   05149.62029068229
                   03838.18538186574
                   02836.27869912935
                   02051.37922384466
                   01792.33851962191
                   01672.69536726427
                   015860.8753229265
                   015673.5904957511
                   015294.445245596
                   014711.7470466926
                   013928.2031119232
                   012935.4398764125
                   011783.5377697991
                   010404.1171876476
                   08855.2445296223
                   07221.74270092621
                   05656.1801954023
                   04224.0461447062
                   03137.40698150993
                   02292.26725753513
                   02002.58512612609
                   01867.27326164259
                   017878.2753422538
                   017658.1310336929
                   017213.1006338692
                   016528.7372437021
                   015610.8921508129
                   014453.1747260447
                   013115.7560095064
                   011529.0965827504
                   09765.82292938696
                   07931.05354566167
                   06202.96578455165
                   04643.38121322408
                   03461.63489859828
                   02552.59910514658
                   02230.43579214798
                   02078.7491287172
                   020084.4053745191
                   019827.3443289006
                   019306.4810173858
                   018507.4940374552
                   017439.7862683534
                   016096.6840309926
                   014553.0028367685
                   012738.2079534785
                   010743.4862450694
                   08693.33572811069
                   06792.77630521414
                   05098.16060233694
                   03808.93616904261
                   02834.60012664096
                   02475.50065028525
                   02306.89997311535
                   022472.2583279288
                   022173.1958559319
                   021567.8635032103
                   020640.9410758883
                   019406.0936197897
                   017857.8131827813
                   016087.4001722764
                   014024.7441341418
                   011781.6416574759
                   09504.16486574301
                   07421.80885920693
                   05582.80480760184
                   04175.13634088905
                   03134.43451050112
                   02735.86453152287
                   02549.19979843257
                   025052.851133828
                   024707.2941095073
                   024007.415973185
                   022938.0545293723
                   021517.3064470583
                   019744.5698529056
                   017725.7371981268
                   015393.9002477346
                   012884.9040936766
                   010367.5611294265
                   08092.04009408171
                   06098.94939625871
                   04561.16859291048
                   03453.15867466744
                   03012.17442693901
                   02806.43476623415
                   027823.8548773856
                   027426.4281918659
                   026622.8428577556
                   025396.3604273688
                   023771.5142412174
                   021751.6834974077
                   019465.2211864071
                   016844.1400653668
                   014051.1258150267
                   011282.2835499756
                   08803.96660627888
                   06640.71553681582
                   04769.43692985842
                   03787.25060338221
                   03303.85078625612
                   03078.48999850474
                   030777.1318570322
                   030323.0702420462
                   029405.4821212566
                   028007.0877669218
                   026159.8435635352
                   023875.7236073426
                   021297.0810220677
                   018369.502465489
                   015274.1344362913
                   012244.1874930906
                   09549.39291027607
                   07202.39563999917
                   05055.60429314734
                   04130.11307504372
                   03607.18228449118
                   03361.9744437471
                   033986.4542545501
                   033467.5762545991
                   032421.3103981747
                   030827.0684216675
                   028725.5850749641
                   026136.5752071177
                   023245.7446662324
                   019973.6319062702
                   016550.7347407481
                   013231.0996287632
                   010303.5250301739
                   07753.2225973451
                   05451.01864380503
                   04449.05225966831
                   03882.94293086092
                   03618.10098451258
                   037242.5699423624
                   036658.8119045631
                   035469.9325714545
                   033678.6256073821
                   031324.6877737227
                   028434.7387439326
                   025203.2060831203
                   021591.7498227765
                   017844.5641775161
                   014245.8812389122
                   011075.7336618532
                   08328.5018988147
                   05884.47042521504
                   04805.27094315898
                   04187.43486496806
                   03904.57921959328
                   040672.015734561
                   040018.4689830844
                   038695.4405386193
                   036694.9250387784
                   034060.3160120174
                   030848.3912471118
                   027265.6949799392
                   023293.920001921
                   019209.78765874
                   015308.6437094884
                   011889.0688472051
                   08932.25191987685
                   06338.23942686998
                   05179.31897264002
                   04510.68994324263
                   04209.19711851979
                   044269.8187490845
                   043530.5697835273
                   042063.9774665554
                   039819.0667351744
                   036903.9567286013
                   033352.8068880955
                   029401.1093395051
                   025056.2993496745
                   020623.1097473886
                   016411.5782611193
                   012732.7516314408
                   09562.35024679722
                   06817.95387957804
                   05566.47702314632
                   04845.44254938975
                   04520.41109593763
                   047996.5392773381
                   047183.9728735487
                   045543.8843992367
                   043062.9186476359
                   039840.4428426841
                   035939.3277202776
                   031609.0009432306
                   026882.2106896094
                   022082.3245731456
                   017551.5856266871
                   013606.4447215178
                   010206.0774526088
                   07311.4168675979
                   05970.7533494919
                   05188.78601907557
                   04842.71186012791
                   051847.9084207184
                   050947.3994436976
                   049133.9915908021
                   046404.6867898689
                   042858.6162179406
                   038582.3923264283
                   033845.3534162052
                   028747.1784822989
                   023578.0574062338
                   018727.6501457231
                   014499.1599752981
                   010856.6214089469
                   07814.41139638143
                   06380.15665374806
                   05540.58368744616
                   05168.99991834521
                   055809.2991209177
                   054822.3869022756
                   052828.6305187265
                   049853.7649502007
                   045984.5035842403
                   041331.492294768
                   036186.8984181722
                   030631.3872446741
                   025098.0428000846
                   019880.8196589591
                   015381.8438492042
                   011478.592704735
                   08313.77061241731
                   06790.48884535507
                   05895.85743461134
                   05497.28412306041
                   059854.1354610972
                   058785.3953641474
                   056603.8462132019
                   053351.8976090271
                   049141.9672496978
                   044098.2540114771
                   038543.3439298833
                   032583.8357005191
                   026609.0344536615
                   021067.3268738743
                   016282.3938331524
                   011572.8345306082
                   08818.47847454578
                   07200.00958596106
                   06249.19244477856
                   05826.11023113707
                   063984.4592684746
                   062814.714313655
                   060447.9942670138
                   056917.9226188839
                   052360.1913637458
                   046921.2134878442
                   040977.9621162556
                   034550.4832450264
                   028139.0043360711
                   022231.0299608698
                   017159.8636342353
                   011950.2877970823
                   09307.73324394848
                   07612.79885789721
                   06606.74591780064
                   06155.76004562512
                   068159.4767639016
                   066883.7006843392
                   064325.5857122364
                   060513.4165567635
                   055615.152708886
                   049796.9373839936
                   043394.3563224503
                   036524.1800872164
                   029695.5896014684
                   023433.5726478284
                   018020.1204025514
                   012570.1108526106
                   09796.16403862796
                   08025.71324911258
                   06965.33367251493
                   06484.91760264405
                   072344.4210603693
                   070969.6614586267
                   068218.7068432633
                   064144.4701050627
                   058898.2795487986
                   052639.4329786577
                   045807.5688913469
                   038495.4362547157
                   031244.6815509158
                   024625.3308280144
                   018888.8461694861
                   013183.5027929153
                   010276.0471395122
                   08431.32116386994
                   07320.15589383319
                   06812.67767309003
                   076552.4894454079
                   075076.1595057528
                   072151.1218976105
                   067788.6801052006
                   062159.1485091729
                   055489.0621672259
                   048220.7645619373
                   040463.1092919636
                   032789.6710845991
                   025810.867281924
                   019746.3976491808
                   013806.9725970075
                   010759.6702309948
                   08823.7062923931
                   07671.24569904452
                   07136.73285384801
                   080760.6399618334
                   079177.1229284382
                   076065.916115832
                   071396.817985033
                   065403.7881236708
                   058318.1486367715
                   050616.452572225
                   042413.7972784684
                   034314.5067156219
                   026974.6032332079
                   020586.4732388226
                   014418.9179719268
                   011241.6145823407
                   09209.59782283704
                   08013.02750646395
                   07452.42761656902
                   084949.4024832475
                   083293.1449653741
                   079952.4334566485
                   074993.0083975305
                   068635.9223933806
                   061136.5118475614
                   052998.6244931662
                   044350.1001455516
                   035821.3689486096
                   028116.5912492909
                   021405.9119705167
                   015019.8183363113
                   011716.1741283756
                   09594.66682936458
                   08343.65508343125
                   07765.02016087022
                   089101.2402281121
                   087344.0089994229
                   083803.5909190559
                   078552.446358745
                   071832.4429271057
                   063920.8929604286
                   055351.7232059394
                   046259.2001736954
                   037300.9257353874
                   029224.2540588895
                   022201.9894722007
                   015607.7749139175
                   012179.9418698114
                   09969.98549455183
                   08672.22268009859
                   08069.66826911722
                   093179.5068155132
                   091306.7014805856
                   087576.0209381316
                   082038.3176310219
                   074964.0181010095
                   066644.2596805825
                   057648.4648185768
                   048115.9971864252
                   038738.142279256
                   030287.6873339498
                   022940.0388353946
                   016171.5779676387
                   012627.2653822035
                   010332.7292097098
                   08990.99991203773
                   08361.7404933607
                   097232.516973635
                   095223.5495911699
                   091300.1532520344
                   085480.5432335474
                   078052.7955260804
                   069332.837446526
                   059915.597325571
                   049947.8961014734
                   040144.2627124048
                   031319.0699949959
                   023259.4302875848
                   016727.5067948647
                   013066.4853243405
                   010689.9270359814
                   09303.60411963285
                   08644.80573964908
                   0101169.674590177
                   099067.6951768582
                   094917.3634642558
                   088802.9374439762
                   081027.6117894796
                   071921.227032142
                   062104.2493598694
                   051725.8172519123
                   041463.6672638856
                   032294.1459294517
                   022859.0191840217
                   017255.4439367657
                   013492.8077352919
                   011033.6445491459
                   09597.4024301115
                   08919.55416829566
                   0105029.537604448
                   0102870.059798625
                   098548.4702372667
                   092163.4748527035
                   084042.3034802985
                   074529.3087277149
                   064289.0260408426
                   053464.8778463706
                   042707.2674805816
                   033186.1866926427
                   023322.2941530775
                   017705.1235451864
                   013868.403962677
                   011340.7805721623
                   09869.72810510252
                   09181.50468393014
                   0108811.510519618
                   0106542.899967492
                   0102032.430780498
                   095374.491985123
                   086915.5145527497
                   077023.2325512973
                   066382.1718617405
                   055139.348024717
                   043932.8465490635
                   034058.4795331269
                   023908.936005066
                   018164.8334793634
                   014247.03307619
                   011649.3536053418
                   010138.2589961961
                   09428.16662136144
                   0112463.44364405
                   0110102.008107805
                   0105407.570047687
                   098485.9393757302
                   089701.3621207138
                   079435.6522983403
                   068405.6308565049
                   056751.1913831941
                   045076.9219465925
                   034890.7945505477
                   024477.6249591371
                   018603.8350770465
                   014606.2851611283
                   011943.4645055263
                   010393.6745301588
                   09666.51005610287
                   0116000.903900451
                   0113547.830175781
                   0108676.621120672
                   0101498.775221743
                   092396.7535773629
                   081771.9467978946
                   070362.2879612455
                   058300.4503646164
                   046205.0351484861
                   035692.7362158961
                   025035.6265425119
                   019033.0761835359
                   014954.4051461599
                   012229.2686797787
                   010642.0497469701
                   09897.61761121391
                   0119414.18625641
                   0116873.290682493
                   0111830.237338118
                   0104404.792207948
                   094995.331367312
                   084019.9193186136
                   072240.4615331664
                   059787.6724474209
                   047275.9589871826
                   036453.9695062517
                   025571.5105645351
                   019444.8631785659
                   015284.6975526402
                   012501.1776800947
                   010878.309312462
                   010117.3974114983
                   0122691.229212535
                   0120065.517885938
                   0114856.59548683
                   0107191.460966672
                   097486.3194743801
                   086175.8735512724
                   074037.8774636616
                   061201.8276053261
                   048289.5968783674
                   037166.065550207
                   026076.3010488858
                   019836.9704093188
                   015595.8919927551
                   012758.0889957576
                   011101.5319703452
                   010325.0272586585
                   0125856.676164304
                   0123148.241734166
                   0117778.384768412
                   0109882.204679865
                   099890.0450108649
                   088253.1767354108
                   075768.0664691634
                   062561.2259471743
                   049250.3917689065
                   037827.2852912679
                   026559.4276128997
                   020212.4449668382
                   015891.6443440227
                   013002.7882989721
                   011314.1532686492
                   010522.5895753579
                   0128902.14793346
                   0126114.544115868
                   0120589.016867832
                   0112468.887042351
                   0102199.202084269
                   090249.2690865535
                   077426.3784555203
                   063857.9205863401
                   050159.5275511582
                   038300.9224216772
                   027016.0528878813
                   020571.4075753957
                   016171.8042052728
                   013234.7050685896
                   011515.7212537125
                   010709.8673586088
                   0131829.091625285
                   0128964.951900076
                   0123289.578948517
                   0114954.075548635
                   0104417.455821393
                   092162.313683108
                   079013.3146684815
                   065094.4811161345
                   051016.2159275476
                   038363.2101805309
                   027449.0392732042
                   020910.4803294041
                   016436.8224505947
                   013454.0888027879
                   011706.2577326432
                   010886.966284889
                   0134634.730246927
                   0131697.182477655
                   0125877.462757546
                   0117334.449629603
                   0106541.284410525
                   093992.2093831837
                   080530.2327668066
                   066271.6834898505
                   051816.5371923884
                   037805.7887212499
                   027853.1639641446
                   021231.8598355599
                   016688.3830558202
                   013661.5144199514
                   011886.585787812
                   011054.6683186778
                   0137348.599849344
                   0134339.375029584
                   0128379.841016374
                   0119636.399699721
                   0108592.069770025
                   095761.7044582024
                   081991.8358887198
                   067403.5735938041
                   052569.648641411
                   037396.3556406915
                   028228.4322566031
                   021541.1571913066
                   016928.6958771559
                   013859.8658033817
                   012058.8074637671
                   011214.6778785492
                   0139989.97921893
                   0136910.935467218
                   0130815.627953948
                   0121874.028216162
                   0110590.274315749
                   097481.8194269927
                   083412.8616686885
                   068499.2498008318
                   053282.6023052617
                   037608.7001408761
                   028582.3858500927
                   021838.7741497059
                   017162.6764804752
                   014051.397674543
                   012225.3926908855
                   011369.2800425704
                   0142633.722394568
                   0139485.044190422
                   0133254.124945558
                   0124117.97956644
                   0112591.282218726
                   099206.9852825641
                   084839.1493490664
                   069596.5276725291
                   053990.0202399365
                   038047.930883839
                   028937.5636075479
                   022139.5214054342
                   017397.479232468
                   014244.5368692748
                   012393.1221570313
                   011525.0991376064
                   0145445.750997284
                   0142225.090559389
                   0135851.143315303
                   0126510.382549265
                   0114727.462121074
                   0101054.034564049
                   086366.3518479824
                   070776.7159724608
                   054762.4357012338
                   038568.0106395314
                   029338.6063659715
                   022471.0662968607
                   017656.4529881719
                   014457.1500983039
                   012577.3978630039
                   011696.5146889453
                   0148812.922114811
                   0145507.159965952
                   0138967.763411544
                   0129387.067111285
                   0117304.97155375
                   0103288.428643295
                   088228.0890926356
                   072228.3228302349
                   055689.5014434862
                   039252.7578234544
                   029863.424469101
                   022892.9888197388
                   017986.9325257647
                   014727.7810511595
                   012812.5010146452
                   011914.8775313643
                   0152092.562517927
                   0148708.611138677
                   0142015.439585555
                   0132206.701387627
                   0119846.720861721
                   0105507.353240074
                   090100.3523031259
                   073722.6541933229
                   056683.0903400157
                   040018.5574459432
                   030447.9264818095
                   023348.6440000087
                   018344.6520541496
                   015020.6158890389
                   013067.0405567581
                   012151.3346553805
                   0154025.855732274
                   0150597.709438764
                   0143816.752559489
                   0133885.723667232
                   0121358.987019518
                   0106835.503680919
                   091228.7081229514
                   074634.8804207599
                   057343.4891152321
                   040501.7967596914
                   030815.9855579054
                   023633.1297929181
                   018567.7465835616
                   015203.3813528998
                   013225.6858217456
                   012298.8425185804
                   0156097.936265015
                   0152622.322499784
                   0145747.973428984
                   0135680.222750094
                   0122986.329676588
                   0108258.996930867
                   092437.7814676143
                   075612.9730440828
                   058244.7614447189
                   041020.0345720697
                   031210.1325051373
                   023937.492430885
                   018806.901238794
                   015398.9883845866
                   013395.7906450148
                   012456.9442632782
                   0158324.368495379
                   0154797.468139402
                   0147823.287124143
                   0137609.04415204
                   0124731.746385868
                   0109793.751378606
                   093737.4572327617
                   076668.6880509012
                   058820.0655472094
                   041578.4594726158
                   031634.9704935312
                   024264.6118878245
                   019063.8973772114
                   015609.1974885491
                   013578.7621432984
                   012626.8112388458
                   0160722.271760031
                   0157140.907158363
                   0150058.975257898
                   0139686.898387232
                   0126611.580688057
                   0111442.902590625
                   095137.8204922741
                   077802.9143712983
                   059637.223340388
                   042181.4343852188
                   032093.9921510654
                   024618.0129722011
                   019341.3394701209
                   015836.0670848852
                   013775.9345400223
                   012810.235464145
                   0163322.210196783
                   0159681.728289744
                   0152475.358370668
                   0141933.082453958
                   0128643.41386584
                   0113227.040159407
                   096657.3132261333
                   079029.9093081914
                   060760.5159631518
                   042831.0147152276
                   032588.8517970741
                   024999.5579044208
                   019640.7276626268
                   016080.9630160465
                   013988.8911456354
                   013008.2357965369
                   0166136.909848415
                   0162432.055401493
                   0155105.668242793
                   0144377.217878744
                   0130848.508209403
                   0115162.503214444
                   098300.8107919837
                   080360.8769805215
                   061491.0211395021
                   043537.310775715
                   033126.3012720464
                   025413.3472524532
                   019965.4339583734
                   016346.5900341138
                   014219.8679889505
                   013222.8441223206
                   0169180.161729947
                   0165405.896581485
                   0157942.093870557
                   0147013.938226663
                   0133236.737607614
                   0117255.411566388
                   0100078.430803696
                   081798.9191706813
                   062523.3438867069
                   044300.1959665443
                   033707.6932181043
                   025860.5235525139
                   020315.9364273317
                   016633.7429447461
                   014469.3614954801
                   013454.7408586995
                   0172493.803134523
                   0168643.573500514
                   0161031.346702523
                   0149884.295373898
                   0135832.424263789
                   0119532.4328243
                   0102014.202546569
                   083365.198789444
                   063648.9555227685
                   045131.6106780703
                   034341.1995535099
                   026347.9979419046
                   020698.0749697567
                   016945.6035499374
                   014740.8665116748
                   013707.0042655354
                   0176103.315056934
                   0172170.828457311
                   0164395.810964668
                   0153012.39943359
                   0138661.892619944
                   0122014.626611872
                   0104122.451090073
                   085070.7806152151
                   064874.9778762375
                   046037.5144198315
                   035030.5752326942
                   026878.0416628341
                   021113.6991498654
                   017286.0531194424
                   015036.6547978166
                   013981.9984803563
                   0180014.263455291
                   0175992.801845482
                   0168041.557204574
                   0156401.824370736
                   0141727.473304952
                   0124703.117826578
                   0106407.395846645
                   086918.9963339841
                   066203.1495840446
                   047019.1456544583
                   035778.3020335405
                   027453.0179658967
                   021564.6238309195
                   017654.9079212051
                   015357.0954556157
                   014279.7257449349
                   0184269.970080973
                   0180151.738370065
                   0172010.043811698
                   0160091.122186813
                   0145063.287276918
                   0127630.243061341
                   0108892.70307668
                   088929.8010019329
                   067646.4514335689
                   048088.133118357
                   036590.9570589285
                   028077.9723039706
                   022054.3102834528
                   018055.1614710412
                   015705.4814772852
                   014603.5394754686
                   0188906.018376899
                   0184682.030978441
                   0176331.368750625
                   0164107.665045663
                   0148696.553499298
                   0130819.024884322
                   0111599.906656799
                   091118.5252379681
                   069216.690835835
                   049251.2840807536
                   037475.5056539207
                   028758.288885006
                   022588.5117980365
                   018491.6950695239
                   016084.7163060007
                   014955.9382846143
                   0193962.275463876
                   0189622.819504238
                   0181045.461548185
                   0168488.781746968
                   0152658.90693065
                   0134295.447202507
                   0114552.000477524
                   093504.1328632314
                   070923.4147205297
                   050516.962547065
                   038438.4396444847
                   029498.3502760411
                   023168.6006283029
                   018966.1715186493
                   016497.2340220413
                   015339.2261650846
                   0199494.479289117
                   0195029.161800582
                   0186203.352192248
                   0173281.895125534
                   0156994.841761759
                   0138099.587118258
                   0117782.186328276
                   096114.4961247807
                   072788.2794342858
                   051903.3716345982
                   039493.048537885
                   030308.3640805569
                   023804.0998569202
                   019485.4813693786
                   016948.8548275248
                   015758.9260825623
                   0205543.914209462
                   0200941.279812335
                   0191842.118490329
                   0178523.065369639
                   0161735.364399804
                   0142262.53998212
                   0121314.317713602
                   098967.8677045526
                   074822.8570097486
                   053417.8327447712
                   040646.3600773695
                   031193.7235883572
                   024498.0244146802
                   020052.6043047398
                   017441.7513462921
                   016217.2412990084
                   0212164.088811221
                   0207409.645188195
                   0198011.979973282
                   0184259.783931543
                   0166922.673995332
                   0146812.363482303
                   0125176.862152796
                   0102086.699281148
                   077044.7196665461
                   055073.4794742045
                   041906.9141999618
                   032161.0928758569
                   025256.0494095399
                   020672.7357767258
                   017980.6818085018
                   016717.8966193743
                   0219435.877634526
                   0214515.949366142
                   0204791.110114551
                   0190559.637594289
                   0172619.922440331
                   0151810.674585708
                   0129417.403497758
                   0105510.107225475
                   079478.6083986333
                   056891.3644577085
                   043288.8834151032
                   033222.5384006023
                   026088.3979378683
                   021352.1618252907
                   018571.3390117482
                   017266.9530523416
                   0227411.925115923
                   0222309.229764049
                   0212217.425117386
                   0197462.774700435
                   0178861.508155032
                   0157287.228137928
                   0134062.956055898
                   0109257.863478956
                   082135.2108952385
                   058878.2025261235
                   044799.5620151336
                   034383.1902404919
                   026998.1822642668
                   022095.9545278425
                   019217.6307765809
                   017867.1667204063
                   0236205.249780598
                   0230901.360582805
                   0220418.682747011
                   0205078.579262009
                   0185748.951198504
                   0163326.842689572
                   0139186.449993854
                   0113392.44694368
                   085058.7803006267
                   061069.0082639952
                   046466.149808339
                   035661.2530405114
                   028000.6442930588
                   022915.3917013088
                   019929.5969539785
                   018528.556555613
                   0245885.097163182
                   0240359.364105401
                   0229440.592439904
                   0213466.327495263
                   0193327.910183014
                   0169973.103370725
                   0144825.681836983
                   0117936.447953201
                   088266.9320586806
                   063475.9883175094
                   048298.4477596768
                   037067.5387518121
                   029102.6538557427
                   023815.3405946414
                   020711.7763141715
                   019255.297453542
                   0256574.627435927
                   0250805.045217761
                   0239403.719994698
                   0222724.884929843
                   0201697.67714719
                   0177311.861609269
                   0151052.388434198
                   0122949.087369836
                   091798.8064446289
                   066131.7454610423
                   050318.2236831515
                   038617.526602267
                   030316.9988945613
                   024807.4456669648
                   021573.7540018704
                   020056.340993118
                   0268398.267906071
                   0262357.89863869
                   0250422.729357909
                   0232963.694189786
                   0210950.804774191
                   0185425.518041895
                   0157930.607170415
                   0128487.078847401
                   095689.1642307743
                   069065.0917256044
                   052548.9938399935
                   040329.1863206694
                   031657.7958378896
                   025902.0898038061
                   022525.0599407849
                   020940.104652145
                   0281495.202041643
                   0275153.983569176
                   0262626.472752456
                   0244302.286514902
                   0221198.892276666
                   0194409.696894428
                   0165545.21242368
                   0134612.38535636
                   099980.6274560487
                   072305.7444394558
                   055013.5375208053
                   042219.5638327083
                   033138.590295501
                   027111.4682050916
                   023576.1406737217
                   021916.0631886188
                   0296019.765536843
                   0289345.490372176
                   0276160.158176761
                   0256875.69053967
                   0232568.66506674
                   0204368.499412826
                   0173983.080791421
                   0141396.272550333
                   0104720.17190306
                   075893.2481817958
                   057741.8309959283
                   044312.0378115403
                   034777.5003274612
                   028449.3734749567
                   024738.0708676118
                   022995.8330611816
                   0312192.827333947
                   0305145.919929313
                   0291229.148930187
                   0270874.624190846
                   0245219.866553163
                   0215451.157165256
                   0183372.515350077
                   0148937.701439173
                   0109977.283558573
                   079878.832197044
                   060775.3427089964
                   046635.6875668858
                   036597.3705304981
                   029934.660910188
                   026029.0032544716
                   024194.267789051
                   0330219.472782289
                   0322757.950388773
                   0308023.031370436
                   0286475.525103397
                   0259316.234725303
                   0227799.825097719
                   0193827.420455818
                   0157328.795871394
                   0115810.867896537
                   084312.662142975
                   064146.204499457
                   049219.7499628469
                   038620.0014579279
                   031585.6528510567
                   027462.8098711052
                   025526.0477395978
                   0350378.369444939
                   0342452.449962028
                   0326801.058286695
                   0303917.859580176
                   0275074.251826304
                   0241607.290860658
                   0205507.693207571
                   0166693.171753041
                   0122304.245897491
                   089257.5532909825
                   067905.9396570399
                   052101.1198810132
                   040875.0608133898
                   033426.0234663967
                   029061.6523755221
                   027010.5567411743
                   0372916.883826867
                   0364470.976822552
                   0347795.144379157
                   0323416.218447412
                   0292686.920272558
                   0257031.047629245
                   0218554.631515151
                   0177142.976746749
                   0129533.661092986
                   094772.4914887765
                   072097.878454272
                   055312.8611589016
                   043388.5221924324
                   035476.9068767186
                   030842.5014440276
                   028664.6271379743
                   0398261.797217957
                   0389230.243437291
                   0371400.406925845
                   0345337.51945335
                   0312485.062510775
                   0274363.011965407
                   0233209.118282688
                   0188866.027820203
                   0137626.814372224
                   0100957.503026672
                   076799.7139012406
                   058914.365187682
                   046205.8661542478
                   037775.1093613569
                   032838.4588634887
                   030517.5686036636
                   0426808.917301791
                   0417104.316338932
                   0397972.778437969
                   0370010.495083999
                   0334765.321420854
                   0293863.374624135
                   0249686.147430707
                   0202032.916548079
                   0146695.342665801
                   0107901.835282954
                   082076.2551105176
                   062955.6471978411
                   049367.716682409
                   040353.2740615256
                   035077.0344519238
                   032596.2951675473
                   0459019.235227528
                   0448578.996778136
                   0427974.209839025
                   0397853.455100385
                   0359901.342085152
                   0315856.307411881
                   0268261.250142195
                   0216857.792449235
                   0156882.879485648
                   0115715.857161008
                   088014.7839926821
                   067502.3741310199
                   052922.3647202013
                   043251.7628452163
                   037593.8011454835
                   034932.6145428204
                   0495513.208137135
                   0484225.910517941
                   0461949.891096186
                   0429389.298408951
                   0388366.000175481
                   0340752.791680716
                   0289274.979394742
                   0233607.747957154
                   0168372.175796978
                   0124539.682362677
                   094718.5912818073
                   072633.9151755898
                   056933.6750520404
                   046521.5275614764
                   040432.0981554022
                   037567.3576864175
                   0536943.421330019
                   0524692.107553942
                   0500515.074458962
                   0465192.399311767
                   0420662.260399455
                   0368990.629177838
                   0313100.317661211
                   0252562.295689913
                   0181353.090100435
                   0134524.646082145
                   0102302.730384306
                   078438.4530343709
                   061471.0898969784
                   050219.0091983964
                   043641.395718023
                   040546.1823939433
                   0584082.924274335
                   0570731.278013294
                   0544388.020041237
                   0505905.388554321
                   0457387.034221482
                   0401088.491225475
                   0340157.835309933
                   0274054.631154838
                   0196056.51746108
                   0145843.436635806
                   0110901.308562266
                   085017.0210389177
                   066610.0829886225
                   054406.1094703399
                   047275.3970414434
                   043918.6139432542
                   0637900.530559709
                   0623290.865335901
                   0594467.110151724
                   0552368.771927071
                   0499304.461352721
                   0437696.050243525
                   0370991.759512781
                   0298508.906431609
                   0212770.829091276
                   0158725.584475782
                   0120682.031397043
                   092498.1824878791
                   072454.9925105714
                   059166.5333122388
                   051405.8903229725
                   047751.6759052858
                   0699503.425961744
                   0683450.738374549
                   0651780.13398926
                   0605532.141897493
                   0547238.206143653
                   0479551.006574626
                   0406215.016544055
                   0326389.607547893
                   0231825.607926243
                   0173414.480714383
                   0131832.88331274
                   0101028.080646178
                   079115.5766982024
                   064590.0388260202
                   056110.8515481607
                   052117.745575244
                   0770355.146193453
                   0752636.652163369
                   0717683.653416537
                   0666651.401935349
                   0602325.284757818
                   0527624.803152082
                   0446638.160273625
                   0358322.474924971
                   0253633.948060323
                   0190238.886565251
                   0144606.825454869
                   0110795.419244306
                   086739.5672263206
                   070797.2241054754
                   061495.2053624394
                   057113.0912069137
                   0851845.074398278
                   0832205.238573708
                   0793464.987259243
                   0736913.733989643
                   0665632.698981457
                   0582861.438352424
                   0493022.370076395
                   0394884.416137026
                   0278655.171616437
                   0209514.880000527
                   0159233.446287036
                   0121979.174958772
                   095469.4777974609
                   077902.6091315521
                   067657.0501502204
                   062830.3656006478
                   0945993.047806958
                   0924125.5330893
                   0880994.890397557
                   0818047.621247557
                   0738705.568556616
                   0646564.857939048
                   0546472.462869693
                   0436920.310371638
                   0307353.400618868
                   0231675.737377387
                   0176056.726550012
                   0134838.13268058
                   0105503.83168082
                   086068.1103116716
                   074737.3283415166
                   069397.7214668341
                   01055220.07051488
                   01030724.70576206
                   0982482.144329387
                   0912092.110724336
                   0823367.997256935
                   0720324.206662593
                   0608281.715949314
                   0485406.091941138
                   0340519.71900366
                   0257251.390975115
                   0195465.796310629
                   0149675.113747482
                   0117078.766797804
                   095486.1565689376
                   082901.5792005209
                   076970.9788497675
                   01181802.89882621
                   01154316.39795246
                   01100119.22070809
                   01021034.40762818
                   0921392.823597681
                   0805666.699652014
                   0679713.447894535
                   0541296.531033401
                   0378776.116156335
                   0286737.126974319
                   0217848.857755604
                   0166785.507933262
                   0130424.324735567
                   0106341.37495314
                   092311.4180585025
                   085697.704540895
                   01329438.59307332
                   01298415.29290258
                   01237248.51865857
                   01148001.46138527
                   01035579.01301228
                   0904993.163690419
                   0762726.494527794
                   0606054.504652702
                   0423273.624724581
                   0320908.22620778
                   0243793.847827565
                   0186613.721764888
                   0145888.417665057
                   0118917.154274615
                   0103212.259255309
                   095806.7463298631
                   01501342.73757189
                   01466181.79257435
                   01396855.17516666
                   01295766.61561693
                   01168350.30461566
                   01020382.34666237
                   0859038.394237293
                   0680947.846323374
                   0474823.423703613
                   0360415.589224268
                   0273794.940067128
                   0209545.760557916
                   0163773.505033228
                   0133460.307793544
                   0115814.711985999
                   0107494.384573829
                   01702516.25263859
                   01662481.71107825
                   01583553.48619019
                   01468498.23724802
                   01323476.19473253
                   01155058.19815363
                   0971230.071720041
                   0767892.567154989
                   0534674.451378592
                   0406274.894686911
                   0308631.444548401
                   0236174.321517946
                   0184536.491321135
                   0150341.611931203
                   0130442.175577797
                   0121058.151320789
                   01937573.8999152
                   01891807.0456575
                   01801588.58354139
                   01670118.76544234
                   01504459.26747922
                   01311960.32698152
                   01101678.9680173
                   0868603.727012618
                   0603941.669069764
                   0459357.101268183
                   0348969.03847326
                   0267010.708617475
                   0208580.714165026
                   0169891.398413027
                   0147379.170926626
                   0136761.646809044
                   02213306.57154175
                   02160765.75844149
                   02057211.42753219
                   01906350.28626309
                   01716284.08317407
                   01495391.24487022
                   01253844.37885103
                   0985591.877067551
                   0684240.114719429
                   0520955.082279717
                   0395801.513787583
                   0302819.701106568
                   0236501.228272796
                   0192584.771320745
                   0167039.365548289
                   0154988.934411298
                   02536105.54900265
                   02475571.17806533
                   02356272.42007425
                   02182540.60779876
                   01963693.29037404
                   01709361.38864693
                   01430852.11231437
                   01121040.03379892
                   0776961.961148647
                   0592161.156516992
                   0449962.807173832
                   0344240.524984946
                   0268798.22958015
                   0218834.84819306
                   0189777.555574053
                   0176068.038123711
                   02914290.83960258
                   02844296.61248578
                   02706387.82696826
                   02505634.53690911
                   02252780.20627147
                   01958902.35204156
                   01636726.04620002
                   01277759.78061441
                   0883879.24529477
                   0674366.903733027
                   0512540.333416135
                   0392107.515688301
                   0306115.240217774
                   0249164.970306624
                   0216048.027994204
                   0200420.188815937
                   03355809.45320454
                   03274647.25556349
                   03114690.04730526
                   02882081.79090326
                   02589167.90811484
                   02248696.79140256
                   01875001.18271283
                   01458058.05839976
                   01006407.79441399
                   0768680.13298863
                   0584377.927355436
                   0447074.049797923
                   0348973.360780164
                   0283989.543416423
                   0246209.641980051
                   0228374.744578415
                   03871573.03560046
                   03777218.98942787
                   03591388.19103056
                   03321046.89282186
                   02980817.01218881
                   02585316.68800281
                   02150713.23936576
                   01665279.4034299
                   01146534.22087125
                   0876692.979066331
                   0666725.369417739
                   0510100.58439025
                   0398106.502557733
                   0323913.630534957
                   0280780.996523668
                   0260414.19970486
                   04466522.28942861
                   04356732.54120702
                   04140553.50272854
                   03826319.39099276
                   03430702.48881157
                   02970920.96241311
                   02465064.15546818
                   01899615.27430194
                   01304018.97765578
                   0998288.710754936
                   0759511.106169408
                   0581147.636652661
                   0453492.420042004
                   0368910.572495071
                   0319739.000487194
                   0296517.069211615
                   05145548.34215732
                   05017858.67136631
                   04766490.05590218
                   04401311.63288542
                   03941672.62386171
                   03407433.11490059
                   02819022.75978217
                   02160960.41314989
                   01478374.98954581
                   01133173.17675947
                   0862559.81593476
                   0660067.844496719
                   0515022.248885941
                   0418887.398916382
                   0363001.238993009
                   0336599.885207043
                   05127198.61753138
                   04998650.10801869
                   04745764.9223402
                   04378812.76325149
                   03916629.89381688
                   03379289.99558319
                   02787041.74876396
                   02124735.84839459
                   01448350.56661845
                   01111457.09630964
                   0846491.23137936
                   0647883.63852146
                   0505473.900044709
                   0411055.189505369
                   0356169.010677275
                   0330228.284667493
                   04968561.53809397
                   04842868.84224147
                   04595417.82389697
                   04236454.23831172
                   03784997.8274324
                   03259813.71248489
                   02680450.20748705
                   02033043.1820702
                   01381045.55699976
                   01060924.82575663
                   0808425.069780097
                   0618847.79111056
                   0482797.924459564
                   0392561.200282417
                   0340106.073337017
                   0315311.27505038
                   04800239.15293023
                   04677618.79961793
                   04436868.67764843
                   04086821.08093959
                   03646934.78244464
                   03135475.28201646
                   02570621.629483
                   01940358.76374353
                   01313790.30613489
                   01010184.71629306
                   0770138.705330237
                   0589642.270645293
                   0459990.160631766
                   0373971.892465666
                   0323969.086534814
                   0300324.173603666
                   04622243.495905
                   04503221.74769769
                   04268963.84847914
                   03929467.0708066
                   03502573.1913293
                   03006156.67465492
                   02457830.21962144
                   01846346.21245155
                   01246371.16903425
                   0959110.227479673
                   0731540.359619059
                   0560179.523355513
                   0436985.907680119
                   0355235.775141715
                   0307706.197959633
                   0285226.9773842
                   04435116.9255737
                   04319904.7948455
                   04093563.81830942
                   03764854.33203521
                   03352271.93306185
                   02872177.56301643
                   02341387.77094318
                   01751088.48475704
                   01178824.73221165
                   0907774.136177335
                   0692688.804660813
                   0530509.462999076
                   0413827.300874588
                   0336374.625460594
                   0291342.920468347
                   0270038.91861852
                   04237892.29318095
                   04129828.87899629
                   03909585.74341978
                   03592572.66730808
                   03194991.2370675
                   02734694.4139418
                   02221603.21054056
                   01654052.31372684
                   01110753.17461104
                   0855901.292195294
                   0653376.404653799
                   0500474.498911089
                   0390383.025378229
                   0317288.963060357
                   0274790.01435862
                   0254677.609087667
                   04029777.14138365
                   03923647.35965513
                   03714155.30244445
                   03411162.51371263
                   03030328.46991832
                   02587481.32361755
                   02097578.55779615
                   01554728.11627929
                   01041773.73700595
                   0803229.5526834
                   0613411.810640747
                   0469921.279280931
                   0366539.629528448
                   0297884.286386384
                   0257961.582432413
                   0239065.281529169
                   03812560.74249026
                   03710961.45716238
                   03511479.41150887
                   03222639.09980425
                   02859616.04024508
                   02437421.16292951
                   01970329.52610726
                   01453911.71354793
                   0972416.950819295
                   0750172.508466451
                   0573102.731284375
                   0439100.581887638
                   0342486.098558617
                   0278310.564421665
                   0240991.653560045
                   0223324.093354379
                   03585995.37783049
                   03489472.45761433
                   03300429.65654292
                   03026790.80771402
                   02682671.54065124
                   02282398.40359581
                   01839893.71446467
                   01351398.56717714
                   0902522.084668169
                   0696620.653409028
                   0532376.930525005
                   0407946.05405051
                   0318176.912019774
                   0258532.538154222
                   0223848.917183595
                   0207425.462123616
                   03350329.95296354
                   03259273.71398313
                   03081218.83921746
                   02823430.57156289
                   02499517.65151363
                   02122603.54704317
                   01705843.75913508
                   01247242.90246475
                   0832072.393624007
                   0642566.502025086
                   0491230.861476873
                   0376462.669520214
                   0293611.690414429
                   0238551.628016623
                   0206531.997458945
                   0191366.642839967
                   03108131.03075024
                   03022311.01009545
                   02855527.30661365
                   02614599.35433687
                   02311590.48938602
                   01959212.51629189
                   01569677.97129577
                   01142191.73457943
                   0761556.933074859
                   0588392.214120227
                   0449961.476182724
                   0344874.473825177
                   0268964.411635649
                   0218508.8785458
                   0189164.230731621
                   0175263.255908957
                   02858135.06879612
                   02778860.44248374
                   02624316.06343764
                   02400806.06119079
                   02119764.60375063
                   01792880.81496783
                   01431694.62819615
                   01036638.96403181
                   0691171.599848665
                   0534258.0966119
                   0408689.698190194
                   0313273.258635813
                   0244310.506256709
                   0198462.710024358
                   0171797.289363493
                   0159162.947799187
                   02604961.18389847
                   02531907.69831663
                   02389717.80442966
                   02184144.60026634
                   01925740.46661056
                   01625094.8532763
                   01293137.53761538
                   0931486.193595072
                   0621465.687722788
                   0480589.639669313
                   0367742.764404023
                   0281915.789616867
                   0219847.832297688
                   0178575.663383789
                   0154570.603723622
                   0143194.580151429
                   02353510.83859603
                   02284420.41663174
                   02154986.35617305
                   01967536.33441617
                   01731909.43566826
                   01457981.17038781
                   01155776.08176582
                   0828103.018499992
                   0553245.6979949
                   0428020.719834194
                   0327610.513536144
                   0251176.589712356
                   0195868.175719923
                   0159085.563489003
                   0137689.668477105
                   0127547.937053452
                   02098625.58533276
                   02037978.50093428
                   01920884.30891206
                   01752157.79127034
                   01539558.41513882
                   01292423.45980848
                   01020306.82161899
                   0726953.153810686
                   0486764.241532411
                   0376743.954654324
                   0288445.937233762
                   0221170.306756228
                   0172464.007155218
                   0140065.364647173
                   0121218.846015912
                   0112283.321212014
                   01849617.31562418
                   01795878.81387308
                   01691652.9767901
                   01540708.10010178
                   01351143.53964812
                   01130949.18475402
                   0888751.312004768
                   0629679.658704095
                   0422924.351092842
                   0327470.550149339
                   0250791.04176354
                   0192318.108805448
                   0149960.065797343
                   0121779.427379267
                   0105385.521578726
                   097611.9628514514
                   01608368.69676679
                   01561145.12411804
                   01469371.22843799
                   01336029.15178545
                   01168960.78279231
                   0975045.535575614
                   0762379.123649814
                   0537135.95616162
                   0362196.74683525
                   0280561.93740759
                   0214929.159232404
                   0164832.130122633
                   0128524.490153165
                   0104364.826405142
                   090308.7527145637
                   083642.2764748777
                   01378494.64357058
                   01337140.02446291
                   01257021.76289858
                   01141161.44479077
                   0995837.701341359
                   0827346.120366058
                   0643728.650371084
                   0450886.520647183
                   0305477.400308975
                   0236723.933919128
                   0181395.186436341
                   0139130.218887782
                   0108480.93091936
                   088081.3417474701
                   076213.2219963917
                   070583.5070908663
                   01162109.66252416
                   01126779.72152063
                   01057802.63599269
                   0958369.274171236
                   0833591.052369996
                   0689345.493900541
                   0532475.467939322
                   0371736.64159078
                   0253193.145538227
                   0196284.199818427
                   0150450.737602055
                   0115408.693188751
                   089981.6941534799
                   073056.5822132653
                   063208.1556877123
                   058535.4177891979
                   0961874.781025963
                   0931759.304890567
                   0873455.780454373
                   0789318.705080014
                   0683951.598858143
                   0562485.023508093
                   0431402.411947861
                   0300343.310066268
                   0205720.019323508
                   0159545.980768788
                   0122325.914675171
                   093844.1752810168
                   073166.8639140513
                   059399.6553988538
                   051388.7070344363
                   047586.7478404904
                   0779865.134250126
                   0754931.171871883
                   0706234.084614516
                   0636208.995778834
                   0548732.650342168
                   0448334.694167347
                   0341205.479109416
                   0237382.141966093
                   0163496.073875586
                   0126849.465889713
                   097285.5534503713
                   074641.5192349698
                   058194.0868075208
                   047240.2865390577
                   040865.889556118
                   037840.3443420761
                   0617578.517037483
                   0596989.483872005
                   0557188.247537836
                   0500010.439324538
                   0428750.973262745
                   0347917.643890302
                   0262416.406939842
                   0182894.192927543
                   0126613.102081514
                   098272.6367380719
                   075390.5695798786
                   057848.8102319163
                   045099.8896656788
                   036607.9723033975
                   031665.774488627
                   029319.3984330671
                   0475656.239348023
                   0459246.546361653
                   0427263.936006295
                   0381474.7503339
                   0324854.200213688
                   0261013.550864802
                   0195414.112592813
                   0136809.402038004
                   095136.0540735466
                   073871.2947979081
                   056686.6298437247
                   043501.4122458627
                   033913.3739163476
                   027525.4040949353
                   023807.3002668919
                   022041.5932255882
                   0354562.256011424
                   0341559.437186759
                   0316516.308463115
                   0281125.043184066
                   0237030.700327375
                   0188427.895607678
                   0140077.233735691
                   098758.5295016365
                   068939.1591200942
                   053551.3571498318
                   041105.9338169463
                   031547.3808559477
                   024593.27467888
                   019958.7973193655
                   017261.2115615899
                   015979.7432989018
                   0253524.380592287
                   0243699.13323603
                   0224644.074958975
                   0197753.340157461
                   0165149.720287199
                   0129637.57741589
                   095833.6461570606
                   068164.1207327147
                   047739.3552098237
                   037098.2146614036
                   028484.6746005811
                   021863.0039644475
                   017042.6428257251
                   013829.6418457474
                   011959.105554103
                   011070.2366171047
                   0171123.445946757
                   0163867.547067766
                   0150023.545153478
                   0130672.61178178
                   0107644.354634669
                   083427.5939023112
                   061490.3089516135
                   044168.4152805442
                   031025.3217453018
                   024119.4597181385
                   018524.8065185444
                   014219.5065377698
                   011083.7485189194
                   08992.91065665319
                   07775.53389565845
                   07196.99955808548
