             93260.3                 350
                 160
    5339499999.99999    5006048181.56798    4694834386.17908     4404375551.9889    4133287523.08679    3880278453.42319    3644142650.63143    3423754830.40722    3218064754.06581     3026092223.7223    2846922411.24519    2679701498.72381    2523632609.67446    2377972011.59593    2242025571.77804    2115145449.47348    1996727008.66999    1886205936.75086    1783055555.31303    1686784310.32767    1596933429.68293    1513074736.94594    1434808610.92584    1361762081.31434    1293587051.32867    1229958638.88707    1170573628.41199    1115149025.88302    1063420710.25388    1015142174.80693    970083352.447181    928029519.337887    888780271.653059     852148570.57075    817959850.956071    786051189.486468     756270528.25502    728475950.151918    702535002.571022    678324066.218666    655727766.016837    634638421.293436    614955532.639546    596585302.988383    579440190.633658    563438492.057314    548503952.578627    534565402.969263    521556420.302608    509415011.421182    498083317.513724    487507338.394137    477636675.168376    468424290.062966    459826282.270656    451801678.744993    444312238.946896    437322272.612741    430798469.675567    424709741.528891    419027072.876705    413723383.463642    408773399.026417    404153530.851552    399841763.365451    395817549.221131    392061711.381647    388556351.733625    385284765.795381     382231363.11319    379381592.966356    376721875.027037    374239534.644394    371922742.444663    369760457.959318    367742377.012693    365858882.618348    364100999.150164     362460349.56979    360929115.506614           359500000    359348101.265823    359196202.531646    359044303.797468    358892405.063291    358740506.329114    358588607.594937    358436708.860759    358284810.126582    358132911.392405    357981012.658228    357829113.924051    357677215.189873    357525316.455696    357373417.721519    357221518.987342    357069620.253165    356917721.518987     356765822.78481    356613924.050633    356462025.316456    356310126.582278    356158227.848101    356006329.113924    355854430.379747     355702531.64557    355550632.911392    355398734.177215    355246835.443038    355094936.708861    354943037.974684    354791139.240506    354639240.506329    354487341.772152    354335443.037975    354183544.303797     354031645.56962    353879746.835443    353727848.101266    353575949.367089    353424050.632911    353272151.898734    353120253.164557     352968354.43038    352816455.696203    352664556.962025    352512658.227848    352360759.493671    352208860.759494    352056962.025316    351905063.291139    351753164.556962    351601265.822785    351449367.088608     351297468.35443    351145569.620253    350993670.886076    350841772.151899    350689873.417722    350537974.683544    350386075.949367     350234177.21519    350082278.481013    349930379.746835    349778481.012658    349626582.278481    349474683.544304    349322784.810127    349170886.075949    349018987.341772    348867088.607595    348715189.873418    348563291.139241    348411392.405063    348259493.670886    348107594.936709    347955696.202532    347803797.468354    347651898.734177           347500000
                  17
                   0   0.196349540849363   0.392699081698725   0.589048622548088    0.78539816339745   0.981747704246813    1.17809724509618    1.37444678594554     1.5707963267949    1.76714586764426    1.96349540849363    2.15984494934299    2.35619449019235    2.55254403104171    2.74889357189108    2.94524311274044     3.1415926535898
                   2
                   0     6.2831853071796
                   032.8391966750496
                   032.8171655630676
                   032.7740645852696
                   032.7095111231294
                   032.6210449608122
                   032.5037755644775
                   032.3525490817377
                   032.1518846267507
                   031.8924660132055
                   031.5415572542362
                   031.0456164965234
                   030.2868611594907
                   029.0137092127343
                   026.5296839561961
                   020.3083520777586
                   03.09184565860468
                   038.4595228487052
                   038.4322391928575
                   038.3784865049957
                   038.2966905624894
                   038.1837807830091
                   038.0335555791667
                   037.8383426897609
                   037.5812277499355
                   037.2498950247578
                   036.8001638364894
                   036.1651632348234
                   035.1960293838206
                   033.5726968518536
                   030.4159598857773
                   022.6414471864377
                   03.31685947977988
                   045.0261872671197
                   044.9922075367359
                   044.9246993940716
                   044.8210747343054
                   044.6768623265547
                   044.4841157931782
                   044.2325858303325
                   043.9029148526047
                   043.4790499574026
                   042.9029886081311
                   042.0906117813312
                   040.8522442173364
                   038.7830826908606
                   034.7860659972384
                   025.121092042964
                   03.62080691752301
                   052.7141506119873
                   052.6716096878525
                   052.5861409011168
                   052.4544033557307
                   052.2702056152088
                   052.0225612422685
                   051.6993600096206
                   051.2769426369933
                   050.7349692799006
                   049.9979920874709
                   048.9596924359715
                   047.3783719814158
                   044.7415814744497
                   039.6947424696303
                   027.7293166669842
                   04.02081962114739
                   061.728670188717
                   061.6751471373351
                   061.5667049387961
                   061.3984114062544
                   061.1625341167239
                   060.8436921808681
                   060.4302656330678
                   059.8903901377036
                   059.1964871139886
                   058.2535333463601
                   056.9277883860301
                   054.9092337297943
                   051.5588601974083
                   045.1982719897051
                   030.4523304555203
                   04.54002588619323
                   072.3011113959694
                   072.2332023438875
                   072.0950307786522
                   071.8798632761949
                   071.5776984470746
                   071.1665862975718
                   070.638750670226
                   069.9492621637517
                   069.0606183558708
                   067.8552622169238
                   066.1630484827744
                   063.5883261209774
                   059.3425165052868
                   051.3455200547527
                   033.2649451766361
                   05.20344807819884
                   084.7126600549049
                   084.6263498198833
                   084.4491587584427
                   084.1736990537603
                   083.7863699891112
                   083.2568222295582
                   082.5834958973956
                   081.7040791706412
                   080.5673793822029
                   079.0283189541339
                   076.8702224193207
                   073.5914360185939
                   068.2177365977981
                   058.185856567253
                   036.149263087117
                   04.72079691087085
                   099.2819813391756
                   099.1714653522841
                   098.9462822638785
                   098.5932173291483
                   098.0959536259211
                   097.4154961396671
                   096.5574099293245
                   095.4361947133316
                   093.9841101423628
                   092.0203049309852
                   089.2694369851586
                   085.102547434596
                   078.3141265905403
                   065.7586563389716
                   039.0845362349567
                   05.91098925638282
                   0116.399229826834
                   0116.258045924964
                   0115.970169625548
                   0115.518809196451
                   0114.882293085465
                   0114.008506382972
                   0112.915647836919
                   0111.487719093711
                   0109.634989549088
                   0107.131788473691
                   0103.625117536703
                   098.341780530786
                   089.7843272999285
                   074.1118799540946
                   042.0768793448265
                   07.397137251552
                   0136.503656458061
                   0136.323250974261
                   0135.954614974398
                   0135.377626157755
                   0134.561738203323
                   0133.443054724047
                   0132.052728176131
                   0130.235398134635
                   0127.875066150633
                   0124.689236898971
                   0120.226711455976
                   0113.538910331441
                   0102.77109323372
                   083.2808008573749
                   045.1367826632166
                   09.23711900112003
                   0160.139592797522
                   0159.909372663051
                   0159.437958570101
                   0158.700566816705
                   0157.655799927536
                   0156.229140264826
                   0154.460440021269
                   0152.147411637221
                   0149.143276146056
                   0145.092010527425
                   0139.42139022798
                   0130.966357168555
                   0117.443884317142
                   093.3008506878889
                   048.3158125008455
                   011.5289000071419
                   0187.920773739762
                   0187.626700383132
                   0187.023753311195
                   0186.081469621926
                   0184.74295861155
                   0182.926680095164
                   0180.68507106272
                   0177.743044282936
                   0173.922457729014
                   0168.779214619526
                   0161.583400954314
                   0150.911952478498
                   0133.969481443385
                   0104.194778200846
                   051.687482372579
                   014.3609742427054
                   0220.5600822969
                   0220.184367746114
                   0219.415343764115
                   0218.2103306307
                   0216.500347879625
                   0214.190037521723
                   0211.34787941652
                   0207.610574958491
                   0202.756986134265
                   0196.229202273433
                   0187.118980530109
                   0173.678796087552
                   0152.508005059717
                   0115.964074550901
                   055.3697978142833
                   017.8437272923117
                   0258.969877903055
                   0258.487616026319
                   0257.507579301988
                   0255.952997122277
                   0253.765027044705
                   0250.818124646494
                   0247.207154889969
                   0242.450404728139
                   0236.278275188447
                   0227.987909712285
                   0216.473524654735
                   0199.551771143106
                   0173.178303074633
                   0128.564413174985
                   059.4742266961372
                   022.0722236328409
                   0304.019160866075
                   0303.409404271304
                   0302.14463742486
                   0300.181502577272
                   0297.381651226668
                   0293.655130395295
                   0289.079167563351
                   0283.047739789362
                   0275.229965488612
                   0264.728941270256
                   0250.18417994483
                   0228.995605284815
                   0196.23953793491
                   0142.146394629774
                   064.3661785272514
                   027.3348804786707
                   0356.975199241789
                   0356.190451274347
                   0354.600249763749
                   0352.08289341966
                   0348.540328366422
                   0343.798871811216
                   0338.013362685228
                   0330.3810962996
                   0320.476374687775
                   0307.21189823889
                   0288.91131856566
                   0262.392276965311
                   0221.834187289244
                   0156.696984865155
                   070.2978552409322
                   033.7811235688149
                   0420.047511172574
                   0419.058798262032
                   0417.014751079725
                   0413.804392874248
                   0409.263788766853
                   0403.244814657596
                   0395.88027792744
                   0386.176399483598
                   0373.593142704555
                   0356.749768217712
                   0333.735603697152
                   0300.609682977923
                   0250.587492124558
                   0172.703922761651
                   077.9519335158461
                   041.984864006901
                   0493.830122779255
                   0492.572982067176
                   0489.997043209788
                   0485.908034306785
                   0480.116253060037
                   0472.46539419573
                   0463.156764284701
                   0450.838192209222
                   0434.917912656833
                   0413.617540193186
                   0384.780226375021
                   0343.504503862034
                   0282.085671211615
                   0189.748956639578
                   087.235332301581
                   051.7712192259371
                   0580.405453099297
                   0578.778906582563
                   0575.501206723301
                   0570.306977650491
                   0562.96698903014
                   0553.305862081768
                   0541.451567776852
                   0525.879118426428
                   0505.769432744712
                   0478.936579108867
                   0442.827359845993
                   0391.580878640276
                   0316.555355297761
                   0208.092953216058
                   098.5530204808464
                   063.4431904058554
                   0681.986516536696
                   0679.943375172341
                   0675.734085576534
                   0669.13380645912
                   0659.874339218635
                   0647.635003749694
                   0632.656335197547
                   0612.951503981684
                   0587.589612594477
                   0553.861607262625
                   0508.816651118228
                   0445.405995069607
                   0354.290569537827
                   0228.106763773472
                   0112.379346599963
                   077.4301339024382
                   0800.866686339547
                   0798.282427116588
                   0792.940290261356
                   0784.595014067115
                   0772.902407155902
                   0757.484605480264
                   0738.535395506191
                   0713.666441963611
                   0681.763163931658
                   0639.418922254491
                   0583.388126454642
                   0505.270566574806
                   0395.332565719122
                   0250.010506330299
                   0129.004030209123
                   093.9688849772034
                   0939.977276356415
                   0936.705572860443
                   0929.977734452234
                   0919.386950066689
                   0904.59103364603
                   0885.179645019473
                   0861.300330904333
                   0829.985829527193
                   0789.916720003462
                   0736.968924373191
                   0667.522672307365
                   0571.679226722503
                   0439.878846839251
                   0274.308374185808
                   0148.847707941734
                   0113.474459958047
                   01103.78047255494
                   01099.59558216267
                   01091.08958936133
                   01077.60543905977
                   01058.97588013967
                   01034.48172978322
                   01004.35110012869
                   0964.945572903117
                   0914.590349493956
                   0848.501371676755
                   0762.677475249401
                   0645.558679940024
                   0488.735984459143
                   0302.145259273544
                   0172.70938751128
                   0136.805485461569
                   01296.82725036139
                   01291.50905183553
                   01280.69030216399
                   01263.63700807349
                   01240.08040153376
                   01209.14199232674
                   01171.1251296461
                   01121.55044241079
                   01058.30184055604
                   0975.934763645968
                   0870.224984571471
                   0727.773358095863
                   0542.457563494976
                   0334.559159128833
                   0201.308427151309
                   0164.702463199987
                   01520.31880194949
                   01513.57118746953
                   01499.85984267596
                   01478.41172152307
                   01448.73525434059
                   01409.93515776704
                   01362.2141630871
                   01300.07189909667
                   01221.04042393972
                   01118.96635622663
                   0989.336076139371
                   0817.27301852988
                   0600.140668023534
                   0371.145332786273
                   0234.022598532638
                   0196.594284613456
                   01779.19481189674
                   01770.7579052291
                   01753.45679889724
                   01726.55868615976
                   01689.41832911619
                   01640.80529057171
                   01581.1621048299
                   01503.6250718409
                   01405.39091474317
                   01279.47505379631
                   01121.28538971966
                   0914.716695215822
                   0662.702735405369
                   0412.855500574507
                   0247.641416414111
                   0232.966408374913
                   02078.31402515543
                   02067.76031611563
                   02046.12709390599
                   02012.4433864278
                   01966.17563956151
                   01905.67616390595
                   01831.408459005
                   01734.85089852888
                   01613.16869626118
                   01458.44932269613
                   01266.37440086457
                   01020.38722688257
                   0730.487957961948
                   0460.480753020361
                   0291.591507391895
                   0274.074563663948
                   02432.06376662113
                   02418.85377635644
                   02391.66797521869
                   02349.48879422874
                   02291.49286067353
                   02215.57106080818
                   02122.87567201772
                   02002.58509895779
                   01851.93916269193
                   01662.20925204796
                   01429.69801831518
                   01137.56327443702
                   0807.100314155805
                   0517.456476338935
                   0343.633808010857
                   0323.045617719299
                   02835.95491550869
                   02819.37699615447
                   02785.51893997848
                   02733.06420288919
                   02660.87501436845
                   02566.66233895893
                   02451.83561786761
                   02303.20595663071
                   02117.62736671068
                   01886.62181577155
                   01607.37639484022
                   01263.86972313788
                   0890.280889075556
                   0581.663132826812
                   0401.861274217007
                   0377.350970637745
                   03296.85283205701
                   03276.27569126163
                   03234.36103995284
                   03169.45290771402
                   03080.36116316681
                   02963.82184731479
                   02822.39969502881
                   02639.49501350829
                   02412.7154215234
                   02132.85001954392
                   01800.13754504528
                   01399.49324690844
                   0980.979833659714
                   0653.756088269598
                   0466.814377971861
                   0438.046783205704
                   03835.78671733554
                   03810.16460522163
                   03758.13536904787
                   03677.55030309687
                   03567.38455782891
                   03423.2523138002
                   03248.72382237512
                   03024.20688530083
                   02747.54158738166
                   02410.02717223302
                   02015.09156780287
                   01550.79134999299
                   01085.55124982496
                   0738.528874092429
                   0542.601092968016
                   0509.193171703017
                   04444.20259090262
                   04412.6694836566
                   04348.63843676651
                   04249.60834198473
                   04114.30512061979
                   03937.18104057422
                   03723.61219096214
                   03449.94740884793
                   03114.99247992563
                   02710.93592627531
                   02245.89090471771
                   01712.72335964371
                   01199.66713918937
                   0832.140197395584
                   0625.706953843311
                   0587.204243030457
                   05142.40740111595
                   05103.62902143304
                   05024.95714335564
                   04903.42938753093
                   04737.40008073155
                   04520.85495706744
                   04260.00223650751
                   03927.81430610694
                   03524.30151169261
                   03043.19466959257
                   02498.99158987456
                   01891.35305706341
                   01328.95899587054
                   0938.470302913112
                   0720.060719640969
                   0675.391454090073
                   05931.67046441246
                   05884.2942742178
                   05788.35477898536
                   05639.7997897882
                   05437.31650506894
                   05173.6461647488
                   04857.44078722796
                   04456.4139501753
                   03973.07265606413
                   03403.84400848237
                   02772.39684757914
                   02085.16147112718
                   01472.47200218521
                   01055.88661444093
                   0823.899289343916
                   0771.917556396618
                   06826.78019726829
                   06769.05204163689
                   06652.28423584716
                   06471.42913874734
                   06225.4834845428
                   05905.82161850198
                   05523.83514470797
                   05042.57770432868
                   04466.76699777472
                   03797.81245342889
                   03069.48031822082
                   02297.96220283363
                   01633.13123695571
                   01186.14698139236
                   0939.323170507816
                   0878.558931301117
                   07828.32964186791
                   07758.7129518246
                   07617.06535767965
                   07398.55376523186
                   07101.24069140543
                   06716.21827288809
                   06257.70257311024
                   05683.69895095663
                   05003.28235203409
                   04222.57159067761
                   03388.22891314602
                   02528.49295727385
                   01809.28901049314
                   01328.33319790094
                   01064.8773427887
                   0995.719860181579
                   08961.20890000524
                   08876.97650617892
                   08705.72207611407
                   08442.09956997516
                   08084.34955328971
                   07622.29330491576
                   07074.53180630423
                   06393.60588784536
                   05593.03599219984
                   04687.34020018314
                   03737.90663233637
                   02784.34496811188
                   02007.0780714554
                   01375.95826476488
                   01204.85905581222
                   01127.38937709553
                   010221.7108028987
                   010120.6011188968
                   09915.16326103186
                   09599.05178638648
                   09171.05695836516
                   08619.99637281933
                   07969.25334725383
                   07166.59704106829
                   06230.976027233
                   05188.37575876199
                   04115.54373071365
                   03063.24306580175
                   02223.764143581
                   01549.67956704025
                   01356.60956850473
                   01271.29536992686
                   011623.0690294471
                   011502.3471717555
                   011257.7722852
                   010880.1096913147
                   010370.5579724746
                   09716.99214540491
                   08949.287124418
                   08007.98241446209
                   06921.63232361071
                   05729.40607225663
                   04525.18486978335
                   03367.99245590403
                   02462.25469534295
                   01741.20635459981
                   01524.34789187516
                   01425.52447107056
                   013172.659394231
                   013029.3032707825
                   012739.137121473
                   012291.8607350644
                   011687.7529373796
                   010917.1425413545
                   010015.6086263456
                   08918.68752864555
                   07665.98652432605
                   06310.42228205957
                   04966.99391302175
                   03698.8937331395
                   02721.56941460227
                   01948.38385013644
                   01705.1042139174
                   01592.63084563055
                   014874.0428295338
                   014704.7038041219
                   014361.8753897288
                   013834.5537912667
                   013124.0390064019
                   012220.7243014013
                   011168.9064845741
                   09900.37859357045
                   08464.26771478258
                   06932.61035563706
                   05442.82820235851
                   04059.00393843306
                   03003.1652692011
                   02173.97299147023
                   01902.43405705139
                   01775.36897559837
                   016740.4873593719
                   016541.7236707903
                   016139.9335774768
                   015521.3477502878
                   014689.6996815049
                   013636.847198744
                   012416.1153800663
                   010956.927212333
                   09321.17629753203
                   07599.46884827491
                   05954.97932426669
                   04449.56072446121
                   03305.83642207838
                   02417.51188004549
                   02116.14067140497
                   01973.84089550236
                   018779.0905700758
                   018547.3066816947
                   018077.5295304756
                   017355.9530616527
                   016389.2642473663
                   015168.3230014596
                   013759.6647282366
                   012090.5006422403
                   010239.2016262233
                   08314.07005372571
                   06504.88439752506
                   04872.7805497117
                   03629.76935826376
                   02681.18111130394
                   02345.74102675118
                   02187.85547526294
                   020982.6443322131
                   020713.2535507147
                   020167.8622169133
                   019331.4589243922
                   018214.065735042
                   016807.1337174809
                   015191.6415163146
                   013294.0384536745
                   011211.581219676
                   09071.65783448091
                   07090.00381897548
                   05323.194166371
                   03970.64815599778
                   02961.10382766216
                   02589.35443821917
                   02414.80210208184
                   023361.1539021123
                   023050.1912555949
                   022420.1948476579
                   021455.8873658318
                   020170.9575240329
                   018560.4528381259
                   016718.4827297941
                   014572.656799966
                   012242.0619477759
                   09876.17055224358
                   07712.19037498472
                   05802.29713603286
                   04329.52286172426
                   03258.57366354428
                   02847.8809775809
                   02655.71429126795
                   025912.3188606411
                   025554.9989764921
                   024832.1833010967
                   023726.8450800426
                   022257.9220853486
                   020423.2027863677
                   018337.0339527919
                   015924.5061188381
                   013328.6934747541
                   010726.4417495605
                   08371.96724948176
                   06304.45663591861
                   04490.69241899042
                   03570.03767255483
                   03120.62542850619
                   02910.49801900001
                   028628.6997642235
                   028220.7560435613
                   027395.9095703447
                   026136.1820630649
                   024466.5844324991
                   022390.5716806137
                   020038.702341435
                   017343.5653512921
                   014465.3716721901
                   011618.483773406
                   09061.468084834
                   06824.20152628735
                   04749.22274715958
                   03888.93829915398
                   03403.90584725531
                   03175.72252047368
                   031593.7047390052
                   031127.1431792001
                   030186.5379587785
                   028748.8675414466
                   026846.5583665401
                   024491.2821738085
                   021852.5195025278
                   018835.7383297512
                   015649.7546571893
                   012528.9823593653
                   09754.57188552079
                   07328.66966684638
                   05109.88346314757
                   04180.00488054642
                   03655.73455123532
                   03409.68358338649
                   034581.3036673792
                   034057.2402533427
                   032986.450683956
                   031371.9355750733
                   029243.0088713405
                   026614.2780927324
                   023661.3131466226
                   020330.4399059378
                   016842.7041649666
                   013461.7438702045
                   010462.227302507
                   07856.43945835482
                   05509.96995255312
                   04509.93373753479
                   03937.36579001626
                   03675.377639134
                   037725.2676775927
                   037139.2321497241
                   035950.2384350824
                   034148.3207946056
                   031764.2349871991
                   028842.3798332544
                   025566.5149176063
                   021902.347659246
                   018101.5854150033
                   014438.3194897577
                   011208.3941084416
                   08411.86426036916
                   05928.55989712443
                   04856.16932157075
                   04237.33815669642
                   03958.8633316958
                   041023.6266463659
                   040358.6246052339
                   039043.0143517241
                   037017.7075536473
                   034381.375021021
                   031151.0000677792
                   027535.8598694753
                   023526.919417493
                   019401.8884527535
                   015450.2687640897
                   011982.4812465277
                   08985.69554685934
                   06372.74689779146
                   05214.86298843954
                   04548.23840382882
                   04248.02008389096
                   044435.4752445277
                   043706.2859487438
                   042232.7418080563
                   039995.1074622197
                   037079.9259972468
                   033532.1334836631
                   029569.2943711805
                   025208.3881642015
                   020743.528071605
                   016496.7371103635
                   012785.305152317
                   09587.6223405533
                   06829.96645931561
                   05590.65603740388
                   04867.0839190366
                   04548.06794295782
                   047957.1429510579
                   047152.1255245749
                   045521.8313584013
                   043060.7411634188
                   039851.5030622812
                   035960.2694523549
                   031620.9652837166
                   026922.3458870984
                   022116.944653793
                   017577.2224694368
                   013606.5187264356
                   010188.6980055281
                   07296.31944242595
                   05971.0482411409
                   05194.120188745
                   04851.69316686513
                   051584.7626363127
                   050699.5413830452
                   048907.4703573743
                   046227.5956103952
                   042726.6840621649
                   038492.2492587317
                   033778.3376263135
                   028646.1171878642
                   023509.7347471538
                   018628.1043575374
                   014415.3369778325
                   010758.6082268239
                   07757.87994986814
                   06351.55309790666
                   05524.31181676418
                   05156.80617189051
                   055285.2043195609
                   054328.4869545016
                   052366.2306992139
                   049434.8387418902
                   045624.6660933273
                   041033.6692180516
                   035943.0339319867
                   030443.0637355172
                   024887.4484699869
                   019713.3830995336
                   015242.7936326563
                   010767.7349369127
                   08225.2855873556
                   06731.22176261495
                   05852.03876384593
                   05462.19213527479
                   059064.1049151476
                   058015.795798704
                   055886.8614814144
                   052704.0342928396
                   048578.1875887442
                   043626.9605948609
                   038186.2010608376
                   032245.8504467234
                   026283.1451208086
                   020771.9375439716
                   016046.8026292392
                   011108.6002563621
                   08676.9895764569
                   07114.16263086881
                   06184.1465900053
                   05768.32738271502
                   062881.8365885201
                   061736.682120635
                   059435.3684652488
                   055997.7922103699
                   051565.187049993
                   046272.3305452754
                   040400.8621537829
                   034053.1940877725
                   027705.7446875411
                   021872.2626077938
                   016833.6719362622
                   011680.0432124252
                   09128.4218734245
                   07497.6766344613
                   06517.62859174597
                   06074.06097284085
                   066706.7483928606
                   065472.5479301005
                   062997.5287208138
                   059327.7011749416
                   054579.8044262584
                   048878.8101309683
                   042614.9599251432
                   035856.8581072507
                   029120.90725157
                   022962.6441160419
                   017631.8890456378
                   012245.2405874137
                   09570.87335869329
                   07874.16792369983
                   06847.63937764761
                   06378.8027302661
                   070555.8022231275
                   069229.7658618733
                   066601.8422724523
                   062666.6055157174
                   057570.4292659615
                   051492.7322418699
                   044827.1890647652
                   037657.4799480957
                   030532.7358228274
                   024048.3725566861
                   018420.9920886506
                   012822.117043498
                   010018.6146734227
                   08237.18340837971
                   07174.4511995581
                   06680.27382160966
                   074405.7899972114
                   072981.8795346209
                   070187.5409188365
                   065975.0949890412
                   060544.5262665212
                   054086.0527395
                   047021.7160365777
                   039441.1859418263
                   031925.690942537
                   025113.8489930289
                   019194.677910389
                   013388.4894894148
                   010465.5296245284
                   08594.740038336
                   07492.25103326479
                   06973.6711639908
                   078236.760587688
                   076751.7998316336
                   073745.634200336
                   069269.6017635816
                   063506.9091538691
                   056668.828261019
                   049202.979835995
                   041211.174561368
                   033302.4374244243
                   026159.6623450647
                   019950.385370059
                   013944.9309083327
                   010905.818119747
                   08952.13911441801
                   07799.08891849549
                   07264.60820978618
                   082036.3546312819
                   080460.3025870837
                   077273.1017312701
                   072531.7461967747
                   066437.5628159642
                   059220.9332648636
                   051357.9985035214
                   042956.6933615363
                   034655.3554849974
                   027174.7657998876
                   020686.0638934211
                   014490.120957287
                   011336.6319932255
                   09300.80876093087
                   08105.00088021045
                   07548.30673452906
                   085771.1220187433
                   084088.5333974476
                   080729.7832869653
                   075727.4604479116
                   069309.0692048121
                   061717.5129790917
                   053461.40965787
                   044654.7058900222
                   035970.1067502324
                   028150.0723888236
                   021375.5375292002
                   015013.5567065487
                   011752.499183837
                   09638.06350000385
                   08402.24188197398
                   07820.28418876414
                   089486.5729026901
                   087676.011931116
                   084142.5300942124
                   078883.6674683931
                   072141.9862521348
                   064182.4463973759
                   055538.2293224919
                   046330.703222342
                   037257.3271166294
                   029097.4454045158
                   021591.9388927507
                   015530.8052218458
                   012161.5820144659
                   09970.85889244405
                   08694.00536630409
                   08083.87895504371
                   093097.4589010196
                   091202.7165236391
                   087458.784513105
                   081928.6350694296
                   074867.9363841272
                   066553.4532429628
                   057542.3454877407
                   047959.0635700509
                   038460.1533978581
                   029993.5157879425
                   021147.2061708265
                   016022.0572993694
                   012559.8118640352
                   010291.4662138195
                   08968.03544684665
                   08340.37462706895
                   096640.4793909629
                   094698.1091620828
                   090800.2068888829
                   085023.3229349275
                   077641.2275420833
                   068953.8782366858
                   059550.718346395
                   049552.5272811699
                   039594.1439461936
                   030811.8404060933
                   021576.8445292789
                   016437.1402030422
                   012907.8888047379
                   010576.1045227428
                   09221.17671662496
                   08584.90975202446
                   0100116.767621919
                   098073.2165056845
                   094002.4332501301
                   087975.339637153
                   080285.8883088678
                   071245.0324359051
                   061472.0928981795
                   051088.1733383262
                   040716.0264246165
                   031615.2850783231
                   022121.9113996062
                   016864.4086587866
                   013261.1627177265
                   010863.965794863
                   09471.87281224634
                   08815.06471801364
                   0103478.816744495
                   0101350.463644381
                   097111.1346814877
                   090841.5889866422
                   082852.0352793064
                   073465.7682191648
                   063333.3372634453
                   052568.1124653161
                   041763.7521789553
                   032384.6209074332
                   022651.9041386112
                   017273.2955898826
                   013597.2077583779
                   011138.9283622216
                   09710.8184364818
                   09038.2765377445
                   0106732.51909284
                   0104520.414302326
                   0100119.211548687
                   093614.3113441594
                   085332.2941872671
                   075614.3460345012
                   065131.0946719421
                   053990.3264659484
                   042800.9544737143
                   033127.2651246095
                   023172.7320778393
                   017673.4033734898
                   013923.0020437763
                   011406.4849916296
                   09943.40381919059
                   09254.92595233184
                   0109880.518960476
                   0107587.951523822
                   0103028.869150025
                   096295.743321087
                   087729.5675501723
                   077686.9818474449
                   066861.3885133249
                   055359.3789470629
                   043789.0209220493
                   033835.2758132922
                   023674.9087597475
                   018058.9162888559
                   014233.0876530781
                   011661.8933402084
                   010165.3999930801
                   09461.60017016276
                   0112911.207580385
                   0110540.594762867
                   0105828.561519171
                   098873.9593414358
                   090033.8172340159
                   079680.0213110212
                   068521.5900215236
                   056664.814691529
                   044727.419111078
                   034500.3752977402
                   024149.7268392102
                   018427.4559673706
                   014525.9749760972
                   011904.0222879132
                   010375.8393478256
                   09657.49096789599
                   0115843.017681672
                   0113396.260078371
                   0108535.708766387
                   0101367.05569696
                   092260.5093808695
                   081603.2271686376
                   070122.2338319703
                   057922.0460865077
                   045619.2260241019
                   035118.5006495656
                   024605.3542858395
                   018781.3639858014
                   014804.886105
                   012135.1299700027
                   010576.738758547
                   09844.28393702312
                   0118666.981407054
                   0116147.163161541
                   0111142.644708461
                   0103766.384296744
                   094401.9035811752
                   083453.2892422448
                   071658.3149494839
                   059123.0945908558
                   046465.2405696715
                   035537.5876444063
                   025036.9786969516
                   019120.6763369388
                   015069.5671673602
                   012354.6308915219
                   010767.6145585921
                   010021.7101274551
                   0121383.378466714
                   0118792.918361018
                   0113649.594440316
                   0106073.571588403
                   096460.8015571767
                   085228.045085726
                   073129.7932828558
                   060270.0843196813
                   047264.0090903378
                   035522.3885352249
                   025446.9129471844
                   019441.8482920921
                   015320.455266362
                   012562.6533229745
                   010948.3432276367
                   010189.7903369131
                   0123991.077263703
                   0121332.649059114
                   0116055.607560099
                   0108286.650281187
                   098435.0939684625
                   086928.3910526332
                   074538.7902303079
                   061364.3132855499
                   048012.135380997
                   034907.1396345186
                   025830.0522749959
                   019747.1333143751
                   015559.3416247178
                   012759.9056155316
                   011119.910612888
                   010349.4380812918
                   0126517.254217068
                   0123792.535219657
                   0118385.619769256
                   0110430.188481249
                   0100344.500569107
                   088575.2694984321
                   075898.9274392564
                   062418.6824739581
                   048717.5342395951
                   034518.5636579785
                   026186.0256053859
                   020041.6425466006
                   015788.0660315674
                   012948.9360765126
                   011284.1218040094
                   010502.1000548088
                   0128991.616353037
                   0126201.724856556
                   0120668.004871794
                   0112527.251781733
                   0102217.136687322
                   090186.9284513205
                   077230.4515451037
                   063446.9764034534
                   049390.9559158341
                   034736.6300050677
                   026524.6894639101
                   020327.535888825
                   016012.7541103977
                   013133.0949757302
                   011444.3935441499
                   010650.9191435979
                   0131482.47245933
                   0128627.547369577
                   0122966.627060246
                   0114642.926094811
                   0104103.972738743
                   091813.7333496343
                   078575.9543196338
                   064484.4016459215
                   050065.3041679895
                   035163.6174477134
                   026867.8188455671
                   020618.7218198898
                   016240.0853144413
                   013320.2808701731
                   011607.0566725972
                   010802.1618864392
                   0134162.508064306
                   0131239.570977752
                   0125443.279656286
                   0116925.308602244
                   0106142.915361865
                   093577.5914604377
                   080035.6027787688
                   065615.404300236
                   050812.5511560503
                   035673.9810012334
                   027261.1556312284
                   020944.3063918784
                   016494.5374099309
                   013529.3804918814
                   011788.4305563187
                   010970.9773665536
                   0137405.513336201
                   0134401.700177757
                   0128447.349666746
                   0119699.923811627
                   0108630.505446756
                   095735.5844986005
                   081835.596583377
                   067022.7047225036
                   051712.2134197723
                   036351.0467682283
                   027780.5471402237
                   021362.5465972332
                   016822.4227776671
                   013798.2028583075
                   012022.1604469942
                   011188.2391167095
                   0140634.708633319
                   0137554.789263639
                   0131451.097130591
                   0122480.989795978
                   0111139.902048351
                   097928.5878382961
                   083688.4607030277
                   068504.5531546842
                   052692.9327221883
                   037117.4682949483
                   028367.2246101619
                   021821.0793855208
                   017182.9418745973
                   014093.7600505758
                   012279.3892668831
                   011427.3607363919
                   0142603.746352801
                   0139479.653531265
                   0133287.761512043
                   0124194.528770625
                   0112684.769924924
                   099286.581172822
                   084843.2756922554
                   069439.253852607
                   053369.8426358045
                   037614.1847589537
                   028746.9801089872
                   022115.2991145835
                   017414.1747142748
                   014283.4550906887
                   012444.3036700739
                   011580.7960505481
                   0144704.576944572
                   0141533.22633498
                   0135247.899265032
                   0126017.75525214
                   0114340.159844175
                   0100735.898545131
                   086075.7582093614
                   070437.7316406277
                   054091.2565218539
                   038144.5237476955
                   029151.8997938855
                   022428.820799553
                   017661.0136288735
                   014485.6724875968
                   012620.4088523619
                   011744.5984850339
                   0146976.350963885
                   0143753.434027585
                   0137367.724730579
                   0127989.598031017
                   0116126.220798069
                   0102308.172547848
                   087408.0913010551
                   071521.2614944942
                   054871.1117038336
                   038718.6548334455
                   029590.3927268396
                   022767.3904738069
                   017927.4923915208
                   014703.9744957538
                   012810.6843970993
                   011921.3768980724
                   0149418.756220069
                   0146141.150930655
                   0139647.15691596
                   0130110.069047156
                   0118046.548641878
                   0103994.599482257
                   088841.3659379367
                   072683.1891816323
                   055952.5036747284
                   039337.3558495085
                   030063.2132278255
                   023132.4655531508
                   018214.6461099111
                   014939.1562712042
                   013015.3591853329
                   012111.9103854317
                   0152068.059584
                   0148731.204641918
                   0142119.116839557
                   0132402.972135646
                   0120122.728124875
                   0105819.349651532
                   090397.161848273
                   073940.3080590569
                   056627.7660298186
                   040003.9354687248
                   030573.012762779
                   023526.5688950071
                   018524.5072063834
                   015193.0078493381
                   013236.4152152346
                   012317.5700495196
                   0154937.859168584
                   0151536.416077389
                   0144796.82087906
                   0134900.148831243
                   0122377.435913664
                   0107800.23937379
                   092080.5683416422
                   075304.6823507457
                   057605.6949370181
                   040728.8384818888
                   031126.7577486008
                   023954.0996612226
                   018860.6431481176
                   015468.3805467757
                   013476.1984374137
                   012540.5292701589
                   0158045.979127048
                   0154574.678212419
                   0147696.615744476
                   0137597.904090281
                   0124823.617777226
                   0109945.547903012
                   093903.9401738258
                   076780.6841483576
                   058666.6105336132
                   041512.5267498295
                   031726.3378648913
                   024416.5866711955
                   019223.8344273186
                   015766.3622413679
                   013735.459175357
                   012781.6590360585
                   0161419.679803744
                   0157872.078957408
                   0150844.675261443
                   0140525.671765645
                   0127473.851699131
                   0112272.491077919
                   095883.6003486243
                   078383.4219403161
                   059817.7264015217
                   042364.049990921
                   032377.6373233678
                   024919.1873285613
                   019618.6112218836
                   016089.0192429921
                   014016.7362780787
                   013043.1809994203
                   0165094.673112298
                   0161464.629803854
                   0154273.712918768
                   0143716.541368164
                   0130362.994165002
                   0114809.145226489
                   098039.9254126349
                   080128.8405080894
                   061070.539010275
                   043291.6346192588
                   033086.3499073164
                   025465.6180429812
                   020047.9169632225
                   016441.1916361341
                   014323.1401773436
                   013328.2373941172
                   0169091.072218902
                   0165371.431890445
                   0158002.575678547
                   0147186.340049233
                   0133504.135331846
                   0117566.090459929
                   0100384.537093403
                   082025.9215729938
                   062430.9728425964
                   044299.5992484672
                   033857.0906285525
                   026060.020715273
                   020514.9732634541
                   016823.7834339391
                   014655.975068108
                   013637.6674003923
                   0173435.596471078
                   0169618.567952092
                   0162057.915636861
                   0150959.371271393
                   0136918.809108167
                   0120564.796889361
                   0102932.245014892
                   084087.9204042311
                   063907.2364302743
                   045395.9181804297
                   034693.8679231491
                   026705.3404883089
                   021021.5857429188
                   017238.4373330309
                   015017.3868062043
                   013973.8057117654
                   0178169.076360551
                   0174245.644253048
                   0166474.286428567
                   0155067.954914362
                   0140638.48423127
                   0123836.316720354
                   0105707.7145502
                   086332.4318731365
                   065513.0478545673
                   046588.839015304
                   035604.6552747008
                   027407.8148353855
                   021574.1818910194
                   017690.6444030417
                   015410.7875940471
                   014339.6031822402
                   0183333.25664795
                   0179293.608704107
                   0171293.635836832
                   0159550.471676029
                   0144696.196757268
                   0127399.434192736
                   0108734.909109659
                   088779.0375050434
                   067258.1133561711
                   047886.7742783835
                   036596.0654159855
                   028171.936221035
                   022174.2224292321
                   018182.1390417693
                   015838.6647271928
                   014737.4157748145
                   0188985.249633127
                   0184818.744146453
                   0176568.089334138
                   0164455.911028787
                   0149137.659681128
                   0131299.233747958
                   0112047.988192892
                   091456.4255936364
                   069164.7463337856
                   049308.3299690824
                   037681.8928658884
                   029008.2443264514
                   022831.5604969593
                   018720.0329760246
                   016307.0824625776
                   015172.9886405089
                   0195170.040884292
                   0190865.338484153
                   0182338.391231637
                   0169823.576590555
                   0153996.846990971
                   0135565.625243299
                   0115672.687521299
                   094384.4014268034
                   071244.8761824894
                   050861.8358747523
                   038869.502730952
                   029922.5758873165
                   023549.4780012135
                   019307.5534409288
                   016818.3864204477
                   015648.7175644947
                   0201947.598824373
                   0197489.272787212
                   0188660.384776939
                   0175706.367792087
                   0159320.706073562
                   0140238.400388167
                   0119641.140684979
                   097588.4894442105
                   073517.9251993001
                   052561.9032645034
                   040168.8293319295
                   030922.5453829913
                   024334.4748454746
                   019950.5642975336
                   017377.94475163
                   016168.8430231413
                   0209389.34830435
                   0204764.125821819
                   0195604.321149446
                   0182164.579891896
                   0165165.928146528
                   0145370.049868239
                   0123996.541090628
                   0101103.834230402
                   076006.9227144296
                   054427.2847766671
                   041592.6079380921
                   032019.1968348064
                   025195.9238511517
                   020654.6540496255
                   017990.8587594299
                   016738.9349199247
                   0217557.961566193
                   0212748.215639904
                   0203223.969366458
                   0189245.81190205
                   0171573.750036296
                   0150996.122688504
                   0128770.741723701
                   0104954.162442518
                   078724.2217755205
                   056467.0577176279
                   043149.6958232056
                   033218.8166942612
                   026137.8861815745
                   021425.7382453449
                   018661.7553656389
                   017362.346868354
                   0226566.549822723
                   0221553.526288973
                   0211627.100718328
                   0197066.445066009
                   0178647.131363224
                   0157202.939933211
                   0134037.833282885
                   0109203.433319184
                   081714.6351769307
                   058716.534933705
                   044867.65075527
                   034539.9778613651
                   027175.9010484466
                   022275.3069726414
                   019400.847219953
                   018049.3358183987
                   0236495.551976024
                   0231257.865091206
                   0220889.00385511
                   0205679.470739913
                   0186439.783639046
                   0164040.793428381
                   0139844.882788538
                   0113877.124770477
                   084998.5075273677
                   061189.8091756883
                   046757.802296091
                   035994.7078340524
                   028317.7990228338
                   023208.9660005592
                   020213.3515267699
                   018804.6823947254
                   0247467.745009003
                   0241983.02458059
                   0231124.25218771
                   0215197.866171627
                   0195051.118569137
                   0171595.703475362
                   0146253.200432366
                   0119035.341450838
                   088614.1486952867
                   063919.8463767889
                   048842.0082201507
                   037598.5536501029
                   029576.4173834701
                   024238.4551608025
                   021108.9554255323
                   019637.4299762047
                   0259610.882040056
                   0253851.593167961
                   0242450.588406189
                   0225729.915216462
                   0204576.281949977
                   0179952.655362942
                   0153338.752719491
                   0124736.494241665
                   092596.9956752954
                   066936.0975890772
                   051144.6188649786
                   039370.1324858503
                   030966.4318548162
                   025374.5697651349
                   022097.5352033038
                   020556.3101582504
                   0273077.349683315
                   0267012.721611986
                   0255009.12244866
                   0237406.451262274
                   0215144.57779783
                   0189215.968546326
                   0161190.655880041
                   0131047.045176647
                   096994.0920813041
                   070270.4483100724
                   053690.261561758
                   041328.0026076854
                   032502.491647002
                   026630.5087963414
                   023190.4603149799
                   021571.6215812826
                   0288027.751546076
                   0281624.351213295
                   0268950.645951675
                   0250367.967447481
                   0226867.365524257
                   0199494.27848539
                   0169899.512158785
                   0138041.815791375
                   0101852.909306958
                   073964.4981985199
                   056510.3483366622
                   043496.6905896456
                   034203.7352333439
                   028020.7731366306
                   024399.3215134714
                   022695.5824446297
                   0304690.590082904
                   0297907.796461853
                   0284488.445680505
                   0264812.160836149
                   0239929.548970136
                   0210942.224090733
                   0179598.16855859
                   0145822.82201246
                   0107243.72057516
                   078070.8014071962
                   059647.6102616591
                   045906.1516625274
                   036093.662609697
                   029564.8056348931
                   025742.9645256133
                   023943.5378075265
                   0323280.337729102
                   0316075.206311651
                   0301820.732542632
                   0280923.742348468
                   0254496.773843378
                   0223715.245904036
                   0190405.76071747
                   0154485.982929744
                   0113229.864521775
                   082641.5907204326
                   063135.6444904832
                   048587.0237354789
                   038195.1267109716
                   031281.8391432261
                   027235.8646272315
                   025330.8711374515
                   0344084.766808469
                   0336405.959876938
                   0321214.946265595
                   0298950.245515377
                   0270792.544620784
                   0237994.155905194
                   0202487.34954608
                   0164158.531212499
                   0119897.287826819
                   087741.3996164383
                   067027.691379018
                   051577.5040291265
                   040538.8611408025
                   033196.3666456563
                   028901.1352643718
                   026877.7284688925
                   0367371.575462153
                   0359161.512514494
                   0342922.118378118
                   0319123.351480514
                   0289025.523329175
                   0253966.381534201
                   0215994.993403805
                   0174960.176218622
                   0127323.804015834
                   093432.942030012
                   071369.9554563918
                   054912.8566662988
                   043152.6644841834
                   035331.0609023996
                   030756.8534925776
                   028602.1067224848
                   0393602.361287408
                   0384779.98324548
                   0367358.259680862
                   0341829.970560538
                   0309544.211916262
                   0271934.253631326
                   0231182.124689782
                   0187088.036832656
                   0135644.313118941
                   099821.3637689119
                   076244.4360552726
                   058655.9086627608
                   046084.5496788195
                   037724.7069533338
                   032838.0716654845
                   030534.9581541667
                   0423151.357870512
                   0413663.616159596
                   0394891.337806524
                   0367409.898446605
                   0332655.68086123
                   0292167.009343237
                   0248270.936958584
                   0200717.312016196
                   0144973.168441485
                   0106998.279243104
                   081717.7566526913
                   062858.2436155651
                   049376.6008117463
                   040411.1405362975
                   035173.1918722227
                   032704.2069743565
                   0456580.238899849
                   0446325.727038296
                   0426050.27661144
                   0396341.114316759
                   0358786.465258096
                   0315034.106857873
                   0267574.0481
                   0216094.486377585
                   0155471.869311183
                   0115088.523489413
                   087888.73771079
                   067594.2437383426
                   053083.6378257195
                   043436.1267184817
                   037802.6229019521
                   035146.0150898635
                   0494445.460535289
                   0483320.218428666
                   0461325.71808551
                   0429113.445818691
                   0388368.349065251
                   0340911.234118089
                   0289410.446008824
                   0233449.805341586
                   0167307.039841991
                   0124220.027351302
                   094851.3472716466
                   072936.4675378198
                   057264.4108337199
                   046846.3702433597
                   040765.971982449
                   037897.8026304538
                   0537471.876714844
                   0525354.661824313
                   0501401.825708834
                   0466327.208290435
                   0421959.869265412
                   0370283.91317263
                   0314170.253552485
                   0253103.494551904
                   0180687.467407418
                   0134559.766594461
                   0102733.0385795
                   078982.74985815
                   061996.0788385231
                   050704.6061566795
                   044118.230371573
                   041010.3648845276
                   0586469.832459747
                   0573219.355100473
                   0547031.756207641
                   0508690.127171957
                   0460200.341368756
                   0403695.133230516
                   0342312.785724897
                   0275397.430706697
                   0195852.564648186
                   0146287.202406721
                   0111673.749541475
                   085838.6783981606
                   067357.280221528
                   055075.3809072436
                   047915.4215344046
                   044535.3370916513
                   0642480.238494005
                   0627931.297156892
                   0599180.05450696
                   0557094.08881669
                   0503871.902429705
                   0441841.196449842
                   0374413.801031341
                   0300782.45231667
                   0213108.619085165
                   0159647.085402889
                   0121852.845629984
                   093642.0420826318
                   073460.1037332687
                   060048.5335519292
                   052234.6642572938
                   048544.74914086
                   0706662.540569338
                   0690622.352350747
                   0658924.82793799
                   0612534.78473719
                   0553871.624211406
                   0485494.638358951
                   0411113.647959078
                   0329741.101388087
                   0232794.470469901
                   0174893.7229671
                   0133467.491806821
                   0102546.456706961
                   080419.7578730614
                   065718.423749913
                   057158.0309054318
                   053114.7515687339
                   0780582.410768191
                   0762817.852984685
                   0727715.816738372
                   0676354.798181899
                   0611404.600158225
                   0535707.470598834
                   0453275.463854372
                   0362936.367130468
                   0255360.846752855
                   0192376.825847552
                   0146787.841573621
                   0112753.798126024
                   088394.4785277092
                   072214.2564929426
                   062797.9694192507
                   058348.5786712537
                   0865806.983862333
                   0846046.484562437
                   0807005.209912159
                   0749891.67971051
                   0677671.218003368
                   0593496.89128762
                   0501750.72998464
                   0401008.929314581
                   0281301.65001421
                   0212448.505076359
                   0162070.992775527
                   0124464.895158122
                   097544.3182772916
                   079664.7132553368
                   069264.9000013344
                   064350.5361348851
                   0964293.257980534
                   0942217.475544487
                   0898605.175835807
                   0834820.529126192
                   0754167.763072587
                   0660158.536773549
                   0557605.534589709
                   0444770.106039867
                   0311060.029908244
                   0235526.341166579
                   0179651.190174281
                   0137931.224070622
                   0108061.851357572
                   088227.0921983539
                   076695.8653278428
                   071244.7961443398
                   01078391.89300176
                   01053619.48991745
                   01004653.38194321
                   0933113.985489138
                   0842658.504141358
                   0737219.556279634
                   0622087.573739001
                   0495157.883351338
                   0345407.272182755
                   0262125.194274737
                   0199905.869851972
                   0153447.952294065
                   0120177.612125146
                   098089.3587942548
                   085252.6766245426
                   079184.1873223867
                   01210912.57366736
                   01182993.89190371
                   01127849.06132389
                   01047218.38628296
                   0945322.763838834
                   0826551.673654004
                   0696737.414306462
                   0553327.618024357
                   0385100.602325117
                   0292846.836129299
                   0223307.67998938
                   0171375.667444131
                   0134172.839656848
                   0109477.670593603
                   095133.281020836
                   088349.5775214211
                   01365614.59948633
                   01334003.37091943
                   01271578.05495896
                   01180348.19819717
                   01064998.0684963
                   0930583.257018158
                   0783549.18423318
                   0620754.702498745
                   0431295.006758827
                   0328470.96867358
                   0250449.820206664
                   0192163.52046586
                   0150399.39773261
                   0122679.017849322
                   0106586.381503114
                   098973.2619732846
                   01546213.06937694
                   01510266.82394521
                   01439285.65515765
                   01335586.21835037
                   01204477.52265209
                   01051705.63225922
                   0884433.464658103
                   0698853.397780735
                   0484922.460030613
                   0369745.648681809
                   0281902.056015009
                   0216257.343616704
                   0169207.493664433
                   0137979.184337998
                   0119856.405420861
                   0111282.9108133
                   01757445.04138412
                   01716393.93426089
                   01635341.32988751
                   01516967.25249229
                   01367364.24088523
                   01192952.85646271
                   01001855.98690535
                   0789433.7835839
                   0547138.816311354
                   0417618.872583943
                   0318395.606062371
                   0244213.864651528
                   0191025.590834016
                   0155726.168871789
                   0135247.348173813
                   0125558.084744504
                   02004176.68303627
                   01957115.6606333
                   01864212.95448629
                   01728584.53438065
                   01557204.27964617
                   01357393.36471814
                   01138267.58216935
                   0894247.712882048
                   0619080.95820075
                   0472985.120053147
                   0360616.764604204
                   0276561.515813872
                   0216271.691793258
                   0176262.683158938
                   0153054.722441307
                   0142072.491865259
                   02293484.33305378
                   02239317.19017377
                   02132408.84992865
                   01976387.86665552
                   01779286.37691452
                   01549483.55727082
                   01297237.31116831
                   01015872.14761886
                   0702406.648800365
                   0537174.995227124
                   0409592.271189927
                   0314092.840830254
                   0245562.848067299
                   0200081.006073223
                   0173707.728672964
                   0161224.911437561
                   02633258.64505704
                   02570666.78457585
                   02447149.50434215
                   02266972.7907005
                   02039416.60116862
                   01774162.03045954
                   01482614.75869736
                   01157002.10732636
                   0798843.240589172
                   0611545.020517562
                   0466360.98467393
                   0357605.543812164
                   0279523.891164113
                   0227696.64411456
                   0197650.176411379
                   0183425.583907028
                   03031294.40477732
                   02958620.27006269
                   02815453.38789694
                   02606717.65721469
                   02343159.20315965
                   02035964.3775766
                   01697999.68807169
                   01320099.77440415
                   0909910.475583016
                   0697298.116127952
                   0531871.907340551
                   0407830.120400983
                   0318717.123041385
                   0259567.620263352
                   0225279.88912772
                   0209044.149913008
                   03496320.40831549
                   03411935.48760211
                   03245517.58689012
                   03002933.25002184
                   02696879.98546958
                   02340184.86567991
                   01947383.09438231
                   01507772.13120838
                   01037212.6450678
                   0795690.700273418
                   0607085.185460663
                   0465510.997669656
                   0363736.831763334
                   0296166.424685756
                   0257006.805640614
                   0238456.510745567
                   04037509.52591826
                   03939209.51110361
                   03745386.10321614
                   03463024.10467395
                   03106929.05675107
                   02691967.88691233
                   02234577.4560229
                   01722390.272608
                   01182046.93013639
                   0907792.15998001
                   0692856.431201315
                   0531308.668286692
                   0415081.434930369
                   0337908.615803693
                   0293184.911172326
                   0271992.869707854
                   04663849.41701761
                   04549188.31262972
                   04323168.88027186
                   03994244.62182603
                   03579312.71196151
                   03096017.20452948
                   02562874.2626216
                   01965625.26590469
                   01345149.75050647
                   01034236.30031114
                   0789699.696167767
                   0605625.197940273
                   0473075.527234854
                   0385048.064434833
                   0334034.160380005
                   0309857.495669133
                   05380728.62112921
                   05247013.86351874
                   04983505.40156896
                   04600311.35424442
                   04117137.66377789
                   03554458.8383256
                   02933162.30416653
                   02237358.75393652
                   01525989.72621801
                   01174697.58371282
                   0897382.2783091
                   0688293.018673127
                   0537593.029513002
                   0437478.435301729
                   0379460.840771428
                   0351955.3533994
                   05361440.25481307
                   05226768.5739344
                   04961276.86810192
                   04575898.52714181
                   04089683.03174164
                   03523440.4882535
                   02897958.81958411
                   02197936.31147641
                   01493726.55303639
                   01151163.56579989
                   0879879.935541554
                   0674988.352367808
                   0527159.127773835
                   0428916.619519199
                   0371987.481077093
                   0344983.548692514
                   05195393.23166657
                   05063455.46955069
                   04803515.15158314
                   04426206.65038371
                   03951034.55694964
                   03397411.52675996
                   02785467.07755936
                   02101487.53686162
                   01423200.84463081
                   01097931.48513549
                   0839621.975820518
                   0644210.29863786
                   0503098.857627997
                   0409283.38438142
                   0354918.148676901
                   0329127.959177317
                   05018419.75985202
                   04889635.92263853
                   04636626.55853437
                   04268452.18599849
                   03805271.0405
                   03266035.27582617
                   02669440.78782129
                   02003935.53774853
                   01352648.12574754
                   01044430.27655812
                   0799099.724117036
                   0613224.491447393
                   0478877.054317842
                   0389531.004651389
                   0337755.804540679
                   0313183.768641195
                   04832249.91648742
                   04707165.07774382
                   04460812.6180705
                   04103503.03011202
                   03653813.19933407
                   03130301.36175642
                   02551141.58735667
                   01905689.79862049
                   01282394.28236709
                   0990946.475060135
                   0758526.853252415
                   0582182.094528035
                   0454615.531953521
                   0369758.764673388
                   0320579.141887439
                   0297234.041527999
                   04635444.70579227
                   04514308.82120508
                   04276162.94572965
                   03930226.96858633
                   03495478.99935784
                   02989180.92293626
                   02428633.61599185
                   01805932.91630155
                   01211860.49372002
                   0937081.999484998
                   0717605.935218793
                   0550858.658734022
                   0430142.377052275
                   0349818.802253773
                   0303262.644072878
                   0281156.767642711
                   04428227.6972994
                   04314877.9952814
                   04082831.98732847
                   03748992.93348119
                   03330056.55067977
                   02844792.74433815
                   02302904.80089726
                   01704536.1524884
                   01140921.63621139
                   0882772.457648782
                   0676291.545607121
                   0519220.56329369
                   0405422.336133176
                   0329684.352106909
                   0285784.306930463
                   0264932.338623979
                   04210485.43510496
                   04098846.74691431
                   03878207.20945281
                   03559110.42036239
                   03157749.74732628
                   02690710.34034805
                   02173487.01458131
                   01601398.70404316
                   01069488.1071908
                   0827977.26664061
                   0634559.752045479
                   0487242.176440668
                   0380441.886676617
                   0309344.09409554
                   0268128.594850342
                   0248548.405927144
                   03982558.47930969
                   03875621.03348329
                   03665511.83124694
                   03361286.86286384
                   02978689.88976726
                   02533465.51515545
                   02040451.89342305
                   01496532.06090306
                   0997541.908976485
                   0772692.296936482
                   0592398.05985128
                   0454933.025055767
                   0355201.688412984
                   0288794.314070092
                   0250296.41443013
                   0232003.297965822
                   03744267.29389401
                   03642656.52642686
                   03443556.46912968
                   03155384.75166037
                   02792776.42688691
                   02370782.36576034
                   01903947.8473953
                   01389822.62487965
                   0924994.645541575
                   0716862.140737424
                   0549786.504457035
                   0422257.213368938
                   0329679.799700796
                   0268019.361050051
                   0232273.439098286
                   0215284.099293679
                   03497711.38351061
                   03401887.68215169
                   03214258.99798189
                   02942738.9182583
                   02601412.8119864
                   02204065.90618495
                   01764484.78497121
                   01282065.55897709
                   0852324.447888187
                   0660860.801331718
                   0507003.435939063
                   0389445.469063893
                   0304050.28707211
                   0247164.032744173
                   0214181.758158359
                   0198502.81591617
                   03243504.4096858
                   03153085.91958282
                   02977395.7665138
                   02723685.10628684
                   02404457.202096
                   02033102.53268013
                   01622445.65960956
                   01173107.76077078
                   0779399.864731306
                   0604595.732798491
                   0463983.489074304
                   0356441.163607272
                   0278274.16868804
                   0226191.070281768
                   0195992.331494386
                   0181633.401995756
                   02981650.71517371
                   02898153.13053888
                   02735380.81472997
                   02500033.64485125
                   02203998.82774499
                   01859598.58627164
                   01478991.15731313
                   01064026.20769908
                   0706889.446350611
                   0548589.939213723
                   0421129.332553092
                   0323552.290361021
                   0252589.706594845
                   0205296.417802359
                   0177874.142084124
                   0164832.812109811
                   02716524.17466053
                   02639573.7938141
                   02489829.59963422
                   02273406.79344684
                   02001284.2778907
                   01684630.83693332
                   01335001.42523338
                   0955412.680755378
                   0635116.758977261
                   0493099.049992629
                   0378638.645247775
                   0290938.271939935
                   0227120.003010912
                   0184580.696354505
                   0159913.007450705
                   0148179.613493404
                   02452848.75644161
                   02379944.09338574
                   02243704.94331747
                   02046446.2641278
                   01798435.68054736
                   01510104.11195344
                   01192072.16166216
                   0848513.710306774
                   0564805.143629151
                   0438692.075167032
                   0336954.211955154
                   0258935.238164864
                   0202129.754419223
                   0164258.211155756
                   0142296.016172289
                   0131846.69393982
                   02185685.12461608
                   02121816.45509116
                   01998598.72482569
                   01821143.36850285
                   01597482.3499112
                   01337508.62722841
                   01051377.16163575
                   0744125.618261558
                   0496421.719511562
                   0385731.224373286
                   0296358.454696147
                   0227760.54447988
                   0177789.253920035
                   0144466.868650155
                   0125141.984719204
                   0115945.086827274
                   01925154.96502376
                   01868607.65357247
                   01758990.94529078
                   01600282.90320398
                   01400961.05416733
                   01169477.08733805
                   0915012.373450938
                   0643945.060326726
                   0430897.641569793
                   0334951.267883567
                   0257413.801668549
                   0197851.107003647
                   0154436.548282892
                   0125481.365426959
                   0108688.119673652
                   0100695.119701274
                   01672985.75552712
                   01623324.12767856
                   01526853.84847574
                   01386707.43156118
                   01211137.99338972
                   01007425.77044865
                   0784191.325584126
                   0548774.856312482
                   0368658.445746814
                   0286680.685494754
                   0220378.655855226
                   0169402.786428807
                   0132225.838948133
                   0107427.112938293
                   093043.3657244317
                   086195.8534500045
                   01432486.83629296
                   01389017.33151305
                   01304854.538534
                   01183192.36623524
                   01030614.21896528
                   0853791.370167711
                   0661303.754014941
                   0460024.074948431
                   0310501.869310071
                   0241550.192110962
                   0185734.440815109
                   0142786.789995901
                   0111449.236196754
                   090539.4631519939
                   078411.7490888199
                   072637.0363357691
                   01206491.06290832
                   01169393.09269806
                   01096981.01127685
                   0992653.982862777
                   0861760.154840919
                   0710538.735503708
                   0546289.171935722
                   0378763.122568496
                   0257011.877996003
                   0200014.325574001
                   0153839.062059383
                   0118278.438520976
                   092316.9475572626
                   074992.3182245115
                   064942.3872237213
                   060155.6885531273
                   0997723.897988312
                   0966114.378026827
                   0904956.177089924
                   0816746.135940963
                   0706313.93138115
                   0579107.779826875
                   0442035.915438248
                   0305626.36863173
                   0208554.688976071
                   0162365.219145098
                   0124915.870652117
                   096050.9107419124
                   074966.5966862988
                   060893.2951798313
                   052729.0851900903
                   048839.6099535659
                   0808006.677821608
                   0781867.505579755
                   0730829.183696984
                   0657489.049045712
                   0565911.440119023
                   0460908.562952263
                   0349058.833210783
                   0241167.238018152
                   0165483.78160959
                   0128881.698109214
                   099182.5532782299
                   076271.8417411543
                   059527.6413166815
                   048348.9694024145
                   041863.4861011183
                   038773.3627862873
                   0639138.805173764
                   0617567.788606006
                   0575897.208954261
                   0516076.108970215
                   0441564.045476216
                   0357150.753726018
                   0268018.221025361
                   0185511.482456033
                   0127947.376158383
                   099686.4774792328
                   076736.0402566359
                   059016.1001135026
                   046059.0626382167
                   037406.607531026
                   032386.2168922328
                   029993.5634819262
                   0491580.922378896
                   0474414.65845624
                   0440967.430636352
                   0393120.51580719
                   0334002.835213435
                   0267438.369356454
                   0199190.450553884
                   0138496.285224359
                   095954.9488859975
                   074788.2897666394
                   057586.084005722
                   044292.4509238518
                   034566.8174513902
                   028070.7227023352
                   024301.1090818783
                   022504.1734715884
                   0366177.328088667
                   0352578.544688406
                   0326407.526245413
                   0289466.837123136
                   0243457.406331411
                   0192840.002730066
                   0142603.928312971
                   099857.6432831334
                   069449.1021410056
                   054150.1419753499
                   041706.3135739808
                   032081.718370166
                   025036.166752417
                   020329.103079768
                   017597.3136422883
                   016294.7621030785
                   0261372.563990127
                   0251116.332106474
                   0231232.954586779
                   0203204.389846202
                   0169258.305543018
                   0132348.714619967
                   097310.9616171722
                   068753.2251247521
                   047976.323745518
                   037421.6456119767
                   028830.2117477978
                   022178.6945878126
                   017307.0907427866
                   014051.7338095043
                   012162.1841030337
                   011260.8287855655
                   0176147.622029
                   0168582.601508831
                   0154161.517422006
                   0134026.65389397
                   0110095.992712182
                   084981.3710148527
                   062292.8346609075
                   044451.03558714
                   031110.3128051822
                   024275.434593414
                   018707.2041937535
                   014392.2221315531
                   011230.3502225393
                   09116.76099086893
                   07889.73410902743
                   07304.30399272198
