               97701                 340
                 160
    5339499999.99999    5006048181.56798    4694834386.17908     4404375551.9889    4133287523.08679    3880278453.42319    3644142650.63143    3423754830.40722    3218064754.06581     3026092223.7223    2846922411.24519    2679701498.72381    2523632609.67446    2377972011.59593    2242025571.77804    2115145449.47348    1996727008.66999    1886205936.75086    1783055555.31303    1686784310.32767    1596933429.68293    1513074736.94594    1434808610.92584    1361762081.31434    1293587051.32867    1229958638.88707    1170573628.41199    1115149025.88302    1063420710.25388    1015142174.80693    970083352.447181    928029519.337887    888780271.653059     852148570.57075    817959850.956071    786051189.486468     756270528.25502    728475950.151918    702535002.571022    678324066.218666    655727766.016837    634638421.293436    614955532.639546    596585302.988383    579440190.633658    563438492.057314    548503952.578627    534565402.969263    521556420.302608    509415011.421182    498083317.513724    487507338.394137    477636675.168376    468424290.062966    459826282.270656    451801678.744993    444312238.946896    437322272.612741    430798469.675567    424709741.528891    419027072.876705    413723383.463642    408773399.026417    404153530.851552    399841763.365451    395817549.221131    392061711.381647    388556351.733625    385284765.795381     382231363.11319    379381592.966356    376721875.027037    374239534.644394    371922742.444663    369760457.959318    367742377.012693    365858882.618348    364100999.150164     362460349.56979    360929115.506614           359500000    359348101.265823    359196202.531646    359044303.797468    358892405.063291    358740506.329114    358588607.594937    358436708.860759    358284810.126582    358132911.392405    357981012.658228    357829113.924051    357677215.189873    357525316.455696    357373417.721519    357221518.987342    357069620.253165    356917721.518987     356765822.78481    356613924.050633    356462025.316456    356310126.582278    356158227.848101    356006329.113924    355854430.379747     355702531.64557    355550632.911392    355398734.177215    355246835.443038    355094936.708861    354943037.974684    354791139.240506    354639240.506329    354487341.772152    354335443.037975    354183544.303797     354031645.56962    353879746.835443    353727848.101266    353575949.367089    353424050.632911    353272151.898734    353120253.164557     352968354.43038    352816455.696203    352664556.962025    352512658.227848    352360759.493671    352208860.759494    352056962.025316    351905063.291139    351753164.556962    351601265.822785    351449367.088608     351297468.35443    351145569.620253    350993670.886076    350841772.151899    350689873.417722    350537974.683544    350386075.949367     350234177.21519    350082278.481013    349930379.746835    349778481.012658    349626582.278481    349474683.544304    349322784.810127    349170886.075949    349018987.341772    348867088.607595    348715189.873418    348563291.139241    348411392.405063    348259493.670886    348107594.936709    347955696.202532    347803797.468354    347651898.734177           347500000
                  17
                   0   0.196349540849363   0.392699081698725   0.589048622548088    0.78539816339745   0.981747704246813    1.17809724509618    1.37444678594554     1.5707963267949    1.76714586764426    1.96349540849363    2.15984494934299    2.35619449019235    2.55254403104171    2.74889357189108    2.94524311274044     3.1415926535898
                   2
                   0     6.2831853071796
                   031.6021308066018
                   031.5812809330884
                   031.54052808331
                   031.4795268736967
                   031.395983255677
                   031.2852436806159
                   031.1425135861658
                   030.953094002702
                   030.7082993406781
                   030.3769817796208
                   029.9086829591485
                   029.1910073775799
                   027.983832208902
                   025.6176534674145
                   019.6360887093804
                   02.90677361893355
                   037.0262268553115
                   037.0004028346955
                   036.9495203678749
                   036.8720917543758
                   036.765334680657
                   036.6232853449313
                   036.4387819161938
                   036.1956715856869
                   035.8825719773837
                   035.4573992700321
                   034.8569853644899
                   033.938977114987
                   032.3974233699116
                   029.3854824772559
                   021.8959612190411
                   03.11616863408201
                   043.3754119719432
                   043.3431651701365
                   043.2792038341706
                   043.1809650379262
                   043.0443532339837
                   042.861793995975
                   042.6236011186387
                   042.3114522847554
                   041.9102476916922
                   041.3647308759326
                   040.5953608900027
                   039.4204380323865
                   037.4522529663076
                   033.6310640905714
                   024.3000534852439
                   03.40151777541161
                   050.809209969846
                   050.7687939705815
                   050.6876962580489
                   050.5626348584507
                   050.3878783073876
                   050.1529450343572
                   049.8464526141292
                   049.4458023111968
                   048.9320897569654
                   048.2330906993464
                   047.2481979014528
                   045.7457930714806
                   043.2331670803002
                   038.399265967255
                   026.8231791580694
                   03.77817804328278
                   059.5285549097906
                   059.4776361734246
                   059.3745822275635
                   059.2146004779817
                   058.9904753535365
                   058.6875270527357
                   058.294911652496
                   057.7821685459035
                   057.1234289744387
                   056.2277743388454
                   054.96834276566
                   053.0474191403702
                   049.8496704437197
                   043.7460089482959
                   029.4509601844615
                   04.26846013689448
                   069.7696889381752
                   069.7050202129238
                   069.5734979884609
                   069.3686613514926
                   069.081132607008
                   068.689832948677
                   068.1878218424297
                   067.531971568832
                   066.6869326974616
                   065.5404163437509
                   063.9303913594901
                   061.4760243544161
                   057.4162110962299
                   049.7264086590185
                   032.1619846910347
                   04.8976191238632
                   081.8038055879254
                   081.7214603016387
                   081.5525069334755
                   081.2898799901485
                   080.9208240233367
                   080.4160185796584
                   079.7747187812376
                   078.9369944627271
                   077.8543171073503
                   076.3882507057283
                   074.3314194744908
                   071.200296013211
                   066.0525757437799
                   056.3856515645089
                   034.9344351219322
                   04.4916099648681
                   095.9321323247027
                   095.8265695851397
                   095.6116220815616
                   095.2745462197858
                   094.8000515763565
                   094.150543569335
                   093.3322584319493
                   092.2626330580597
                   090.877665862463
                   089.0042508005409
                   086.3781208370241
                   082.3927498269143
                   075.8777390215922
                   063.754547316406
                   037.7410754629757
                   05.62771606543879
                   0112.547561088946
                   0112.412506807685
                   0112.137282873758
                   0111.705933769657
                   0111.097759234341
                   0110.26255458736
                   0109.219029761005
                   0107.854788646461
                   0106.08499438684
                   0103.693829693161
                   0100.340935220019
                   095.2790667144509
                   087.0506108980977
                   071.8861380143766
                   040.5902556660564
                   07.04889095136876
                   0132.10280843547
                   0131.930075866839
                   0131.577142475226
                   0131.025033878351
                   0130.244278184821
                   0129.17345863212
                   0127.844071767196
                   0126.105306311485
                   0123.846863963409
                   0120.798363757511
                   0116.52380146346
                   0110.103717209209
                   099.7284597368695
                   080.8264165496088
                   043.497359555503
                   08.81290108524664
                   0155.087844592431
                   0154.867232008837
                   0154.415540312427
                   0153.70892247189
                   0152.707955609694
                   0151.340621142755
                   0149.647087202716
                   0147.431116975631
                   0144.552843903472
                   0140.670257600347
                   0135.22957129715
                   0127.098550001257
                   0114.043052243598
                   090.5794898039744
                   046.4960149980068
                   011.0118791600013
                   0182.161391997838
                   0181.878995715137
                   0181.300593586655
                   0180.396542012397
                   0179.112198787877
                   0177.368814794392
                   0175.218998921623
                   0172.395929719715
                   0168.729692157366
                   0163.792081518343
                   0156.875157388214
                   0146.591771633284
                   0130.198272903601
                   0101.195748465882
                   049.6759900019315
                   013.7360161982544
                   0213.977232865156
                   0213.616523042877
                   0212.877737942908
                   0211.720305226634
                   0210.077124394342
                   0207.856414518434
                   0205.127099552014
                   0201.535806594423
                   0196.870855090747
                   0190.593870483939
                   0181.820465820106
                   0168.843857113338
                   0148.315591831644
                   0112.643626274895
                   053.1406897118946
                   017.0899584585934
                   0251.467293274478
                   0251.003946960722
                   0250.061389008811
                   0248.567576019275
                   0246.462216211274
                   0243.626723323389
                   0240.153612653403
                   0235.577001840595
                   0229.635753826889
                   0221.651001652833
                   0210.541356471447
                   0194.170773513597
                   0168.541419845784
                   0124.900833699663
                   057.0184323658665
                   021.1731200018199
                   0295.499797945167
                   0294.91264744894
                   0293.696691028273
                   0291.805650295925
                   0289.108977951549
                   0285.517527680446
                   0281.109451903765
                   0275.296336818613
                   0267.758124778204
                   0257.625768876216
                   0243.564609209286
                   0223.020850843538
                   0191.117303118739
                   0138.093274695253
                   061.6607979390355
                   026.2593959530501
                   0347.333174877099
                   0346.577375100798
                   0345.050174453644
                   0342.616980469355
                   0339.198348471353
                   0334.622589002604
                   0329.038882592332
                   0321.6699077334
                   0312.103227388787
                   0299.275978795007
                   0281.546180606762
                   0255.777861618969
                   0216.184680840896
                   0152.209470814262
                   067.3233848222614
                   032.4989381449699
                   0409.15729878278
                   0408.202131638109
                   0406.228918680127
                   0403.127537163665
                   0398.737884245969
                   0392.9177277978
                   0385.795510389098
                   0376.40747108653
                   0364.22945018208
                   0347.905816787349
                   0325.56084189387
                   0293.29717894074
                   0244.352066234559
                   0167.717019967099
                   074.6787865374696
                   040.4529685449815
                   0481.592974900612
                   0480.375388361049
                   0477.881956930566
                   0473.923160181268
                   0468.314720515916
                   0460.904175917611
                   0451.87892953085
                   0439.938439862371
                   0424.497151459032
                   0403.810291160768
                   0375.7466489906
                   0335.450752293899
                   0275.216961489417
                   0184.209635246247
                   083.6408819361723
                   049.954837869413
                   0566.70810015804
                   0565.133042426758
                   0561.952427189336
                   0556.912864547913
                   0549.790678085942
                   0540.411079506246
                   0528.89831155868
                   0513.76909823911
                   0494.220315040571
                   0468.100561817309
                   0432.881462132192
                   0382.733771484447
                   0308.990817249612
                   0201.935736281643
                   094.606634177248
                   061.3030805608448
                   0666.745301429686
                   0664.760159640744
                   0660.669882300696
                   0654.250943054003
                   0645.243564516961
                   0633.33777785501
                   0618.757560279702
                   0599.571978388241
                   0574.861597786685
                   0541.94953987942
                   0497.91071843995
                   0435.712829731436
                   0345.958314571382
                   0221.265656978711
                   0108.040899629855
                   074.9237055336429
                   0784.012001603265
                   0781.493825985092
                   0776.291928148721
                   0768.154329092644
                   0756.752381965836
                   0741.720325826094
                   0723.234873652618
                   0698.966787704465
                   0667.808713363578
                   0626.393210011431
                   0571.484353910707
                   0494.674312269483
                   0386.152322161877
                   0242.421954423861
                   0124.224067296209
                   091.0499840680282
                   0921.469520040403
                   0918.272852712899
                   0911.702174315626
                   0901.353271466522
                   0886.896397239241
                   0867.925872454467
                   0844.575862470671
                   0813.943613018215
                   0774.715204971317
                   0722.800944040102
                   0654.578092653332
                   0560.115523270167
                   0429.760316335308
                   0265.91627839469
                   0143.571226975287
                   0110.090625451976
                   01083.62203966513
                   01079.52748718372
                   01071.19416677927
                   01057.99117583224
                   01039.74170825486
                   01015.74338819202
                   0986.211911057645
                   0947.568000096999
                   0898.143741540894
                   0833.180473033516
                   0748.660558380715
                   0632.956669114622
                   0477.569715845122
                   0292.890120180088
                   0166.872722590454
                   0132.891617209018
                   01275.09310648608
                   01269.8773898015
                   01259.2510316235
                   01242.50883752815
                   01219.37086556108
                   01188.97965719322
                   01151.62097860435
                   01102.87594342503
                   01040.63335343144
                   0959.461090638733
                   0855.098093180563
                   0714.04490161552
                   0530.125019443572
                   0324.382186550597
                   0194.842296647578
                   0160.181354567638
                   01497.16318011769
                   01490.52499841336
                   01477.02735947574
                   01455.91439355843
                   01426.69686801625
                   01388.47905498555
                   01341.46539133829
                   01280.2052265673
                   01202.22831930135
                   01101.37490390627
                   0973.081253956223
                   0802.331689682374
                   0586.53003711562
                   0360.014295231174
                   0226.874952898345
                   0191.404807678957
                   01754.86436011321
                   01746.54054661049
                   01729.52456563218
                   01702.92020103918
                   01666.25935562144
                   01618.26180432986
                   01559.36117212018
                   01482.71276510961
                   01385.53965806132
                   01260.81162065199
                   01103.87625774851
                   0898.463262836087
                   0647.696904577014
                   0400.749240038892
                   0241.462527135996
                   0227.052543687414
                   02053.18763662699
                   02042.74901358499
                   02021.3487018536
                   01988.01999590735
                   01942.23252792094
                   01882.33668239132
                   01808.80668841581
                   01713.13152528119
                   01592.45650957044
                   01438.81759774654
                   01247.805551169
                   01002.59000406491
                   0713.990147551516
                   0447.380164080198
                   0284.60638099349
                   0267.38818830927
                   02406.78636664007
                   02393.67268830026
                   02366.70328713543
                   02324.85207385472
                   02267.30219433803
                   02191.93719910226
                   02099.91248782677
                   01980.42099536742
                   01830.60412820727
                   01641.7364669968
                   01409.98645218953
                   01118.40461288262
                   0789.045995879277
                   0503.337157007316
                   0335.782761262508
                   0315.498183056818
                   02811.23262303328
                   02794.73702052927
                   02761.05859747032
                   02708.87837049101
                   02637.05342554494
                   02543.28688892485
                   02428.995521502
                   02280.95041703785
                   02095.95996069149
                   01865.25405261412
                   01586.48082762737
                   01243.08828669402
                   0870.602859327948
                   0566.477729255805
                   0393.06520371152
                   0368.888351614852
                   03273.67104872854
                   03253.144457209
                   03211.3484911127
                   03146.61317597224
                   03057.74207981301
                   02941.45383140276
                   02800.3106176374
                   02617.68557397108
                   02391.06133019697
                   02111.1198440275
                   01778.05816695372
                   01377.00141052991
                   0959.680813238534
                   0637.47962569687
                   0457.021299848814
                   0428.60129742626
                   03815.6125012792
                   03789.98766289709
                   03737.96351713602
                   03657.37237369012
                   03547.1864555935
                   03402.95841059753
                   03228.33874940303
                   03003.58201077365
                   02726.40641213358
                   02388.02790446619
                   01991.89966472335
                   01526.55540044545
                   01062.68113100744
                   0721.138119139878
                   0531.76813775826
                   0498.702333713061
                   04428.56563872415
                   04396.95521640125
                   04332.76838507027
                   04233.4776490425
                   04097.76865391226
                   03920.09921948895
                   03705.874959481
                   03431.23148814658
                   03094.85459010027
                   02688.89031452659
                   02221.61119886125
                   01686.72761675214
                   01175.30663951072
                   0813.616452425561
                   0613.80988740509
                   0575.627711361273
                   05133.38177545254
                   05094.40885605845
                   05015.33899111111
                   04893.15345068543
                   04726.2266880951
                   04508.46219235854
                   04246.1401463267
                   03911.95501577823
                   03505.79246786503
                   03021.43249358543
                   02473.72606628966
                   01863.65865175901
                   01303.26376064544
                   0918.836974954787
                   0707.091673988714
                   0662.722638801932
                   05931.81631175674
                   05884.08218537505
                   05787.39255129953
                   05637.67669357061
                   05433.57752530545
                   05167.75625192373
                   04848.97900236527
                   04444.59092039627
                   03957.01543425291
                   03382.85947171389
                   02746.38963007303
                   02055.9776958859
                   01445.67262612067
                   01035.28518482966
                   0809.968294987721
                   0758.285268215159
                   06839.0943934656
                   06780.79578651424
                   06662.82641552525
                   06480.09600350071
                   06231.57135855148
                   05908.52348242869
                   05522.50093997279
                   05036.10690971804
                   04454.04765511768
                   03778.11411024689
                   03043.05281626718
                   02267.61504125549
                   01605.53504172105
                   01164.73685984714
                   0924.514606882425
                   0864.044434141346
                   07856.38182521567
                   07785.88984574986
                   07642.46279028953
                   07421.15124830005
                   07119.98661581303
                   06729.96509434727
                   06265.52200741511
                   05684.58328246749
                   04994.97438583871
                   04204.80937115555
                   03361.88232517902
                   02497.49152702367
                   01781.27234769512
                   01306.37374958758
                   01049.40102164401
                   0980.428547521079
                   09009.33505038388
                   08923.83535050681
                   08750.01407025877
                   08482.37102646184
                   08119.1324593285
                   07650.01789015503
                   07093.89146027051
                   06402.79296104066
                   05590.41069610105
                   04672.35259635409
                   03712.25314367306
                   02753.33301269314
                   01979.08842991286
                   01360.27296761764
                   01188.94207713712
                   01111.50586090683
                   010295.0198689255
                   010192.1527965704
                   09983.67068906909
                   09661.4306430971
                   09225.85372919526
                   08665.11805625124
                   08003.5275794697
                   07186.65542425763
                   06235.53230970605
                   05177.25022987705
                   04091.44902521834
                   03033.00304348378
                   02196.30396881879
                   01533.92487643236
                   01340.54794823887
                   01255.00136954587
                   011727.2137591998
                   011604.1401467697
                   011354.7111681089
                   010969.4820750397
                   010449.7377040802
                   09783.26257829354
                   09000.40043612415
                   08041.27606208433
                   06935.14199160659
                   05723.37246592959
                   04503.6960938675
                   03339.50842543742
                   02435.90133132228
                   01726.04592136887
                   01508.42259000921
                   01409.35986571661
                   013314.0609062322
                   013167.5810868498
                   012870.9697039865
                   012413.7151177691
                   011796.2004933395
                   011008.7233353433
                   010087.4930522312
                   08967.79532072016
                   07690.37782640892
                   06310.94966391758
                   04949.31892847148
                   03673.21902159971
                   02696.900165242
                   01934.29049536047
                   01689.77333751552
                   01576.8635723241
                   015059.8241144839
                   014886.396615859
                   014535.2176135494
                   013994.9769899454
                   013267.1201570957
                   012342.1876533279
                   011265.256768386
                   09968.16452502207
                   08501.61283706558
                   06941.43199322267
                   05430.45605410619
                   04037.18340319287
                   02980.81831248507
                   02161.40224917202
                   01887.98333708641
                   01760.26027425472
                   016978.7156563767
                   016774.6975522206
                   016362.1457294735
                   015727.015697151
                   014873.3677216199
                   013793.2757903162
                   012541.0469950464
                   011046.5890352518
                   09374.02483145836
                   07618.59435600913
                   05949.09741104261
                   04432.78149119569
                   03286.62551389298
                   02406.95231218976
                   02102.94734637173
                   01959.71922615285
                   019078.1471214826
                   018839.7084102696
                   018356.3732241447
                   017614.0248772264
                   016619.8412524191
                   015365.0442896879
                   013917.4974314074
                   012205.3863783028
                   010310.0787559178
                   08345.55999328607
                   06508.18580010993
                   04862.15402511624
                   03614.43586661404
                   02673.14343255268
                   02334.26526574423
                   02175.0625798451
                   021351.5484601584
                   021073.8914889915
                   020511.6165635011
                   019649.4545580306
                   018498.1659487694
                   017049.7348484202
                   015386.9774148924
                   013437.8810370879
                   011303.3361984366
                   09117.97730632163
                   07104.03828908742
                   05319.96820047096
                   03960.12350516322
                   02956.25016675906
                   02580.09364199044
                   02403.82661090326
                   023809.4621556056
                   023488.303388868
                   022837.5410810577
                   021841.7463266696
                   020515.5018127539
                   018854.8295226907
                   016956.0039531635
                   014749.1373078003
                   012357.9164983703
                   09939.75849056053
                   07738.82747052273
                   05807.7827714273
                   04324.68226233624
                   03257.42098055214
                   02841.21663597924
                   02646.87915653392
                   026449.8426546028
                   026080.1236762994
                   025332.1532407574
                   024188.7109790596
                   022670.0733274541
                   020775.3583850098
                   018621.7164086714
                   016137.5352005025
                   013471.8949542668
                   010809.8708792172
                   08413.13504230447
                   06320.0485528689
                   04509.70036695718
                   03573.29953319199
                   03117.01674481144
                   02904.14846370828
                   029265.5120345485
                   028842.6648907277
                   027987.6238010126
                   026682.369594575
                   024953.6826357305
                   022808.2400157722
                   020375.7944611829
                   017597.3960766184
                   014639.3942420907
                   011724.5314783645
                   09119.29408921668
                   06851.32352198951
                   04772.88202395936
                   03897.46282659433
                   03403.94636189897
                   03172.35695318221
                   032330.2340153095
                   031846.2936143374
                   030870.0862054621
                   029379.600711958
                   027409.4306465443
                   024973.1317050447
                   022242.5093044155
                   019131.901377399
                   015856.6881576116
                   012660.8389814159
                   09831.86700251822
                   07370.12473056164
                   05144.17842349066
                   04196.54280467457
                   03662.35552956827
                   03412.23681017724
                   035434.8321591711
                   034890.0650924808
                   033778.79217835
                   032102.4295561067
                   029893.6141077556
                   027171.0675463865
                   024113.8778149151
                   020676.6389042089
                   017088.3016170621
                   013623.017596054
                   010561.5427444339
                   07913.017772994
                   05553.67396313903
                   04532.93779074381
                   03949.53077599316
                   03682.56615492046
                   038705.9182786859
                   038095.5755256064
                   036858.522024994
                   034984.7010463571
                   032509.2616622444
                   029479.8959060623
                   026086.0921341437
                   022301.9004681144
                   018388.2567048174
                   014631.0308640649
                   011331.0411194145
                   08483.82883987466
                   05982.69839998197
                   04886.5237527673
                   04255.03666653019
                   03970.64281987386
                   042139.5157517782
                   041447.6522066128
                   040075.7215893733
                   037969.3514090953
                   035227.9783983701
                   031875.1605070054
                   028127.3220575976
                   023983.9181576988
                   019733.2839947465
                   015677.1013507857
                   012129.7923512924
                   09080.82216699826
                   06437.16797162642
                   05252.7938572505
                   04571.61555629927
                   04264.90727215074
                   045701.4444787206
                   044940.7995358292
                   043403.8691571478
                   041073.6299445197
                   038039.4164086386
                   034352.3273954902
                   030240.6746340034
                   025728.9906981383
                   021124.339183996
                   016760.8166701654
                   012959.3475502113
                   09692.24769088359
                   06905.78938936423
                   05636.52784552883
                   04896.99154173537
                   04570.49099099373
                   049381.3617500982
                   048537.4904018027
                   046835.9376621885
                   044270.0756298207
                   040927.1527140652
                   036880.6924451021
                   032377.3617949961
                   027509.2816705126
                   022548.7369988793
                   017878.6724167958
                   013806.9186655876
                   010309.99113717
                   07383.30920372711
                   06024.90462840081
                   05230.35866035044
                   04879.58349954334
                   053167.5509091486
                   052241.7199479646
                   050369.0630917643
                   047570.6411197233
                   043919.8602767222
                   039512.7204018829
                   034617.4960463796
                   029305.9387713025
                   023995.3276725524
                   018972.0009267551
                   014644.1496843846
                   010899.1585129651
                   07857.03142713054
                   06414.01947423519
                   05567.07164076276
                   05190.4829654556
                   057038.4545046863
                   056035.762184233
                   053984.1842187981
                   050921.3016531744
                   046944.8041310064
                   042162.7550295219
                   036872.3885520513
                   031171.7252248239
                   025433.6373723627
                   020100.2833379208
                   015500.7250972289
                   010960.3958374962
                   08336.80244613089
                   06802.75253570188
                   05902.15218435343
                   05502.26987856277
                   060989.9395341307
                   059891.0127439188
                   057663.2974088297
                   054335.118292606
                   050026.0022045362
                   044864.8025390048
                   039202.7000137756
                   033048.8745053453
                   026888.6350342777
                   021204.33967931
                   016334.2370974827
                   011307.1370707247
                   08801.16100399823
                   07194.50169689906
                   06241.21167044041
                   05814.59073820152
                   064981.3122144742
                   063781.0078076982
                   061371.2186157232
                   057774.0719703376
                   053139.8343811881
                   047616.4119058876
                   041510.6181567385
                   034930.0128153574
                   028369.0234289741
                   022346.7124020511
                   017149.9608351968
                   011895.709237347
                   09264.25260145762
                   07586.18408084563
                   06581.07336642435
                   06126.16448481254
                   068988.4695597284
                   067693.8262717973
                   065100.2736060874
                   061253.6342623019
                   056286.7811556366
                   050338.0519477137
                   043818.6156591221
                   036811.8508212288
                   029845.1975820129
                   023481.4984499977
                   017977.0962192957
                   012479.218858949
                   09719.98453650903
                   07971.62230631406
                   06918.06540351082
                   06437.17048108991
                   073012.9592453922
                   071621.5916348509
                   068862.8347153583
                   064741.3830064715
                   059406.0712207123
                   053062.0352540905
                   046122.6474427116
                   038687.0643256023
                   031314.9950719206
                   024608.7561387619
                   018792.5188553071
                   013072.2469999051
                   010178.8609862275
                   08343.42216081338
                   07250.98097640141
                   06744.14044803662
                   077048.1019485582
                   075553.6512254846
                   072618.0383124955
                   068201.5879547028
                   062517.0303467073
                   055772.645044675
                   048415.2366232632
                   040550.5347622375
                   032769.6478306247
                   025718.4202204539
                   019594.0222639293
                   013655.9976055993
                   010637.8926120367
                   08710.02116435661
                   07575.8725922244
                   07043.90060057836
                   081060.65600215
                   079498.2769227248
                   076341.7246747347
                   071647.1069727877
                   065612.850797016
                   058470.058994691
                   050692.3075894745
                   042398.4380647455
                   034206.110198232
                   026806.6691861226
                   020375.600467264
                   014228.7826269474
                   011089.5560309128
                   09075.80919510183
                   07889.58333847091
                   07340.58666167961
                   085033.4432296465
                   083374.767725638
                   080027.1066789699
                   075053.0435716095
                   068670.3330162421
                   061130.9908460585
                   052938.2542292537
                   044217.6454958204
                   035614.8272997703
                   027860.7419641438
                   021134.2716257076
                   014788.552135081
                   011530.3983595363
                   09431.83924805678
                   08201.14122791979
                   07629.2753801324
                   088947.7580367917
                   087178.0890186804
                   083648.0193579601
                   078398.5426613039
                   071674.6617642502
                   063741.4450703138
                   055137.0106063855
                   045992.7984264864
                   036988.1532468199
                   028876.6642648383
                   021839.6749443208
                   015327.4310424274
                   011957.1796533002
                   09777.22215514413
                   08504.55234324814
                   07907.03882442185
                   092831.8805441239
                   090930.3556374186
                   087216.0477268733
                   081696.0075260546
                   074632.1480334338
                   066313.3981565023
                   057303.1019756033
                   047740.7278216203
                   038329.4894383082
                   029860.1249379919
                   022124.8560681162
                   015857.7984692231
                   012375.4588006826
                   010116.666003449
                   08801.57895133538
                   08175.52935621734
                   096608.3547586399
                   094617.5442162579
                   090683.964559546
                   084879.8890274624
                   077481.3878940645
                   068790.3479885261
                   059395.3339850985
                   049438.9913674374
                   039588.15726732
                   030791.2853305221
                   021696.7282212305
                   016362.3113214601
                   012782.4310430164
                   010443.9779872876
                   09080.88094112936
                   08436.57080243613
                   0100306.598387173
                   098261.8465667484
                   094164.896857449
                   088101.131379974
                   080369.6062475837
                   071286.3223932397
                   061483.4436239926
                   051098.2885473163
                   040771.7457015289
                   031640.8412844255
                   022131.0855864044
                   016789.4122443105
                   013139.1486618596
                   010735.0997851055
                   09339.0680005764
                   08685.15154038253
                   0103930.279967717
                   0101780.573898392
                   097502.0609120578
                   091175.896348807
                   083119.1983873947
                   073670.376555185
                   063481.9712807021
                   052695.4371209518
                   041940.1225710894
                   032472.4329056596
                   022690.5151823383
                   017226.8639090343
                   013499.5044147928
                   011028.136822091
                   09593.77126855604
                   08918.93929763836
                   0107443.535789489
                   0105204.482381888
                   0100748.579157785
                   094167.9317189795
                   085796.5484620923
                   075986.6546197516
                   065422.7591104695
                   054240.1149027365
                   043035.3753140678
                   033270.6285706413
                   023236.0630432087
                   017646.8506019329
                   013843.178516029
                   011308.873070685
                   09837.30382974445
                   09146.14180896299
                   0110830.296208494
                   0108503.378903486
                   0103877.842521179
                   097050.8164818996
                   088374.0479609772
                   078218.5824449367
                   067289.9927536931
                   055717.3264744222
                   044111.468953556
                   034036.2728150034
                   023768.8296401981
                   018055.3582015553
                   014174.4956450098
                   011580.393426192
                   010072.9628631485
                   09365.37288956243
                   0114102.202162027
                   0111690.905467043
                   0106900.051219349
                   099834.4821313951
                   090861.5032445187
                   080368.2350074918
                   069084.0584748914
                   057136.5556067321
                   045133.7253316209
                   034763.7906065582
                   024281.0382896737
                   018447.7484482396
                   014489.0144607048
                   011838.8959019882
                   010297.2843117139
                   09573.97321897415
                   0117252.68279696
                   0114759.646990283
                   0109808.712425216
                   0102511.930044573
                   093253.2925775538
                   082436.4455365832
                   070806.6422749468
                   058491.1749999698
                   046105.8952353225
                   035448.0536573522
                   024765.8510621249
                   018823.2181396115
                   014786.5902040096
                   012084.2502874793
                   010510.1942361619
                   09771.94426085007
                   0120295.014113474
                   0117722.160685328
                   0112616.132974391
                   0105096.124945931
                   095560.2164583993
                   084428.0543922374
                   072463.6052819161
                   059792.1530508619
                   047026.1849207682
                   036082.2383267723
                   025229.2403662346
                   019182.3695938454
                   015068.9436210569
                   012317.596427411
                   010712.7036473053
                   09960.03138452136
                   0123212.102251885
                   0120563.295620256
                   0115307.426567391
                   0107571.93304439
                   097768.771475565
                   086335.3395898642
                   074046.7475170257
                   061029.4862093187
                   047895.0649611852
                   036528.3077586926
                   025665.9061662946
                   019524.8759638664
                   015335.57053478
                   012538.1155274698
                   010904.146148459
                   010137.812767376
                   0126026.315434397
                   0123303.529738225
                   0117903.258226683
                   0109959.683273418
                   099898.7018725413
                   088170.563220888
                   075567.9235623524
                   062214.6774138533
                   048717.8410779641
                   036566.5945899749
                   026082.0754313661
                   019850.0276203375
                   015589.04906428
                   012747.7421191598
                   011085.9805428059
                   010306.7513418236
                   0128716.248696625
                   0125923.031096159
                   0120383.69621615
                   0112240.077989699
                   0101932.007926904
                   089920.9981273306
                   077017.6534952061
                   063339.6137708696
                   049484.2035635033
                   035985.5208442548
                   026469.013079827
                   020157.2441086202
                   015828.926260935
                   012945.3195469861
                   011257.5524171328
                   010466.2428048458
                   0131326.346508872
                   0128463.833839603
                   0122789.498634766
                   0114452.467244878
                   0103901.561365578
                   091619.1358301533
                   078419.3539372806
                   064425.2323685523
                   050208.0658335641
                   035560.8446938179
                   026829.4260555156
                   020454.0883976529
                   016058.9570297518
                   013134.9686007378
                   011422.0285042755
                   010618.9928566373
                   0133858.616268002
                   0130929.182614401
                   0125123.924230247
                   0116595.981081293
                   0105814.582888376
                   093264.471670181
                   079777.7335888541
                   065472.6524925264
                   050890.5593594844
                   035754.8806913614
                   027167.5550539618
                   020738.6493365157
                   016282.134743694
                   013317.4301765438
                   011580.5609853581
                   010766.048927464
                   0136399.280759569
                   0133402.612533265
                   0127466.743710171
                   0118751.048121482
                   0107735.08487162
                   094918.8943574159
                   081144.7145257268
                   066524.4387075184
                   051569.5484389062
                   036176.1146975159
                   027507.641787322
                   021026.9917064347
                   016506.7105084152
                   013501.924978594
                   011740.6143849185
                   010914.6871157555
                   0139095.136917653
                   0136029.27437081
                   0129955.637340712
                   0121042.993886607
                   0109780.531712142
                   096686.4712760088
                   082605.2332021295
                   067653.1056874151
                   052308.8245611883
                   036673.7774374117
                   027890.5077433017
                   021343.8964105281
                   016753.7171892299
                   013704.4505949608
                   011915.9633614316
                   011077.7333001362
                   0142334.145755892
                   0139186.285105118
                   0132953.407543204
                   0123809.232296708
                   0112258.048589192
                   098832.9380046799
                   084392.6957059089
                   069046.6196979341
                   053196.7766080047
                   037331.414330131
                   028393.5686455816
                   021748.4375887656
                   017069.9969720196
                   013963.1257106824
                   012140.4683946676
                   011286.1802921659
                   0145473.790466653
                   0142251.103416191
                   0135871.00448979
                   0126508.253906312
                   0114690.783135849
                   0100956.276964427
                   086183.8149314339
                   070475.9722425593
                   054142.4875074433
                   038062.1043072179
                   028950.7161202857
                   022182.6732320855
                   017410.4164266759
                   014241.4905448597
                   012382.2592507674
                   011510.7072757999
                   0147333.33961237
                   0144068.311012408
                   0137603.84002527
                   0128123.827284435
                   0116145.465027834
                   0102233.463205284
                   087268.2981188209
                   071351.8982792456
                   054775.0132927341
                   038524.3010595592
                   029302.5389877695
                   022454.4175697413
                   017623.2702515453
                   014415.667608182
                   012533.3462964453
                   011651.1329582117
                   0149304.839226527
                   0145994.834714063
                   0139441.822506955
                   0129831.902441017
                   0117694.949538378
                   0103588.380842268
                   088418.9728785486
                   072282.6641174679
                   055643.2583785998
                   039015.4244003842
                   029675.8229254621
                   022742.5157459113
                   017849.3933001765
                   014600.4190799709
                   012693.9144129307
                   011800.321482479
                   0151437.151604621
                   0148078.141211168
                   0141429.849460834
                   0131679.688221258
                   0119366.960557874
                   0105058.615206986
                   089663.1967730342
                   073292.8840782122
                   056180.7792484378
                   039547.4537162871
                   030080.3352057685
                   023053.7701330546
                   018093.6310620766
                   014799.9723002973
                   012867.5086547604
                   011961.4152658184
                   0153733.375708738
                   0150322.431761813
                   0143571.114032662
                   0133669.948692056
                   0121167.668696833
                   0106637.989006284
                   091003.6664233373
                   074377.8942740342
                   056960.1414584829
                   040121.8237599905
                   030517.3284854842
                   023389.9918774863
                   018357.2622561794
                   015015.3086474416
                   013054.5287563148
                   012135.3386248102
                   0156219.084352919
                   0152751.670137068
                   0145881.130681419
                   0135817.590548328
                   0123110.243193843
                   0108343.403822973
                   092455.7359839638
                   075549.4188949871
                   058044.1931841698
                   040739.2916258947
                   030987.4850055986
                   023752.2444024094
                   018641.1751572094
                   015247.2906317954
                   013256.1300346423
                   012322.7094380509
                   0158907.928852824
                   0155379.270627593
                   0148394.724619381
                   0138153.434730588
                   0125217.380247611
                   0110192.572774809
                   094025.2359200253
                   076819.7183588884
                   058724.7172198771
                   041410.4333769375
                   031497.8844741536
                   024144.9379879522
                   018948.9556958613
                   015498.7873816821
                   013474.6832199
                   012525.7024812469
                   0161818.81308791
                   0158223.826140799
                   0151108.321753546
                   0140676.23919014
                   0127502.577039538
                   0112194.633552859
                   095724.9854928212
                   078193.8199725344
                   059708.1787903098
                   042136.1848407866
                   032050.701230029
                   024569.8358849147
                   019281.573895733
                   015771.0075480559
                   013711.0432054753
                   012745.3083467856
                   0164987.729794645
                   0161320.389523859
                   0154063.185708607
                   0143422.010699181
                   0129985.700137308
                   0114372.49169054
                   097575.7024640691
                   079690.3665834676
                   060780.556859886
                   042927.131205688
                   032653.0395490724
                   025033.0059815628
                   019644.2163775001
                   016066.5969977322
                   013968.2314382189
                   012984.1788319663
                   0168425.113762939
                   0164679.825143755
                   0157267.874246776
                   0146402.022992424
                   0132681.316609122
                   0116736.868066152
                   099583.2473371415
                   081313.5978928902
                   061943.7901429492
                   043785.4788674149
                   033305.8848131806
                   025534.5770327926
                   020037.0401739563
                   016388.042476844
                   014247.3251665486
                   013243.5640925192
                   0172178.154358842
                   0168347.600683506
                   0160766.994020757
                   0149655.624868626
                   0135624.092202565
                   0119317.135284643
                   0101775.352155722
                   083085.5191261772
                   063213.4976855791
                   044722.4687069031
                   034019.217679739
                   026082.7189933738
                   020466.4063469204
                   016738.8702608801
                   014551.9042530671
                   013526.4376929412
                   0176241.166701194
                   0172318.564586489
                   0164556.752710464
                   0153178.934055744
                   0138809.864033206
                   0122112.040049738
                   0104147.33454687
                   085003.2513657829
                   064585.4746086311
                   045737.4189311594
                   034790.3517219538
                   026675.3063750874
                   020930.14973726
                   017117.4712631059
                   014881.2550145035
                   013832.4449465582
                   0180692.117811068
                   0176668.311644851
                   0168706.25733813
                   0157036.197481279
                   0142299.027589761
                   0125173.686654845
                   0106745.363792775
                   087101.9671110495
                   066086.4438101852
                   046847.8110384997
                   035634.3017160619
                   027323.9108545419
                   021438.8414987005
                   017532.6763036
                   015241.7236105453
                   014167.2774649096
                   0185512.448997919
                   0181378.979045371
                   0173201.301111318
                   0161214.267766783
                   0146077.732829672
                   0128488.291868133
                   0109558.838369556
                   089373.8962796265
                   067706.1876923633
                   048047.6248847142
                   036546.6279977427
                   028024.5541240046
                   021987.3420497794
                   017980.8240802081
                   015631.0992672577
                   014528.9217728897
                   0190799.656959214
                   0186546.194174773
                   0178131.617110831
                   0165796.483120847
                   0150222.946067903
                   0132124.345017061
                   0112644.964083863
                   091866.0426671303
                   069480.5499844551
                   049365.2395610174
                   037548.3845219724
                   028793.3440752226
                   022589.7801487144
                   018472.5431301307
                   016058.4622988211
                   014925.9248126518
                   0196588.532133606
                   0192204.189623935
                   0183528.63099739
                   0170813.541932059
                   0154760.745518418
                   0136108.798516077
                   0116023.867343002
                   094593.3810344525
                   071418.7076786896
                   050806.2862024379
                   038645.2076610991
                   029634.6844580124
                   023248.3741417784
                   019010.1649036544
                   016525.4149089551
                   015359.96374742
                   0202933.451686491
                   0198403.948756756
                   0189442.966490008
                   0176313.215576602
                   0159733.875723772
                   0140469.833587723
                   0119724.389102216
                   097579.0548718687
                   073538.5342177892
                   052384.0652630144
                   039845.8454490406
                   030555.3243508898
                   023968.8894525068
                   019598.9379067273
                   017036.7610356741
                   015834.7992473226
                   0209885.023388138
                   0205197.868700158
                   0195924.916386018
                   0182337.591887528
                   0165181.892045846
                   0145248.604799623
                   0123776.653349484
                   0100847.806435412
                   075854.1411115286
                   054111.9153582454
                   041158.5939412005
                   031562.8195447381
                   024757.951317849
                   020242.2366480836
                   017595.6574355931
                   016354.1417203682
                   0217508.155024319
                   0212646.818355909
                   0203023.598341956
                   0188936.740740581
                   0171148.576096682
                   0150482.756117704
                   0128214.335836289
                   0104424.604195964
                   078380.0083362726
                   055999.3360434567
                   042592.8876080662
                   032663.9126465894
                   025619.9692878939
                   020946.1634956978
                   018206.9114557159
                   016921.5686509658
                   0225925.465651301
                   0220872.339681071
                   0210876.080776433
                   0196229.121905449
                   0177743.633152167
                   0156264.830091268
                   0133117.120183561
                   0108378.187576041
                   081165.406225771
                   058084.5713609707
                   044178.2840470598
                   033878.6815562383
                   026571.6171994726
                   021723.1636617723
                   018881.5561379039
                   017548.0402863408
                   0235183.926246137
                   0229919.218717786
                   0219506.872252099
                   0204254.33790381
                   0184994.761740457
                   0162622.314562437
                   0138508.695185347
                   0112718.773182157
                   084218.2811898494
                   060373.1469237996
                   045919.5073527336
                   035213.9785180207
                   027616.6734641559
                   022575.5640823265
                   019621.9215805878
                   018235.6606864477
                   0245400.272382991
                   0239903.186776099
                   0229030.698761445
                   0213105.624293493
                   0192996.254919931
                   0169636.499917952
                   0144457.094536969
                   0117502.845396939
                   087575.8261637686
                   062895.9946582391
                   047837.0840847113
                   036684.3215069755
                   028767.1446616893
                   023514.3511452613
                   020437.0368101616
                   018992.8573359982
                   0256702.430435149
                   0250947.214828481
                   0239565.671754407
                   0222895.774793224
                   0201843.72429409
                   0177392.8929496
                   0151029.161878058
                   0122789.693105302
                   091275.1627357978
                   065683.3820918668
                   049955.624094236
                   038308.4967233186
                   030037.7954647593
                   024550.4403650194
                   021336.8653522802
                   019828.4562005976
                   0269229.125823874
                   0263187.269824224
                   0251240.288018538
                   0233743.658295661
                   0211648.102977513
                   0185986.111126466
                   0158308.676404639
                   0128639.884897576
                   095357.2477842726
                   068763.9191597584
                   052297.0376436727
                   040102.8958521897
                   031441.5754720693
                   025695.5304928826
                   022331.435433683
                   020751.5337494071
                   0283118.729053462
                   0276759.020684941
                   0264184.417228094
                   0245770.682937634
                   0222524.063659212
                   0195509.86273788
                   0166373.79542389
                   0135118.131566535
                   099864.7370631007
                   072173.7093567488
                   054888.6910960288
                   042088.8649711185
                   032995.060046563
                   026962.1100058258
                   023430.6632267455
                   021772.6340061908
                   0298583.892679009
                   0291868.941685489
                   0278596.193358157
                   0259160.315332756
                   0234624.349436458
                   0206107.247854434
                   0175347.018191731
                   0142317.923877972
                   0104862.446963867
                   075960.6823011063
                   057769.4566424901
                   044293.4712873946
                   034719.4357638846
                   028367.6683932551
                   024651.5139261934
                   022905.496918129
                   0315799.290956517
                   0308689.579174535
                   0294637.166618191
                   0274063.080557791
                   0248089.545509621
                   0217899.950695646
                   0185325.683898722
                   0150318.602873004
                   0110400.387316107
                   080168.1358767266
                   060966.276608879
                   046741.9220001768
                   036633.3514068514
                   029927.9302940198
                   026005.5778568048
                   024162.6807658562
                   0335083.772146264
                   0327531.123177263
                   0312603.691638035
                   0290753.121915094
                   0263167.383653769
                   0231108.446027836
                   0196492.627988696
                   0159262.086935176
                   0116574.963983574
                   084868.3342839099
                   064537.8290158194
                   049476.5851650793
                   038770.6984436769
                   031669.9899525432
                   027518.0252172304
                   025566.3376936756
                   0356665.061147421
                   0348615.712496182
                   0332709.279263431
                   0309427.653326416
                   0280035.0616471
                   0245875.57311345
                   0208976.482313833
                   0169249.645433878
                   0123453.956498494
                   090114.0152953523
                   068522.6789429218
                   052526.826004625
                   041154.5410107519
                   033612.5886643256
                   029203.6613550648
                   027131.2998293972
                   0380902.873690122
                   0372294.978462467
                   0355287.134101763
                   0330396.174615862
                   0298971.721848188
                   0262448.707028445
                   0222980.568354032
                   0180439.563131682
                   0131143.979041445
                   095989.4053534922
                   072986.448876731
                   055942.7259431019
                   043822.9726344644
                   035786.4322702259
                   031090.320969063
                   028881.9576974233
                   0408194.102383039
                   0398943.488788581
                   0380693.210949203
                   0353988.04822876
                   0320274.375383163
                   0281087.823363899
                   0238719.763442816
                   0193001.657796203
                   0139755.850030563
                   0102582.84434341
                   077993.244944904
                   059773.7194352644
                   046816.1455689461
                   038223.7418254939
                   033205.1067470362
                   030844.8548235063
                   0439021.62599048
                   0429069.250588767
                   0409410.95686214
                   0380640.704442303
                   0344334.18351458
                   0302132.612116686
                   0256482.435475159
                   0207160.768329914
                   0149440.829579503
                   0110010.098948577
                   083634.3230422715
                   064088.4371917344
                   050184.565855845
                   040966.6536354686
                   035585.1083880511
                   033053.1818447085
                   0473936.600100238
                   0463175.530337594
                   0441920.87879806
                   0410817.256128616
                   0371569.703178673
                   0325946.271599796
                   0276568.322563966
                   0223150.722979655
                   0160357.123618073
                   0118392.95737437
                   089998.9884765576
                   068955.4470290892
                   053983.5652966027
                   044059.0571494838
                   038267.5242460262
                   035542.0411883596
                   0513520.334619939
                   0501839.880527217
                   0478771.788064001
                   0445031.204083363
                   0402429.217141017
                   0352919.033140159
                   0299310.995151571
                   0241220.226222375
                   0172672.6285525
                   0127866.04292902
                   097189.5085936496
                   074453.0519554286
                   058274.8008896365
                   047550.9891389365
                   041296.2285527729
                   038351.894013926
                   0558616.803351598
                   0545886.145661695
                   0520748.173021843
                   0483985.509558346
                   0437563.770835693
                   0383616.131402059
                   0325168.906478041
                   0261731.14957956
                   0186637.632694296
                   0138616.543836682
                   0105350.925376556
                   080690.5378741366
                   063140.0079833169
                   051509.354132673
                   044729.1934068082
                   041536.1772885565
                   0610120.554493298
                   0596188.142821763
                   0568679.587640963
                   0528457.491744538
                   0477680.962221268
                   0418638.268912394
                   0354645.977591507
                   0285076.63162375
                   0202518.534789856
                   0150857.071033027
                   0114637.925016232
                   087786.3432636618
                   068675.5039789295
                   056011.1885187519
                   048632.4001425243
                   045156.5257059775
                   0668940.162010136
                   0653631.847403754
                   0623408.393088034
                   0579224.795366202
                   0523448.700536319
                   0458586.813987013
                   0388239.37062203
                   0311628.488805887
                   0220578.770204683
                   0164781.385203496
                   0125200.578936231
                   095857.4162590517
                   074968.0112486696
                   061127.3715530318
                   053067.3942736668
                   049269.9882386326
                   0736679.08814885
                   0719781.161651908
                   0686422.407534214
                   0637665.228349494
                   0576114.455493968
                   0504529.36734839
                   0426840.806269474
                   0342077.242964841
                   0241276.661716163
                   0180751.713287248
                   0137317.078073335
                   0105111.500807302
                   082179.9547011281
                   066990.2936892048
                   058149.2294919589
                   053982.2260756256
                   0814756.40822482
                   0796020.217990735
                   0759035.154973359
                   0704989.102663147
                   0636764.219765393
                   0557424.838903993
                   0471220.776660169
                   0377002.476944579
                   0265071.006248135
                   0199084.637142959
                   0151217.15609922
                   0115727.496963696
                   090453.5062818202
                   073713.9653491345
                   063975.4795925675
                   059385.3471122823
                   0904787.969550744
                   0883924.473467214
                   0842743.054649179
                   0782578.02281147
                   0706631.513847816
                   0618305.881420279
                   0522257.980028806
                   0417073.486654279
                   0292304.943542991
                   0220120.858971161
                   0167174.017645495
                   0127909.646843042
                   099944.2752692854
                   081425.1602079345
                   070656.4952909216
                   065579.0305656338
                   01009258.64626327
                   0985882.23887315
                   0939814.793154067
                   0872529.231790714
                   0787594.490811319
                   0688811.415337793
                   0581290.445924233
                   0463306.567437612
                   0323799.657888354
                   0244411.968106863
                   0185592.542787496
                   0141972.524025157
                   0110897.298570241
                   090323.3239043577
                   078363.842638873
                   072724.7036303273
                   01130576.47372279
                   01104336.7707243
                   01052563.53908511
                   0976938.101139227
                   0881520.928730137
                   0770546.498931822
                   0649641.492680112
                   0516695.230952904
                   0360201.578784867
                   0272472.653342433
                   0206875.487890788
                   0158222.122360095
                   0123550.465268712
                   0100599.108219736
                   087264.1656599514
                   080974.3917574926
                   01271551.78085433
                   01241937.99604268
                   01183510.20510751
                   01098173.67618683
                   0990529.948242708
                   0865324.594131735
                   0728783.375941004
                   0578330.752067165
                   0402408.699271901
                   0304883.66750651
                   0231462.039202749
                   0176988.6804149
                   0138162.012006212
                   0112462.704524719
                   097539.2936098575
                   090497.9673513959
                   01436298.44262495
                   01402720.2641307
                   01336471.20068044
                   01239776.50450031
                   01117730.26919691
                   0975813.85858601
                   0820918.944243653
                   0649849.179647429
                   0451486.073032877
                   0342489.439658836
                   0259992.879845274
                   0198769.666950212
                   0155120.947495274
                   0126230.725424361
                   0109460.137678263
                   0101547.446301372
                   01628906.90076878
                   01590664.23149405
                   01515219.28084221
                   01405137.6292196
                   01266197.44900632
                   01104640.84912904
                   0928138.577724606
                   0732797.286340824
                   0508435.454576991
                   0386113.392237565
                   0293100.054350715
                   0224044.416394508
                   0174795.037177724
                   0142201.11292525
                   0123286.738339548
                   0114361.579146557
                   01854139.03904236
                   01810403.38791077
                   01724133.25998967
                   01598303.15974048
                   01439544.32637407
                   01254838.27568255
                   01052895.60619433
                   0828948.647181069
                   0574427.558628849
                   0436658.991205295
                   0331472.983833504
                   0253341.633804526
                   0197600.613525202
                   0160714.262157954
                   0139312.144092798
                   0129211.707424515
                   02117776.38097128
                   02067561.31238775
                   01968529.43231787
                   01824130.90896968
                   01641979.68861648
                   01430039.37857305
                   01198096.04312542
                   0940394.541827401
                   0650794.021939082
                   0495201.274977522
                   0375938.563106288
                   0287297.601253679
                   0224031.671079577
                   0182162.508671718
                   0157878.070290659
                   0146415.023099263
                   02427089.01047036
                   02369210.30213711
                   02255074.734926
                   02088725.81899729
                   01878927.84337805
                   01634848.54279647
                   01367367.02692856
                   01069714.65383973
                   0739196.090213377
                   0563045.715586115
                   0427490.824702766
                   0326672.839875393
                   0254682.20685072
                   0207034.578709579
                   0179404.63727552
                   0166359.904622707
                   02789106.59457496
                   02722163.39288438
                   02590189.09633296
                   02397922.47511396
                   02155484.90995222
                   01873434.00395319
                   01564018.06362707
                   01219176.77245405
                   0841039.781135792
                   0641301.9566834
                   0487001.724859757
                   0372135.910133866
                   0290065.436066651
                   0235747.337084567
                   0204253.508979229
                   0189381.765366902
                   03213098.57642836
                   03135417.44336672
                   02982227.75897321
                   02759308.13221201
                   02478299.36369157
                   02151373.53716078
                   01792339.59077724
                   01391692.16892585
                   0958168.119403922
                   0731405.437531237
                   0555561.28309417
                   0424527.111994775
                   0330847.377276481
                   0268832.04616782
                   0232884.619658885
                   0215903.26931786
                   03706543.55566536
                   03616218.64359429
                   03438228.33073814
                   03179114.31780536
                   02852708.28867724
                   02472979.42009639
                   02055516.07082927
                   01589206.8269204
                   01091625.65012354
                   0834220.595408289
                   0633864.518956247
                   0484381.570694776
                   0377429.37551076
                   0306623.504053978
                   0265582.084824919
                   0246189.463755086
                   04277083.29139763
                   04171925.92479589
                   03964769.72136489
                   03663471.44906037
                   03283807.84886355
                   02842281.74163653
                   02356346.96865197
                   01813211.1235088
                   01242102.80318764
                   0950335.415062885
                   0722372.384298632
                   0552066.013158796
                   0430106.155877328
                   0349352.212571126
                   0302545.727759972
                   0280425.854666045
                   04930551.33742058
                   04808124.35528641
                   04567016.00351782
                   04216559.54788832
                   03775116.06679611
                   03261759.23009097
                   02696233.82234533
                   02063891.10552592
                   01409301.40349481
                   01079604.36161844
                   0821024.480902255
                   0627520.966443044
                   0488836.778860452
                   0396980.463513927
                   0343741.050182956
                   0318573.025649015
                   04914377.382708
                   04791052.62209014
                   04548354.36345638
                   04196048.31757511
                   03752006.09893852
                   03235548.59285327
                   02666279.24866302
                   02029869.97979844
                   01381345.9391366
                   01059424.79915847
                   0806104.760407546
                   0616220.644385452
                   0479992.814234369
                   0389733.797201161
                   0337422.662591786
                   0312683.096377175
                   04764547.25054339
                   04643875.06399257
                   04406231.68095845
                   04061374.4554968
                   03627441.09710608
                   03122484.45084178
                   02565446.16727732
                   01943261.51245117
                   01318035.27089101
                   01011938.7052441
                   0770360.180248367
                   0588988.823585232
                   0458758.174665596
                   0372441.742463628
                   0322415.332664441
                   0298750.80781063
                   04604961.18366072
                   04487158.74471123
                   04255844.58576801
                   03919366.87310117
                   03496372.84073581
                   03004465.81576836
                   02461258.88938513
                   01855479.0184093
                   01254560.47424253
                   0964087.66849893
                   0734284.705496909
                   0561499.428751512
                   0437324.87941816
                   0354996.904828194
                   0307283.756846922
                   0284705.987895047
                   04435824.17163302
                   04321415.13954778
                   04096195.44590127
                   03769730.03259707
                   03359081.00441957
                   02881505.32074199
                   02354092.78780415
                   01766276.23293471
                   01190785.82926933
                   0915804.82827796
                   0697828.843992159
                   0533705.031968841
                   0415657.377936263
                   0337375.953968825
                   0292000.39708954
                   0270525.374644491
                   04257624.24495549
                   04146813.1065807
                   03929127.07312044
                   03612890.61112194
                   03215899.35172632
                   02753911.07440141
                   02243265.93196565
                   01675768.01349725
                   01126785.39011254
                   0867190.665799817
                   0661070.692531179
                   0505667.355901076
                   0393807.974784229
                   0319607.537595527
                   0276597.180888493
                   0256235.448851216
                   04070180.55224714
                   03966351.80318883
                   03754278.46766881
                   03449107.28965833
                   03066362.25832969
                   02623355.31672041
                   02129478.49107984
                   01583701.53125727
                   01062352.01422624
                   0818115.880218033
                   0623914.198235309
                   0477314.004002184
                   0371711.415447427
                   0301645.911259601
                   0261031.463848349
                   0241797.612086893
                   03872757.47466153
                   03770569.12574124
                   03568799.7262024
                   03276981.85269106
                   02910151.51293283
                   02483628.26109873
                   02011935.96452573
                   01489684.63889523
                   0997197.532403605
                   0768391.585012015
                   0586222.467775749
                   0448533.037309032
                   0349287.064712584
                   0283423.681282955
                   0245240.799623203
                   0227155.599172796
                   03666013.11886527
                   03568105.2159056
                   03375872.81112197
                   03097525.43752306
                   02747670.13048572
                   02340842.934971
                   01890916.10323395
                   01393899.62732035
                   0931422.735452667
                   0718104.177348333
                   0548055.022569274
                   0419385.992095888
                   0326576.089257293
                   0264970.170548937
                   0229254.562504189
                   0212334.451475643
                   03450189.02798579
                   03357109.66591362
                   03174820.95025152
                   02910966.61091259
                   02579142.61993851
                   02193238.64303096
                   01766795.37400209
                   01296434.68892648
                   0865082.528941946
                   0667306.053744014
                   0509461.661865735
                   0389899.152529758
                   0303605.219223076
                   0246309.114733965
                   0213092.780901931
                   0197353.298612936
                   03225737.5000181
                   03137861.63327772
                   02966039.45566883
                   02717287.59436009
                   02404747.24507178
                   02041137.14819432
                   01639257.86869062
                   01197436.51014834
                   0798229.029885021
                   0616042.38386705
                   0470478.532244867
                   0360107.876987309
                   0280397.707621311
                   0227461.163766483
                   0196770.615004564
                   0182224.727634264
                   02995069.3493995
                   02912149.40740501
                   02751051.51184285
                   02518382.94285063
                   02225777.43487564
                   01885585.22321127
                   01509689.24813947
                   01097552.4384974
                   0731280.240203445
                   0564640.361505887
                   0431360.620725219
                   0330203.774534066
                   0257102.008907556
                   0208546.40778447
                   0180393.200042777
                   0167047.449887336
                   02756429.4276185
                   02679792.58312681
                   02530397.17011286
                   02314368.91772178
                   02042761.90104456
                   01726938.17105502
                   01378136.63064143
                   0996989.112596886
                   0664313.925084135
                   0513169.006542436
                   0392158.722971748
                   0300224.753002585
                   0233751.582581918
                   0189589.076636592
                   0163982.575896247
                   0151841.780191961
                   02514785.33955898
                   02444089.49626607
                   02306496.02640986
                   02107608.82703007
                   01857645.83588876
                   01566902.21617644
                   01246039.33492457
                   0896810.904916219
                   0597997.555607992
                   0462142.504268681
                   0353268.930511789
                   0270479.126088087
                   0210584.17052575
                   0170784.066405455
                   0147706.382657117
                   0136761.697436406
                   02274324.78145184
                   02207291.88203483
                   02081927.24174117
                   01900395.01719895
                   01672250.31306859
                   01407110.23945865
                   01114746.5124235
                   0798058.444616634
                   0532911.661557459
                   0412022.381935846
                   0315043.177257589
                   0241237.807908702
                   0187809.504389162
                   0152301.639377575
                   0131710.853957279
                   0121943.955200089
                   02030296.34130623
                   01971462.08262513
                   01857901.57284049
                   01694330.88139022
                   01488249.88639048
                   01248774.64672385
                   0985237.797026197
                   0701417.654997666
                   0469471.095563841
                   0363122.984738545
                   0277732.646243035
                   0212687.954011665
                   0165577.645644477
                   0134262.017529448
                   0116101.677701148
                   0107485.46396624
                   01791444.16930604
                   01739266.56908934
                   01638078.65074361
                   01491562.11419776
                   01307606.59310087
                   01094007.70529326
                   0859191.658898512
                   0608277.753059349
                   0408412.932225787
                   0316027.786423756
                   0241779.321286911
                   0185174.341064885
                   0144152.620843529
                   0116879.687165963
                   0101062.861844442
                   093557.7444089429
                   01560278.94666249
                   01514360.76573626
                   01425124.65455135
                   01295482.09844049
                   01133106.83875478
                   0944719.193617932
                   0738227.635338712
                   0519759.521631414
                   0350385.328963073
                   0271234.559219025
                   0207569.207129702
                   0158989.803383203
                   0123763.818252444
                   0100340.768900458
                   086755.6734545084
                   080308.3248808137
                   01339347.92983767
                   01299060.71471882
                   01221031.29632604
                   01108223.11790526
                   0966773.256842654
                   0802840.144819371
                   0624313.445920512
                   0436993.745661024
                   0296005.169090855
                   0229232.388076443
                   0175473.390873131
                   0134418.724519744
                   0104635.036356047
                   084825.0530286045
                   073335.7288014217
                   067881.922800139
                   01130897.46249491
                   01096432.65164474
                   01029140.60863016
                   0932174.132293773
                   0810529.75512894
                   0669972.380156334
                   0517207.655126694
                   0360869.818297441
                   0245754.784288215
                   0190391.8118006
                   0145783.541908873
                   0111687.72475925
                   086937.2513873053
                   070473.7194838189
                   060923.5920390526
                   056389.2404740794
                   0938110.696633866
                   0908661.704501318
                   0851663.88008955
                   0769438.962495313
                   0666504.481811091
                   0547898.668002121
                   0419988.935463665
                   0292267.157069128
                   0200161.795397538
                   0155132.215099819
                   0118817.93787743
                   091038.143309665
                   070862.5402825588
                   057438.178294265
                   049651.1394791676
                   045952.9911681797
                   0762148.727301905
                   0737721.916305229
                   0690015.503140411
                   0621444.237293019
                   0535817.215874631
                   0437593.872954024
                   0332862.305093631
                   0231502.698181145
                   0159425.785584559
                   0123608.552021025
                   094700.797596719
                   072567.1808085162
                   056483.1971810103
                   045779.3810931225
                   039569.9296430601
                   036620.5571055914
                   0605009.551214393
                   0584786.084551412
                   0545704.493996828
                   0489584.002255238
                   0419671.301236591
                   0340417.902762588
                   0256641.563399198
                   0178839.184178483
                   0123784.356504891
                   096012.8841955899
                   073579.8717012806
                   056388.1128905089
                   043888.6662812484
                   035568.5744760741
                   030741.4619896401
                   028448.1274683578
                   0467133.438103981
                   0450979.659263976
                   0419498.148339915
                   0374445.497611031
                   0318766.848825758
                   0256025.489424843
                   0191611.530280452
                   0134143.736367275
                   093260.5652332838
                   072366.0798424791
                   055473.4875286892
                   042516.6373518323
                   033091.0056138151
                   026815.4881239124
                   023174.2114527613
                   021443.7873017074
                   0349186.154150073
                   0336348.439412103
                   0311630.966806686
                   0276721.645383443
                   0233240.341472551
                   0185353.516615761
                   0137759.969851596
                   097134.9593242847
                   067783.8424876315
                   052618.1988010712
                   040346.9256045375
                   030926.1786131345
                   024069.0089117184
                   019502.4044847836
                   016852.4579973039
                   015592.8839925797
                   0250441.97117528
                   0240713.933517709
                   0221852.267008955
                   0195247.721278533
                   0163012.959733942
                   0127927.007277253
                   094562.4091614721
                   067271.8933242585
                   047095.7088559905
                   036573.283680624
                   028051.7044545167
                   021503.5865088046
                   016734.8858849062
                   013558.2389711357
                   011714.7350173156
                   010838.1312084566
                   0169693.890893896
                   0162481.890104033
                   0148728.531018804
                   0129514.758578078
                   0106666.285702099
                   082657.5440481506
                   060929.4192752027
                   043773.756697813
                   030733.4009064168
                   023876.042153156
                   018318.4947372109
                   014043.2368837514
                   010928.3465408866
                   08852.76312394142
                   07647.92951125184
                   07075.03032477671
