               97701                 360
                 160
    5339499999.99999    5006048181.56798    4694834386.17908     4404375551.9889    4133287523.08679    3880278453.42319    3644142650.63143    3423754830.40722    3218064754.06581     3026092223.7223    2846922411.24519    2679701498.72381    2523632609.67446    2377972011.59593    2242025571.77804    2115145449.47348    1996727008.66999    1886205936.75086    1783055555.31303    1686784310.32767    1596933429.68293    1513074736.94594    1434808610.92584    1361762081.31434    1293587051.32867    1229958638.88707    1170573628.41199    1115149025.88302    1063420710.25388    1015142174.80693    970083352.447181    928029519.337887    888780271.653059     852148570.57075    817959850.956071    786051189.486468     756270528.25502    728475950.151918    702535002.571022    678324066.218666    655727766.016837    634638421.293436    614955532.639546    596585302.988383    579440190.633658    563438492.057314    548503952.578627    534565402.969263    521556420.302608    509415011.421182    498083317.513724    487507338.394137    477636675.168376    468424290.062966    459826282.270656    451801678.744993    444312238.946896    437322272.612741    430798469.675567    424709741.528891    419027072.876705    413723383.463642    408773399.026417    404153530.851552    399841763.365451    395817549.221131    392061711.381647    388556351.733625    385284765.795381     382231363.11319    379381592.966356    376721875.027037    374239534.644394    371922742.444663    369760457.959318    367742377.012693    365858882.618348    364100999.150164     362460349.56979    360929115.506614           359500000    359348101.265823    359196202.531646    359044303.797468    358892405.063291    358740506.329114    358588607.594937    358436708.860759    358284810.126582    358132911.392405    357981012.658228    357829113.924051    357677215.189873    357525316.455696    357373417.721519    357221518.987342    357069620.253165    356917721.518987     356765822.78481    356613924.050633    356462025.316456    356310126.582278    356158227.848101    356006329.113924    355854430.379747     355702531.64557    355550632.911392    355398734.177215    355246835.443038    355094936.708861    354943037.974684    354791139.240506    354639240.506329    354487341.772152    354335443.037975    354183544.303797     354031645.56962    353879746.835443    353727848.101266    353575949.367089    353424050.632911    353272151.898734    353120253.164557     352968354.43038    352816455.696203    352664556.962025    352512658.227848    352360759.493671    352208860.759494    352056962.025316    351905063.291139    351753164.556962    351601265.822785    351449367.088608     351297468.35443    351145569.620253    350993670.886076    350841772.151899    350689873.417722    350537974.683544    350386075.949367     350234177.21519    350082278.481013    349930379.746835    349778481.012658    349626582.278481    349474683.544304    349322784.810127    349170886.075949    349018987.341772    348867088.607595    348715189.873418    348563291.139241    348411392.405063    348259493.670886    348107594.936709    347955696.202532    347803797.468354    347651898.734177           347500000
                  17
                   0   0.196349540849363   0.392699081698725   0.589048622548088    0.78539816339745   0.981747704246813    1.17809724509618    1.37444678594554     1.5707963267949    1.76714586764426    1.96349540849363    2.15984494934299    2.35619449019235    2.55254403104171    2.74889357189108    2.94524311274044     3.1415926535898
                   2
                   0     6.2831853071796
                   037.3345419024157
                   037.3071398035299
                   037.2529909982684
                   037.1715213501337
                   037.059653259549
                   036.9110989976957
                   036.7194227054538
                   036.4656620562721
                   036.1376002084891
                   035.6945006628696
                   035.0698167270715
                   034.1183291984635
                   032.5326052189513
                   029.4770968659737
                   022.0433485621148
                   03.37501893437796
                   043.7226225226766
                   043.6886063100621
                   043.6211445409459
                   043.5179933423425
                   043.3754037407691
                   043.1853685118338
                   042.9385730500721
                   042.6139514561057
                   042.1955942290962
                   041.6288683230972
                   040.8304881641031
                   039.6176665411368
                   037.6007158982455
                   033.7308137509874
                   024.494208367956
                   03.67598456223892
                   051.1813915680408
                   051.1389607948274
                   051.0541706929027
                   050.9236654209594
                   050.741794759856
                   050.4983213170114
                   050.181225639212
                   049.7658544406187
                   049.2315736700353
                   048.5072482226891
                   047.4879929297234
                   045.9417494346052
                   043.3781468340958
                   038.4965109098803
                   027.0855703829157
                   04.07074483924519
                   059.9097648560878
                   059.8565656978402
                   059.7492617873017
                   059.5835266686978
                   059.3515630673926
                   059.039491667224
                   058.6329825066329
                   058.1019647186503
                   057.4202679323705
                   056.4956998336691
                   055.1960071369205
                   053.2264365325015
                   049.9694771641931
                   043.8311788141438
                   029.7987375217574
                   04.57999457846811
                   070.140755858703
                   070.0737663824912
                   069.9376968467553
                   069.7262962928074
                   069.4298954982638
                   069.0289281273716
                   068.5103441815545
                   067.8332220380557
                   066.9624805873217
                   065.7823310224287
                   064.1268677524003
                   061.6194729340578
                   057.4948159832238
                   049.7924966793626
                   032.6231631143038
                   05.23257426791472
                   082.1359194786111
                   082.0509386331412
                   081.8778553079219
                   081.6081165191741
                   081.2289724182937
                   080.7135847727719
                   080.0530767943465
                   079.190334399293
                   078.0778833420245
                   076.5731276747035
                   074.4653241525158
                   071.276415384216
                   066.0676836214972
                   056.4291903007091
                   035.5372523027046
                   06.05942967676257
                   096.2126510162599
                   096.1047532882195
                   095.8831212015391
                   095.5383566986652
                   095.0535920101319
                   094.3914000145987
                   093.5509776814281
                   092.4532572503571
                   091.0339065083517
                   089.1173205654595
                   086.4361280960966
                   082.3877890067347
                   075.8198264520358
                   063.7890597810029
                   038.5306970275573
                   05.67753913911517
                   0112.732723370424
                   0112.59482909469
                   0112.31374984986
                   0111.872774723736
                   0111.251630173405
                   0110.402952011811
                   0109.334300771388
                   0107.937998808904
                   0106.129617157819
                   0103.689973948066
                   0100.281580303385
                   095.1529620522467
                   086.8877261012119
                   071.9107584247373
                   041.5961449606334
                   07.11625297469133
                   0132.134324583255
                   0131.958353969559
                   0131.599680086415
                   0131.037016996966
                   0130.241758590276
                   0129.156554562587
                   0127.79842320038
                   0126.02393941955
                   0123.722454886757
                   0120.620255881717
                   0116.287974136589
                   0109.806177146163
                   099.4291600194039
                   080.8392481592685
                   044.7567051643986
                   08.90938843213216
                   0154.914660110291
                   0154.690409266146
                   0154.231777017059
                   0153.513990393835
                   0152.498865861719
                   0151.110719744851
                   0149.386446714775
                   0147.132633256374
                   0144.20756388006
                   0140.268655834859
                   0134.771792504415
                   0126.594168463985
                   0113.591849518885
                   090.6126759141891
                   048.0479116050838
                   011.1266154542534
                   0181.686939824069
                   0181.401099545879
                   0180.8157102278
                   0179.899789196766
                   0178.60235547506
                   0176.836077290091
                   0174.646668510653
                   0171.784161475999
                   0168.069802694044
                   0163.072639937939
                   0156.108834184576
                   0145.806063856575
                   0129.549673855594
                   0101.265801755694
                   051.5499005157907
                   013.8818450629105
                   0213.142387526374
                   0212.777771267437
                   0212.0302822925
                   0210.861680728136
                   0209.202661733154
                   0206.958728492573
                   0204.188193603848
                   0200.554840849977
                   0195.842013370999
                   0189.512386968902
                   0180.703127078603
                   0167.746298728603
                   0147.473622867105
                   0112.827081853137
                   055.3700333705884
                   017.277758720178
                   0250.078921804468
                   0249.613954025203
                   0248.661638706344
                   0247.169533318938
                   0245.054176728541
                   0242.205927437458
                   0238.699364142235
                   0234.092465522801
                   0228.11877657236
                   0220.104626496299
                   0208.987477932475
                   0192.73034968933
                   0167.523935184871
                   0125.302039220433
                   059.6595195885419
                   021.4410834547432
                   0293.52844398543
                   0292.932958313382
                   0291.720735848143
                   0289.800815117227
                   0287.100819332623
                   0283.475736370198
                   0279.028619203783
                   0273.178348970239
                   0265.60033810413
                   0255.448674203877
                   0241.44532661344
                   0221.058228168243
                   0189.822931938429
                   0138.663970367251
                   064.5645775497986
                   026.4886381788288
                   0344.452677248313
                   0343.699568439745
                   0342.139700102458
                   0339.715623412691
                   0336.268690208093
                   0331.691317945207
                   0326.066630789961
                   0318.661765770861
                   0309.083111506391
                   0296.258428424091
                   0278.632565157873
                   0253.208336545563
                   0214.62873786379
                   0153.087328704506
                   070.4846007265623
                   032.7319211343141
                   0404.270168937018
                   0403.303197657796
                   0401.34094220163
                   0398.239379908369
                   0393.88417247288
                   0388.072398517679
                   0380.972316335357
                   0371.620441085158
                   0359.511893627323
                   0343.355720427259
                   0321.258160848046
                   0289.57750388021
                   0242.090090102046
                   0168.595089448906
                   077.6988932361791
                   040.3473646560226
                   0475.512311081079
                   0474.293247186057
                   0471.776332446307
                   0467.814232620166
                   0462.255340447201
                   0454.887428261918
                   0445.866880737114
                   0434.001382931485
                   0418.65535915834
                   0398.206476871359
                   0370.524512621925
                   0331.131558134344
                   0272.92508906811
                   0185.797577860684
                   086.9751663632137
                   049.9962526037643
                   0558.743708794566
                   0557.195254369662
                   0554.02400604461
                   0549.000441438329
                   0541.912927864711
                   0532.56719729549
                   0521.18609315495
                   0506.159389662769
                   0486.792796239313
                   0461.020657779555
                   0426.470119666224
                   0377.628861056654
                   0306.627516822082
                   0204.244182485205
                   098.1607131629019
                   061.4624576087598
                   0656.281674798567
                   0654.285635337783
                   0650.257976562308
                   0643.889702872976
                   0634.927238878132
                   0623.145492412979
                   0608.695698440606
                   0589.743319527557
                   0565.350404271338
                   0532.996511924496
                   0489.918152114351
                   0429.594525777684
                   0343.457240038629
                   0224.282265157907
                   0111.680867084009
                   075.0846942453677
                   0770.582301745746
                   0768.076969814956
                   0762.920503586645
                   0754.848013529875
                   0743.563941542723
                   0728.676215081357
                   0710.46179561932
                   0686.548641862772
                   0655.87877373954
                   0615.360889877256
                   0561.857884276034
                   0487.627269761091
                   0383.766112296563
                   0246.391770124598
                   0128.049263578176
                   091.3426836634272
                   0904.149129143348
                   0900.986047230118
                   0894.457727392447
                   0884.276650012278
                   0870.063218203381
                   0851.32416169809
                   0828.376988519097
                   0798.286321320151
                   0759.831660262609
                   0709.17162819371
                   0642.929585840874
                   0552.009476090476
                   0427.626585121658
                   0270.86525917218
                   0147.567784518866
                   0110.490667076882
                   01060.20125400357
                   01056.20630101124
                   01048.00368882643
                   01035.12571030424
                   01017.1966930081
                   0993.701224825082
                   0964.829871187533
                   0927.05603030274
                   0878.930086805269
                   0815.849619762968
                   0734.147753163718
                   0623.271795408188
                   0475.304715532652
                   0298.294604527994
                   0170.694952692351
                   0132.983818612597
                   01243.68194677402
                   01238.59335972946
                   01228.25176945915
                   01211.9160945999
                   01189.40679580228
                   01159.84339397651
                   01123.53234886598
                   01076.16046307045
                   01015.91527616897
                   0937.536549628335
                   0837.081354332466
                   0702.452000844697
                   0527.783611269454
                   0330.000125387359
                   0198.331821310174
                   0159.791783701383
                   01459.56500029384
                   01453.12064249894
                   01440.01684262845
                   01419.42598616859
                   01391.05646687552
                   01353.83438082871
                   01308.1849847955
                   01248.81128785732
                   01173.45902398711
                   01076.24705269238
                   0953.179678071088
                   0790.510375935144
                   0585.759913417545
                   0367.136220993107
                   0231.280813198312
                   0191.73532285844
                   01708.91710761385
                   01700.8253487688
                   01684.28649337516
                   01658.47493844563
                   01622.86067446868
                   01576.3274993837
                   01519.229010354
                   01445.0961441648
                   01351.3497562938
                   01231.48096419825
                   01081.41173002552
                   0886.265054607875
                   0648.29206986922
                   0409.176127031161
                   0268.809763771885
                   0228.140835209105
                   01997.25715172845
                   01987.10394901362
                   01966.31742197217
                   01934.06211343178
                   01889.63827072155
                   01831.54231676309
                   01760.44191346284
                   01668.31169521841
                   01552.31656343109
                   01405.21253241227
                   01223.15528188625
                   0990.511809058311
                   0716.517046057073
                   0457.143737795303
                   0286.423283238774
                   0269.536948824683
                   02329.671147381
                   02317.01638582423
                   02291.12563848418
                   02250.8803008479
                   02195.71999382545
                   02123.65882318247
                   02035.45443986407
                   01921.22338886984
                   01778.22135379063
                   01598.4440831023
                   01378.72996648616
                   01103.66493160095
                   0790.924813457249
                   0511.874593138709
                   0336.314291050244
                   0316.217837647883
                   02721.91429192736
                   02706.13773417178
                   02673.73809715173
                   02623.54990717277
                   02554.67947666856
                   02464.63433177722
                   02355.02106525891
                   02213.39331212501
                   02037.25796546154
                   01818.05990486537
                   01553.78328768952
                   01229.47655979178
                   0875.622827319996
                   0577.128204595418
                   0395.279348370292
                   0371.73984169076
                   03168.84635848696
                   03149.13528411278
                   03108.94454958761
                   03046.76629317019
                   02961.35449730397
                   02850.04120907243
                   02714.81754118445
                   02540.62174962787
                   02324.7878366545
                   02059.41498251511
                   01744.06241687082
                   01365.44838209487
                   0968.164571252891
                   0650.475286856786
                   0461.15489732234
                   0433.223662129052
                   03677.71679369063
                   03653.35593802749
                   03603.79112111146
                   03527.12995584724
                   03422.09436248683
                   03284.9316318042
                   03119.06720811208
                   02905.72378447988
                   02643.35709799416
                   02323.74675936336
                   01950.44333561106
                   01511.95477676744
                   01069.65672740433
                   0732.610995790418
                   0534.56347634246
                   0501.857267698566
                   04271.18302637924
                   04240.98877765717
                   04179.72200423283
                   04084.94304115857
                   03955.58489439312
                   03786.69190788826
                   03582.97142907025
                   03322.40548145119
                   03004.11596557768
                   02620.9795915262
                   02180.79971349095
                   01676.13126614393
                   01187.06706742521
                   0828.822444592574
                   0620.078121048962
                   0582.195444580546
                   04939.91459901779
                   04902.89849493629
                   04827.78170206474
                   04711.73205528497
                   04553.44624115991
                   04346.76568077965
                   04098.5835729529
                   03782.56544930419
                   03399.32387603237
                   02943.38489339832
                   02428.46926070006
                   01852.70917079719
                   01315.67172421757
                   0934.922514249218
                   0713.848011676017
                   0670.258122791888
                   05705.3559461936
                   05660.01716049994
                   05568.09684194627
                   05426.24157519969
                   05232.80454308025
                   04981.23749772353
                   04679.52190231148
                   04297.88670081524
                   03838.82976641954
                   03299.20970329845
                   02700.53651410926
                   02048.37631818336
                   01461.49433180732
                   01055.14060819702
                   0820.186336569698
                   0769.717683493969
                   06568.74944033124
                   06513.56898958983
                   06401.8847829897
                   06229.16416191262
                   05994.19740147555
                   05689.20315917422
                   05325.15680126166
                   04866.84065014715
                   04320.08041567661
                   03685.45043865742
                   02995.16381174761
                   02261.64174996136
                   01623.45931681789
                   01187.75329837269
                   0937.204405731142
                   0878.611066377561
                   07545.32662058311
                   07478.36921549622
                   07342.96521282174
                   07133.53168615843
                   06849.32489572288
                   06481.23659563158
                   06043.57521164889
                   05496.47850892698
                   04848.82521829688
                   04107.45753417874
                   03316.0481763327
                   02496.62849956926
                   01804.58226165898
                   01334.65074686511
                   01067.20505422712
                   0998.913285869301
                   08635.98093208714
                   08555.50420344169
                   08391.89427491139
                   08139.79799879017
                   07797.62025076964
                   07356.21861890711
                   06833.36171231571
                   06184.19853115567
                   05423.15733209062
                   04562.89906886168
                   03661.4665800441
                   02752.16960284842
                   02003.10021382868
                   01494.89624463763
                   01208.61860320827
                   01131.01255289957
                   09866.24514460921
                   09768.77705035887
                   09572.25182770332
                   09269.33887629425
                   08859.34984247149
                   08332.07929099491
                   07710.46427427132
                   06944.37668866773
                   06053.9223117282
                   05061.50886135019
                   04041.20256268804
                   03036.09579994613
                   02225.25246053634
                   01556.50118120744
                   01365.91109273235
                   01279.09715728321
                   011231.9437299239
                   011115.9956800838
                   010880.552692101
                   010518.7574197034
                   010030.3432222886
                   09404.32939299125
                   08669.38336142465
                   07770.98780545082
                   06736.50339574868
                   05599.62551033353
                   04452.2729702161
                   03345.8890084575
                   02468.0898886203
                   01751.80318793249
                   01536.18491901832
                   01440.67518259539
                   012746.6326547681
                   012608.7145368661
                   012329.4633822069
                   011898.9641785746
                   011319.9320806693
                   010580.780334233
                   09717.84569929716
                   08669.64210572959
                   07474.12391527442
                   06181.29541051736
                   04898.99715511956
                   03684.377575489
                   02734.70037043222
                   01965.85600198623
                   01724.11531848306
                   01613.82753410358
                   014417.3611374049
                   014254.1879658269
                   013924.1302237829
                   013415.4970476403
                   012732.7399834959
                   011865.1236794353
                   010856.5613527813
                   09641.10494831136
                   08269.54153558905
                   06806.52005642778
                   05381.3281339982
                   04051.5991163692
                   03023.81583730277
                   02197.06254910302
                   01926.44685608388
                   01801.13912960409
                   016247.0573940348
                   016055.0314330028
                   015666.5536395223
                   015070.230013733
                   014269.6404552542
                   013257.1013922333
                   012085.9184638007
                   010687.0788634438
                   09122.23019851987
                   07476.58720271856
                   05901.09681132928
                   04450.43695624433
                   03336.8230251584
                   02448.18555224864
                   02146.60961933592
                   02005.27310086459
                   018249.4956462762
                   018024.9451330088
                   017571.3934332127
                   016874.5896065688
                   015941.4200558812
                   014766.403729555
                   013413.3255245325
                   011811.7116183666
                   010037.4840131109
                   08195.27078270573
                   06460.59367815622
                   04882.04829707613
                   03672.36518907132
                   02718.69934433086
                   02384.39782524103
                   02226.42185814935
                   020431.0435596596
                   020170.1634426033
                   019641.9134022588
                   018832.365725365
                   017752.0656967817
                   016395.3541223733
                   014840.9657890702
                   013017.0779581019
                   011017.7288796553
                   08965.50186979996
                   07060.9614556155
                   05348.41977223513
                   04030.44059263464
                   03010.79696080682
                   02639.26041864483
                   02464.2761780573
                   022783.2178526618
                   022481.1614366629
                   021870.2112380784
                   020935.5079701241
                   019691.9159619735
                   018135.0475128362
                   016360.312061732
                   014295.7665736852
                   012055.6648736121
                   09782.12965202434
                   07699.23657766878
                   05843.7047974041
                   04406.49876005912
                   03320.25932868048
                   02909.17940670168
                   02716.00396871367
                   025316.1405234258
                   024968.7392561187
                   024265.6526048337
                   023192.2403552241
                   021767.864398075
                   019993.0423229145
                   017977.9543604205
                   015652.9356660204
                   013155.4424762862
                   010649.0897270625
                   08376.92089728116
                   06368.70237922151
                   04801.4309705979
                   03648.2776718923
                   03194.81566894459
                   02982.56590524478
                   028026.5371742807
                   027628.8000235325
                   026825.1392069067
                   025599.4450461447
                   023977.4433979868
                   021963.5511956711
                   019690.5489143711
                   017086.6470421994
                   014314.654868739
                   011564.7245652783
                   09094.25158640241
                   06917.73720371722
                   04984.25229189546
                   03990.7807102612
                   03495.49018831932
                   03263.7619958446
                   030906.0417212485
                   030453.5760291446
                   029539.8176443601
                   028148.1254334007
                   026311.5790816591
                   024041.5627479359
                   021489.0715245175
                   018590.5234703196
                   015526.804488365
                   012524.5671580417
                   09842.60438499895
                   07484.75636729931
                   05283.02271618604
                   04340.83630278463
                   03807.1629748117
                   03555.87735547451
                   034046.4138901593
                   033530.7728104255
                   032492.6409146372
                   030910.3239383424
                   028825.763759809
                   026260.1863892426
                   023406.6935256328
                   020173.42329983
                   016791.5180455657
                   013505.9961600301
                   010596.1335992484
                   08036.86881927006
                   05680.00180239512
                   04662.68712142505
                   04086.39066092811
                   03815.79168652573
                   037206.6194266988
                   036629.203585906
                   035451.5061289512
                   033680.31513668
                   031355.0002545359
                   028500.717326936
                   025318.3007257786
                   021758.942406928
                   018064.9783498843
                   014510.1930964656
                   011363.7717641964
                   08612.30649170548
                   06117.2642488114
                   05024.82937908571
                   04396.35617502453
                   04108.48914291642
                   040523.0745501379
                   039879.3380809932
                   038575.2438577665
                   036604.5618018423
                   034009.1286005159
                   030846.7166579064
                   027327.5094537002
                   023422.9382013498
                   019406.1301741652
                   015558.949076234
                   012170.2086114365
                   09215.34168895912
                   06572.95645412875
                   05403.13793461045
                   04725.05209113929
                   04419.33591639937
                   043995.4630925202
                   043267.575693972
                   041828.770798239
                   039621.692422945
                   036760.3025073998
                   033274.5273384831
                   029402.3886805346
                   025141.3096832163
                   020789.9815380064
                   016643.8953738543
                   013004.8328332593
                   09836.49858809172
                   07055.14198207761
                   05794.28962501129
                   05065.16285915146
                   04735.96176255529
                   047580.9926394078
                   046784.7240535479
                   045178.7789939972
                   042747.4506582241
                   039592.7543909316
                   035775.6799928945
                   031542.6818374113
                   026918.2700405732
                   022216.2277864695
                   017763.9918634912
                   013868.3290873461
                   010477.7990203544
                   07550.42762809577
                   06203.08340783741
                   05413.3524768493
                   05063.87020620183
                   051275.5221653928
                   050399.4342152971
                   048627.842014113
                   045961.1803530871
                   042498.7486258888
                   038323.8042931666
                   033700.6046089263
                   028727.8811597096
                   023674.7756928819
                   018918.4099000422
                   014749.6866966893
                   011124.568261122
                   08054.68710168544
                   06616.32315454974
                   05769.88406677729
                   05395.50152851459
                   055075.3515390824
                   054112.0549495583
                   052173.6003261364
                   049277.2406602936
                   045509.8183387459
                   040978.3210049829
                   035967.6607904452
                   030546.3113850472
                   025152.9644130778
                   020040.6486581915
                   015616.8380286596
                   011746.3271079092
                   08553.13866150718
                   07029.08014862692
                   06129.35831766286
                   05728.39913496173
                   058947.4652745668
                   057911.0894880865
                   055791.0679505311
                   052631.5752559912
                   048542.259498769
                   043641.1961253801
                   038241.5829242145
                   032441.09426442
                   026612.3151220316
                   021197.2465720356
                   016502.0326906783
                   011770.7500984548
                   09057.69809107142
                   07440.9461855377
                   06486.03250652928
                   06061.2607088375
                   062895.5106056991
                   061763.5053328347
                   059465.8023418399
                   056047.206796015
                   051629.8534498002
                   046356.6073258345
                   040596.4171685987
                   034341.4148930155
                   028091.4556878958
                   022324.2390455019
                   017360.7842022332
                   012164.5074373903
                   09544.90260193199
                   07855.66748915597
                   06846.97615268996
                   06394.76581978266
                   066881.4990455355
                   065648.1066283943
                   063173.429256963
                   059486.548096049
                   054752.2874727222
                   049125.3819154102
                   042920.407314146
                   036245.5262347044
                   029596.6801079204
                   023493.6979570028
                   018201.326787882
                   012776.9507337039
                   010032.0726797205
                   08270.75479562789
                   07209.20024068699
                   06727.67939790782
                   070870.804138859
                   069544.4968020392
                   066889.0293382299
                   062962.4988381339
                   057899.7145230306
                   051852.2670166011
                   045240.6298272308
                   038144.4460799572
                   031092.5773965082
                   024650.9091101936
                   019052.2296617441
                   013382.6335088265
                   010508.6539915822
                   08678.02532939512
                   07567.37012901368
                   07059.19986439911
                   074881.8278750712
                   073459.8374548949
                   070647.0534691724
                   066442.7774529259
                   061021.0567704489
                   054585.4601207813
                   047562.3050025106
                   040038.9771502391
                   032584.900829087
                   025801.8477244027
                   019892.2710550969
                   013999.4963699775
                   010991.1044669133
                   09070.32716111366
                   07921.815974147
                   07386.91595164099
                   078892.1093847893
                   077369.0312444311
                   074382.0247722725
                   069888.2681489505
                   064124.8327167845
                   057297.0720883257
                   049863.2445264729
                   041915.5087209709
                   034053.8966215988
                   026930.6272559665
                   020715.209077632
                   014604.9838265102
                   011471.8007005953
                   09457.51809638544
                   08266.33912395714
                   07705.89563024023
                   082882.2532335189
                   081295.9563551323
                   078089.1520454574
                   073326.1272911648
                   067216.7977681194
                   059998.360023277
                   052150.8503841597
                   043777.5878279398
                   035506.5046697792
                   028037.9400135121
                   021518.5937134972
                   015199.8525969766
                   011945.3134691579
                   09844.11123473377
                   08599.28819584016
                   08022.14601122608
                   086835.4325450958
                   085154.6805564174
                   081760.8188495505
                   076723.9339746485
                   070273.0299848962
                   062665.4879329913
                   054408.9774247407
                   045612.1490657893
                   036931.9238109087
                   029111.4840942839
                   022299.2241311452
                   015782.0304999879
                   012408.1322606915
                   010220.88553058
                   08930.85284137017
                   08330.26527966475
                   090723.9329592781
                   088931.2035776462
                   085360.8753595072
                   080054.7436998581
                   073270.1431557587
                   065276.6204812547
                   056614.7886511773
                   047397.7165576847
                   038317.4145698396
                   030143.0806332847
                   023029.6572982366
                   016341.2519570401
                   012855.1804597571
                   010585.5694119558
                   09253.40066134863
                   08625.71852393271
                   094590.8776186633
                   092666.2476013975
                   088913.5650917863
                   083343.427881076
                   076226.0843430195
                   067854.2694255845
                   058792.3706180763
                   049159.7499276482
                   039672.8771842745
                   031144.6813629432
                   023252.412675938
                   016893.8922578599
                   013295.0515534897
                   010945.6973847469
                   09569.63476746383
                   08912.29212671781
                   098349.4824792744
                   096338.8232934632
                   092370.0238975762
                   086519.5033277967
                   079073.0199457605
                   070335.2793929114
                   060895.1030122261
                   050871.8524182106
                   040936.7420029032
                   032090.7570007784
                   022845.164596783
                   017417.5090579404
                   013722.1721783049
                   011291.5541151492
                   09866.71078319284
                   09191.06572723018
                   0102039.456528601
                   099980.1836436403
                   095851.6074957993
                   089746.5398437015
                   081969.5349225472
                   072848.1147598443
                   063002.5281804272
                   052547.2411668126
                   042132.4143110602
                   032956.6252603628
                   023326.4674350193
                   017862.731500039
                   014097.043082079
                   011599.7830626424
                   010141.349718226
                   09456.64334044192
                   0105660.97130083
                   0103496.503521365
                   099189.9788180009
                   092827.0527871704
                   084729.8399441234
                   075247.9105116636
                   065020.0392709757
                   054162.9715214759
                   043312.203651771
                   033806.4040825859
                   023907.294066598
                   018320.8297784727
                   014477.0043519492
                   011911.2649618509
                   010413.7233921304
                   09707.12200837855
                   0109163.275543936
                   0106911.397408881
                   0102431.059887245
                   095818.3489087585
                   087411.761287464
                   077574.2827150283
                   066974.4080037205
                   055719.3986159715
                   044416.0248206502
                   034620.4066684901
                   024472.0340232901
                   018759.6158401172
                   014838.8513825275
                   012209.0763472934
                   010673.4827279032
                   09950.15017516226
                   0112556.489664315
                   0110218.199307433
                   0105570.750659929
                   098715.2742952273
                   090010.8158374018
                   079827.5284915856
                   068864.1229154666
                   057216.8651900255
                   045508.7280257973
                   035406.0597461638
                   025026.8332113383
                   019189.2042045712
                   015189.9035515531
                   012498.947251312
                   010926.445717298
                   010186.1414872021
                   0115839.209309685
                   0113417.852212172
                   0108607.623786665
                   0101516.957527936
                   092519.8095084657
                   082001.2858584111
                   070682.8094373685
                   058658.1210251753
                   046549.2520257898
                   036154.6457407165
                   025561.4918125497
                   019602.8915199848
                   015524.0978566925
                   012775.6410422811
                   011167.8825463832
                   010411.2962018541
                   0119003.759509732
                   0116501.828282582
                   0111533.74765562
                   0104214.645281283
                   094934.7381033104
                   084094.5039304677
                   072430.2511562501
                   060034.1409078868
                   047538.5498816066
                   036858.4209045405
                   026067.7913233045
                   019998.8533999118
                   015840.3736908125
                   013038.3693514371
                   011397.1105641486
                   010625.0317870826
                   0122070.757545124
                   0119490.070370709
                   0114368.362804397
                   0106828.13967956
                   097272.8686141913
                   086118.2039421888
                   074118.0696265911
                   061361.5476115222
                   048480.2070284808
                   037513.4517898121
                   026554.6270548454
                   020379.7473573259
                   016142.2874548926
                   013289.6582202515
                   011616.3844068027
                   010829.2651512827
                   0125017.459088562
                   0122361.455655055
                   0117091.367245557
                   0109337.137355291
                   099515.9304681099
                   088060.1594333947
                   075733.7930660097
                   062626.5824730826
                   049371.2812381668
                   037951.7277174361
                   027014.6363926578
                   020743.7694257421
                   016428.1625832721
                   013527.7555933027
                   011824.2030373941
                   011022.7958913679
                   0127867.481419771
                   0125138.264989068
                   0119724.318466644
                   0111763.101689807
                   0101684.523179236
                   089933.3435947964
                   077290.0017972214
                   063840.9758127647
                   050216.8325360318
                   037935.187881481
                   027454.0764548049
                   021090.3787896382
                   016700.7848599754
                   013754.7278334275
                   012022.1602248536
                   011207.2149803966
                   0130603.480821575
                   0127803.911765413
                   0122251.377712273
                   0114090.385112339
                   0103764.116569641
                   091728.1636224216
                   078780.248672179
                   064999.6198754591
                   051008.783457613
                   037335.4103274419
                   027864.974623231
                   021419.9036892187
                   016960.379650746
                   013970.0147850043
                   012210.1010266814
                   011382.3976479492
                   0133261.07382936
                   0130392.665991906
                   0124705.241085355
                   0116350.637690932
                   0105780.939282317
                   093471.3281797077
                   080222.8308542435
                   066119.2554894991
                   051758.1155329066
                   037010.5975418111
                   028248.6894555975
                   021738.8749311359
                   017209.8716109444
                   014177.0940349316
                   012390.6661172619
                   011550.5484910637
                   0135876.472914276
                   0132940.169873734
                   0127120.527768221
                   0118572.453564582
                   0107768.367082413
                   095185.4066617502
                   081641.8617489038
                   067216.516202363
                   052478.1902293221
                   037288.8812336621
                   028617.0574265215
                   022050.3786731386
                   017456.297080909
                   014380.0052342981
                   012567.8789733614
                   011715.399203171
                   0138526.626448597
                   0135521.998507194
                   0129568.957738169
                   0120828.949396895
                   0109784.482799266
                   096927.475646371
                   083085.9834833299
                   068332.0757534893
                   053207.268139666
                   037760.1620314741
                   028995.0444358961
                   022370.6391934091
                   017708.0276280898
                   014588.2025709399
                   012749.4515888539
                   011884.5064657368
                   0141407.544047516
                   0138330.89271128
                   0132234.425897515
                   0123288.6336041
                   0111985.673506351
                   098835.6136447757
                   084669.303518943
                   069561.9939569209
                   054024.8160264102
                   038326.1296164093
                   029433.7440398498
                   022733.2741676879
                   017993.279827372
                   014823.6806502649
                   012954.4553000599
                   012075.632823054
                   0144938.827551619
                   0141775.281046236
                   0135508.996264197
                   0126316.482057831
                   0114704.900456759
                   0101199.475672661
                   086645.9721976448
                   071111.8903082282
                   055024.4303251182
                   039085.3228867629
                   030019.6538072749
                   023205.3946536929
                   018365.6410668216
                   015130.372097585
                   013222.0253469982
                   012324.7652094829
                   0148544.372166938
                   0145296.832495981
                   0138865.192792992
                   0129427.222209574
                   0117515.096140876
                   0103659.641449938
                   088728.9948185006
                   072782.7115086207
                   056142.5879950692
                   039963.2722876288
                   030695.3383185539
                   023735.2039651458
                   018784.4802121153
                   015475.2882403139
                   013523.1643754994
                   012605.1915495975
                   0150825.971842978
                   0147527.455621965
                   0140994.372287946
                   0131413.885157094
                   0119313.497229445
                   0105238.426097624
                   090074.2407424701
                   073874.6384716933
                   057148.2126290701
                   040552.0580192465
                   031147.8144045195
                   024087.2459547836
                   019062.6203365163
                   015704.4770471785
                   013723.0686194029
                   012791.4883528436
                   0153259.38358058
                   0149906.240432409
                   0143265.718276875
                   0133527.58643639
                   0121229.184463334
                   0106922.678979063
                   091509.3989004841
                   075043.3177873625
                   057797.9497684971
                   041180.434993941
                   031630.1527019054
                   024462.2943115303
                   019359.4051507852
                   015948.7225504159
                   013936.422439068
                   012990.266240796
                   0155896.498106342
                   0152483.882644377
                   0145727.277860745
                   0135818.514608346
                   0123305.806263115
                   0108752.766988513
                   093063.6932006638
                   076307.4870334505
                   058713.6288125938
                   041861.4548957406
                   032153.0418667722
                   024867.894571198
                   019680.2805309301
                   016212.7795042341
                   014167.2491829167
                   013205.1119375045
                   0158735.481200128
                   0155259.720219502
                   0148377.710147497
                   0138285.304544414
                   0125541.557268565
                   0110718.862036445
                   094742.0026856104
                   077667.9885525902
                   059961.4038765111
                   042596.0405503305
                   032717.3455414523
                   025305.6008086637
                   020026.3524161878
                   016497.5054661731
                   014415.8202269311
                   013436.8623537463
                   0161816.434306255
                   0158271.974183798
                   0151253.380854552
                   0140954.532255614
                   0127960.352383167
                   0112847.377222648
                   096555.6125562075
                   079140.4778584464
                   060782.2846373736
                   043388.0383409389
                   033326.1469389071
                   025778.3543713355
                   020399.983111363
                   016804.9752810725
                   014684.3776795199
                   013687.1248619602
                   0165142.615231904
                   0161523.65389092
                   0154358.061834926
                   0143850.580606619
                   0130577.972904639
                   0115150.155398343
                   098516.3344072362
                   080733.6880531932
                   061933.1718089185
                   044246.3757765321
                   033985.2634406772
                   026289.614169308
                   020804.0526332407
                   017137.5060045403
                   014974.8102208019
                   013957.6346164625
                   0168744.741910788
                   0165045.162098719
                   0157719.817930595
                   0146979.628072171
                   0133417.169194052
                   0117643.766458133
                   0100639.710102504
                   082457.0383839782
                   063180.5322500217
                   045174.1721562396
                   034698.6795295964
                   026842.532793884
                   021240.5954591981
                   017497.2138645752
                   015288.7663013899
                   014250.1215416889
                   0172665.712826403
                   0168877.91574364
                   0161379.613006004
                   0150384.933447261
                   0136502.132008559
                   0120357.930516675
                   0102951.09990418
                   084332.8649346595
                   064537.0126917397
                   046184.4800799606
                   035475.3691664723
                   027444.7126191341
                   021716.1003660214
                   017887.7218866383
                   015630.1736535113
                   014568.0883509077
                   0176930.210872096
                   0173047.058788436
                   0165359.866406444
                   0154090.295904822
                   0139859.653602933
                   0123310.450718713
                   0105464.884346473
                   086372.5702784622
                   066011.0872598205
                   047283.2334381134
                   036319.2222885171
                   028098.5075116311
                   022232.4508632541
                   018313.1209377404
                   016001.4478579935
                   014914.0452561077
                   0181565.105531718
                   0177578.465308837
                   0169685.976376754
                   0158117.304375376
                   0143508.20749227
                   0126517.88639587
                   0108196.730143809
                   088588.4913830008
                   067610.9681233688
                   048476.5307544992
                   037236.3530762982
                   028809.1854395922
                   022793.7867483034
                   018775.0160069205
                   016404.5313499744
                   015289.4307708282
                   0186612.728331916
                   0182513.290147717
                   0174398.765336087
                   0162503.873839545
                   0147481.179449431
                   0130012.157933697
                   0111169.988404338
                   091000.4936171442
                   069349.3762759276
                   049776.0177118635
                   038233.4852502897
                   029581.8623909455
                   023403.6150746462
                   019276.4494286417
                   016842.838342595
                   015697.7558202515
                   0192116.547664476
                   0187893.878751137
                   0179535.406248114
                   0167284.335992141
                   0151812.31036894
                   0133821.461138749
                   0114411.32929506
                   093627.8776791041
                   071241.2980031692
                   051190.8810211286
                   039319.4254620386
                   030423.433110449
                   024068.9848069174
                   019823.4406270732
                   017320.1808117395
                   016142.3411983514
                   0198119.967154179
                   0193762.735837318
                   0185139.320388406
                   0172498.901223847
                   0156536.114267299
                   0137974.439291936
                   0117945.943662697
                   096491.3818144869
                   073297.0226728712
                   052730.389480846
                   040501.3898180513
                   031338.8489308979
                   024791.6230147935
                   020417.9867777813
                   017839.3410881867
                   016625.8335220822
                   0204694.752851059
                   0200190.473315123
                   0191276.483623989
                   0178208.785430362
                   0161709.655378316
                   0142522.419066686
                   0121816.28949472
                   099626.0926053883
                   075544.0032781373
                   054416.5969035591
                   041796.0838202876
                   032340.9798115383
                   025583.3318742661
                   021068.7989643308
                   018407.7828460563
                   017155.2884995362
                   0211900.857286915
                   0207235.861073832
                   0198001.290587724
                   0184466.733082449
                   0167378.714417133
                   0147505.640063859
                   0126057.090543705
                   0103059.205074024
                   077998.9934161805
                   056262.0116930577
                   043214.0585924108
                   033438.0754688918
                   026449.2730153789
                   021780.6794004729
                   019029.2019735988
                   017734.377302758
                   0219791.616617413
                   0214948.377598619
                   0205363.527381426
                   0191319.937101852
                   0173585.297287386
                   0152959.715353562
                   0130696.832083295
                   0106813.641944699
                   080679.7418084426
                   058279.9632333174
                   044764.2610223891
                   034637.1016737243
                   027395.4668655908
                   022559.1691041473
                   019708.7278146864
                   018367.0907589174
                   0228474.77405349
                   0223437.300918752
                   0213460.305948944
                   0198853.230729142
                   0180408.144623512
                   0158956.43114046
                   0135795.001496283
                   0110937.183169381
                   083618.0507812365
                   060496.1624112493
                   046464.7898927672
                   035953.3347707442
                   028434.7351393458
                   023412.572611185
                   020453.849545731
                   019061.257225341
                   0237992.885942114
                   0232741.091261177
                   0222347.902834011
                   0207121.443086996
                   0187890.424027276
                   0165533.218104956
                   0141385.257960364
                   0115458.130072811
                   086827.4074112313
                   062920.7244638136
                   048325.2987689329
                   037393.7176312994
                   029571.6076214996
                   024347.3650337963
                   021269.6562243488
                   019820.6345856333
                   0248501.239780081
                   0243013.106312738
                   0232152.299620356
                   0216244.158989475
                   0196151.883645312
                   0172790.933294899
                   0147558.078501782
                   0120442.488797014
                   090359.5025036222
                   065594.8331146125
                   050378.0637661512
                   038980.3607567904
                   030824.5638722121
                   025377.4483980429
                   022168.5338626924
                   020657.5309855129
                   0260096.220106297
                   0254346.473192267
                   0242970.777619736
                   0226308.071598979
                   0205263.536139317
                   0180795.13414324
                   0154362.383767095
                   0125933.18530266
                   094242.4360111831
                   068537.7787514604
                   052638.6915990795
                   040728.8448932513
                   032204.1651247292
                   026510.6331616478
                   023157.6490087738
                   021578.5648455499
                   0272920.115178717
                   0266882.197996818
                   0254935.779906585
                   0237438.947787142
                   0215340.359305624
                   0189645.558525184
                   0161881.383649714
                   0131997.608992303
                   098520.8647520676
                   071788.2623829204
                   055133.2529574099
                   042658.0001982266
                   033725.9284338286
                   027760.9942756002
                   024248.6929791854
                   022594.6710336545
                   0287117.135626367
                   0280759.180829181
                   0268180.854368795
                   0249759.318094936
                   0226496.973067708
                   0199438.750877408
                   0170197.806246175
                   0138702.184380567
                   0103234.615446818
                   075380.2870259156
                   057889.7762292941
                   044789.371527945
                   035406.8977959262
                   029141.2301084038
                   025453.2984232356
                   023716.1953417891
                   0302868.412668
                   0296154.299080915
                   0282873.127950584
                   0263424.542843387
                   0238866.840601738
                   0210298.887709104
                   0179417.734238266
                   0146126.83861627
                   0108442.525762331
                   079353.2380361276
                   060938.7901852652
                   047146.1065599763
                   037265.4876000125
                   030667.7484464007
                   026785.6278616468
                   024956.0226030043
                   0320379.78304839
                   0313269.655828966
                   0299206.37278182
                   0278614.383500654
                   0252613.731729191
                   0222365.144719096
                   0189657.106073025
                   0154366.350763942
                   0114204.658544704
                   083759.8567917285
                   064320.3679801182
                   049759.5911499186
                   039326.2298725347
                   032359.5051572935
                   028261.1427098829
                   026330.0985426739
                   0339918.362981553
                   0332364.570794332
                   0317429.163607352
                   0295560.28210647
                   0267947.807319772
                   0235818.770813141
                   0201071.866165863
                   0163540.962851512
                   0120605.805838763
                   088663.0556815431
                   068085.6357584486
                   052666.1811173395
                   041617.8577129023
                   034240.2927918881
                   029902.6597971957
                   027857.3195325902
                   0361729.041977505
                   0353680.950235926
                   0337768.522061909
                   0314473.232917371
                   0285058.597509848
                   0250837.658697421
                   0213799.053757835
                   0173761.080619969
                   0127717.412409791
                   094123.5780203336
                   072274.424788589
                   055901.8490545845
                   044167.3982733233
                   036332.9366786866
                   031727.6839166674
                   029556.063454296
                   0386168.885290808
                   0377566.039838957
                   0360556.158848522
                   0335660.394071137
                   0304223.508717356
                   0267648.163402505
                   0228043.451193692
                   0185185.03779689
                   0135648.272865211
                   0100223.229283811
                   076953.7728726121
                   059515.4029179795
                   047014.1808923358
                   038669.0028241048
                   033765.6122295129
                   031452.2750543294
                   0413576.202681679
                   0404337.434826434
                   0386097.738295713
                   0359404.406926468
                   0325696.948545504
                   0286478.284783172
                   0243990.725178881
                   0197958.988574277
                   0144495.137796804
                   0107039.741817054
                   082181.4737087311
                   063551.1972745018
                   050193.28852679
                   041277.2239211804
                   036039.8304987928
                   033568.9895143396
                   0444437.83090167
                   0434505.571185184
                   0414863.814745427
                   0386142.361968637
                   0349873.278636647
                   0307670.676008818
                   0261928.630930837
                   0212307.196516351
                   0154412.729052851
                   0114694.119484414
                   088052.2463934109
                   068082.2230758629
                   053760.9262394852
                   044203.2764786062
                   038591.561308573
                   035942.8187367663
                   0479285.839157164
                   0468557.916623501
                   0447354.657209047
                   0416324.347091019
                   0377158.621070144
                   0331581.304652765
                   0282151.574591047
                   0228466.429843035
                   0165555.368921408
                   0123309.599173251
                   094657.0049537214
                   073179.1166186125
                   057774.4484512244
                   047493.6119299634
                   041460.1558609663
                   038612.0374746353
                   0518708.326699257
                   0507078.054504923
                   0484093.957557473
                   0450459.2414157
                   0408007.831284857
                   0358604.44709134
                   0305001.602180084
                   0246687.14123156
                   0178097.918116831
                   0133021.735346628
                   0102103.770093104
                   078923.5198219035
                   062294.4943352922
                   051199.0255539813
                   044690.6820662169
                   041617.0964865084
                   0563392.379976933
                   0550736.65720892
                   0525728.620267781
                   0489151.293697261
                   0442953.967581018
                   0389204.25917211
                   0330851.216996298
                   0267269.078778237
                   0192248.776914352
                   0143991.04882706
                   0110511.5955947
                   085407.9263762054
                   067395.9140862307
                   055379.5889527017
                   048334.3178302632
                   045006.3006739261
                   0614232.448186413
                   0600407.001665343
                   0573090.422794818
                   0533143.559152346
                   0482687.185376865
                   0423981.219361999
                   0360205.065418409
                   0290604.08383261
                   0208270.260999679
                   0156426.906681369
                   0120041.146768227
                   092756.2615302609
                   073176.8211211755
                   060115.4475352884
                   052461.4291474874
                   048844.7787851746
                   0672154.572758113
                   0656992.748898584
                   0627040.382688313
                   0583245.51258377
                   0527939.768490946
                   0463557.69734553
                   0393584.122670057
                   0317085.5292019
                   0226440.915431645
                   0170538.899230529
                   0130856.526657657
                   0101093.20687304
                   079731.0125952515
                   065483.9330413306
                   057139.4216209343
                   053194.8571100173
                   0738423.767998184
                   0721729.057975727
                   0688751.184112107
                   0640541.673691977
                   0579663.261632396
                   0508780.218210145
                   0431688.749945021
                   0347261.148956213
                   0247136.006738307
                   0186626.710356578
                   0143179.692806559
                   0110590.234860768
                   087198.0811127144
                   071597.7098390319
                   062465.3909232027
                   058147.2185825246
                   0814541.439558745
                   0796081.292690299
                   0759616.902375229
                   0706320.565806763
                   0639019.484097968
                   0560650.165546392
                   0475349.843678204
                   0381758.978669085
                   0270798.960207266
                   0205025.282248946
                   0157271.309366596
                   0121450.996853891
                   095732.8502299559
                   078584.071718359
                   068550.3351178847
                   063805.1342542593
                   0902172.232997558
                   0881671.557162217
                   0841180.774813112
                   0782010.968791599
                   0707291.074294083
                   0620289.653837908
                   0525487.40602156
                   0421286.458776584
                   0297953.226180118
                   0226111.315217341
                   0173424.162290933
                   0133895.719619482
                   0105508.890144954
                   086585.4989258437
                   075518.7037780577
                   070283.0206969933
                   01003196.05058259
                   0980334.588204043
                   0935184.18894177
                   0869218.610086416
                   0785919.712229508
                   0688921.221949899
                   0583125.512927486
                   0466614.86739696
                   0329033.99473786
                   0250310.890052747
                   0191953.046323045
                   0148171.099785286
                   0116723.56795605
                   095761.6803963312
                   083508.1138050406
                   077710.8393525189
                   01120113.88899055
                   01094506.54208382
                   01043909.46135409
                   0970052.020321681
                   0876789.549211357
                   0768177.089034239
                   0649607.360138296
                   0518766.472141595
                   0364847.355150512
                   0278155.280605375
                   0213283.074772939
                   0164600.043178433
                   0129626.411087813
                   0106317.481689672
                   092697.5288980926
                   086251.6448041436
                   01255439.00532949
                   01226641.41780346
                   01169772.15841536
                   01086706.94217374
                   0981864.243488941
                   0859756.017100527
                   0726319.580783857
                   0578780.807496067
                   0406101.139653932
                   0310217.629465814
                   0237837.942750386
                   0183515.659158667
                   0144479.12729369
                   0118467.306194154
                   0103272.155466839
                   096080.501764909
                   01413158.79697598
                   01380622.61616258
                   01316382.01254803
                   01222560.65920947
                   01104155.90561457
                   0966248.991873424
                   0815414.688942656
                   0648262.016490686
                   0453885.871748681
                   0347339.203832272
                   0266278.800941734
                   0205426.134781681
                   0161680.407818049
                   0132534.211918134
                   0115515.120811348
                   0107457.608904354
                   01596879.42281691
                   01559965.77309948
                   01487091.282926
                   01380720.19115605
                   01246398.42769196
                   01089989.91507795
                   0918750.017936027
                   0728612.350196544
                   0509304.197443849
                   0390261.791793129
                   0299173.854414622
                   0230763.346785636
                   0181571.049041325
                   0148797.641745966
                   0129669.316652321
                   0120610.387715889
                   01811278.57894768
                   01769227.37686818
                   01686210.16417247
                   01565074.7039536
                   01412151.8943857
                   01233992.46423522
                   01038786.23862334
                   0821611.289387009
                   0573503.343304348
                   0439926.508030262
                   0337245.343565018
                   0260094.487543586
                   0204598.477343137
                   0167624.476533703
                   0146050.110372888
                   0135832.888622458
                   02061814.78850837
                   02013714.4495749
                   01918767.46665386
                   01780268.17217499
                   01605442.53566714
                   01401741.15785164
                   01178333.20477294
                   0929321.233185744
                   0647767.813276482
                   0497411.97350999
                   0381331.006066011
                   0294061.543256608
                   0231260.167875538
                   0189420.814722817
                   0165013.274970291
                   0153452.95001461
                   02355272.61657364
                   02300031.29915472
                   02191003.44655824
                   02032023.83505858
                   01831367.48673592
                   01597543.54080061
                   01340841.67661465
                   01054225.61607753
                   0733744.191745146
                   0563991.738343722
                   0432414.026435781
                   0333425.309267498
                   0262159.382264667
                   0214682.599057356
                   0186988.309463537
                   0173869.1085698
                   02699716.99484602
                   02636020.18324625
                   02510326.24536155
                   02327107.09895983
                   02095896.34058043
                   01826489.13259734
                   01530324.32522052
                   01199186.3256216
                   0833265.960005923
                   0641134.448593886
                   0491636.159493749
                   0379072.828564846
                   0297990.696768895
                   0243966.807878081
                   0212462.129630848
                   0197534.603095456
                   03102701.43741239
                   03029018.80190721
                   02883634.79347116
                   02671807.84622965
                   02404547.27025128
                   02093115.27596149
                   01750377.99099723
                   01366664.34399464
                   0947874.094680692
                   0730059.397630542
                   0559939.859262977
                   0431732.324926886
                   0339328.02123562
                   0277750.151462241
                   0241845.992654218
                   0224830.307401653
                   03575225.47143929
                   03489688.81662033
                   03320869.56425264
                   03075171.81241059
                   02765228.58864605
                   02404046.18732297
                   02006140.9859041
                   01560184.67997628
                   01079752.87122635
                   0832494.878102283
                   0638686.204168111
                   0492457.332170172
                   0386989.71825325
                   0316703.275619915
                   0275722.997360649
                   0256297.02109406
                   04127021.23776777
                   04027480.02890738
                   03831169.79740683
                   03545337.3632043
                   03185007.13328558
                   02765088.0711635
                   02301973.42902611
                   01782532.23536832
                   01230582.4249378
                   0949758.628240799
                   0728893.508033492
                   0562042.865224535
                   0441614.147844494
                   0361334.557605342
                   0314535.999346887
                   0292342.798523196
                   04768913.49184515
                   04652856.77234169
                   04424013.35299645
                   04091108.69568663
                   03671302.25884896
                   03182192.47133918
                   02642198.40649715
                   02036272.27772696
                   01401681.07453432
                   01082953.7372518
                   0831456.51905621
                   0641185.477157478
                   0503729.633881034
                   0412086.597430399
                   0358662.585604459
                   0333319.824116107
                   05510399.13627183
                   05374959.74631657
                   05107955.21799891
                   04719780.46136552
                   04230379.31785655
                   03660209.91208991
                   03030102.0278016
                   02322924.96353068
                   01593593.92668599
                   01232582.18715138
                   0946782.007435448
                   0730216.394457724
                   0573607.350301903
                   0469170.048998786
                   0408285.514989534
                   0379397.533734326
                   06356437.13381575
                   06198484.3036542
                   05887148.81786891
                   05434830.01398331
                   04864843.75526345
                   04200518.75980945
                   03465747.93210274
                   02641485.56660482
                   01805043.89629894
                   01397755.33332177
                   01074244.82559663
                   0828641.209628114
                   0650864.312328303
                   0532267.079486015
                   0463126.109952174
                   0430308.387476659
                   06329760.59209391
                   06170661.36012239
                   05857087.95209337
                   05402276.8922669
                   04828641.87409494
                   04160176.16677683
                   03420314.34078789
                   02591087.1877135
                   01763292.83639389
                   01366897.00143548
                   01051142.99191378
                   0810980.022053321
                   0636947.794994466
                   0520804.478427273
                   0453093.886674806
                   0420938.841063729
                   06126426.65110067
                   05970806.47603025
                   05664058.41931703
                   05219134.52001267
                   04658853.01363451
                   04005601.97297199
                   03282053.79058576
                   02472327.52203772
                   01675828.69922901
                   01300351.40305895
                   01000512.04670608
                   0772057.335600194
                   0606353.858714139
                   0495722.579330172
                   0431222.710188108
                   0400586.821173074
                   05911018.41550026
                   05759390.35912509
                   05460922.38313508
                   05027136.1526619
                   04481352.14724724
                   03845400.40748538
                   03140350.84622481
                   02353019.47210922
                   01589031.67053236
                   01234047.05477375
                   0949983.212279765
                   0733200.404044712
                   0575812.397966712
                   0470698.771235369
                   0409413.412931815
                   0380291.757903019
                   05683632.88541807
                   05536450.66039243
                   05246303.85875744
                   04825742.66525723
                   04296352.02001334
                   03679480.11566768
                   02995584.38942265
                   02232803.77780245
                   01502664.39795735
                   01167844.30526074
                   0899447.362789871
                   0694314.345173682
                   0545253.24648288
                   0445676.453070642
                   0387608.513966208
                   0360009.928100085
                   05444633.01537504
                   05302299.54545015
                   05022088.22643138
                   04615360.71873873
                   04104020.85909212
                   03507971.91987194
                   02846656.48953849
                   02111514.05607505
                   01416558.7131405
                   01101665.07557638
                   0848855.317839858
                   0655365.91794533
                   0514653.09658972
                   0420622.943232445
                   0365786.749171023
                   0339715.532666405
                   05192870.23860702
                   05059549.64133671
                   04787135.89396032
                   04395205.46836906
                   03903079.80686078
                   03332234.1166156
                   02693895.4102992
                   01988449.07096011
                   01330188.56245099
                   01035127.88488393
                   0797918.678701439
                   0616134.019163406
                   0483829.547437975
                   0395396.147131488
                   0343820.8019852
                   0319291.397341549
                   04928798.31642176
                   04797975.92259607
                   04539168.55807692
                   04165017.30066797
                   03694175.29993126
                   03145739.24273668
                   02537073.67534288
                   01863680.45172924
                   01243564.61367235
                   0968270.152578125
                   0746675.784415726
                   0576642.198821697
                   0452807.404104002
                   0370014.326118453
                   0321722.005577
                   0298749.474180367
                   04653108.92423089
                   04528030.72349246
                   04281960.67571752
                   03925833.67856506
                   03477696.2450189
                   02955640.53706147
                   02376431.49905768
                   01737326.63551192
                   01156720.01904274
                   0901128.174628823
                   0695148.285705077
                   0536925.743183157
                   0421607.633508424
                   0344489.923684573
                   0299505.312762183
                   0278101.2005782
                   04365723.29037163
                   04247086.52071387
                   04014329.47297657
                   03677589.04625897
                   03253595.94986481
                   02759626.40432791
                   02212131.24646871
                   01609241.67106017
                   01069519.9119638
                   0833613.802680589
                   0643291.417383946
                   0496931.102209694
                   0390193.752022689
                   0318795.171767969
                   0277145.693334852
                   0257323.680329539
                   04068009.96864253
                   03956359.02209967
                   03737522.86287491
                   03420973.26374802
                   03022726.50461725
                   02558633.57916403
                   02044279.8899815
                   01479948.77467147
                   0982250.660726476
                   0765954.635175544
                   0591272.329162748
                   0456803.850868169
                   0358676.509972042
                   0293022.208640186
                   0254720.439642166
                   0236487.175265138
                   03762956.52191634
                   03657897.0336918
                   03453469.43850653
                   03158341.16547146
                   02786705.17330279
                   02353900.05316526
                   01874508.61299565
                   01350180.54145791
                   0895355.025421212
                   0698505.683850502
                   0539375.539621485
                   0416757.923854881
                   0327222.551119388
                   0267306.808850614
                   0232348.957281892
                   0215703.391756131
                   03449164.65758782
                   03352392.30196352
                   03163417.76057228
                   02890389.33496274
                   02546652.27543609
                   02146319.79338115
                   01703230.72364461
                   01220432.85882358
                   0809080.181742322
                   0631470.650635016
                   0487758.302575801
                   0376914.35023032
                   0295931.227995122
                   0241725.945483924
                   0210098.247969072
                   0195035.976039937
                   03132834.95528436
                   03043826.65318379
                   02870531.99798897
                   02620183.78912089
                   02305096.99022704
                   01938064.38146507
                   01532250.48970021
                   01091998.9125324
                   0724212.113949851
                   0565463.816179464
                   0436899.115427084
                   0337648.078485877
                   0265094.371806355
                   0216521.288142117
                   0188178.241995594
                   0174676.666651753
                   02818318.22739174
                   02734512.18428509
                   02577353.14503721
                   02349964.72374122
                   02063769.1598588
                   01730694.89290842
                   01362849.03050865
                   0965854.286571293
                   0641259.314829988
                   0500896.796311826
                   0387116.729834478
                   0299207.151791207
                   0234905.594630603
                   0191850.500337376
                   0166724.585127796
                   0154753.27465065
                   02502376.27481145
                   02429031.97575636
                   02287407.18295502
                   02083528.77981534
                   01826322.6674771
                   01527063.59981514
                   01197302.90398044
                   0843595.640934979
                   0561204.1645921
                   0438532.78579407
                   0339011.17282556
                   0262051.866129406
                   0205730.051413133
                   0168010.53945766
                   0145996.50122931
                   0135505.866268882
                   02193433.22961027
                   02128765.7188846
                   02003311.96791601
                   01821862.58783925
                   01593688.66186289
                   01328444.01261802
                   01036585.8160899
                   0726072.990053775
                   0484392.488529439
                   0378657.285128308
                   0292803.115203554
                   0226356.255322088
                   0177701.326941872
                   0145110.421700493
                   0126088.438189477
                   0117021.868361268
                   01897435.37722381
                   01840883.24798812
                   01730511.93335814
                   01571441.35369813
                   01371338.1280721
                   01138946.8586677
                   0884072.689991365
                   0615643.303364706
                   0412254.848818911
                   0322384.7346347
                   0249357.839974802
                   0192787.301103726
                   0151344.755510003
                   0123579.969494994
                   0107373.056669826
                   099646.4726764357
                   01615563.41169337
                   01566352.99082959
                   01470962.62380766
                   01333223.86024197
                   01160251.99178726
                   0959632.036937828
                   0741040.619086446
                   0512864.322807079
                   0345001.162076586
                   0269894.102119149
                   0208811.06397978
                   0161456.809394915
                   0126746.353951196
                   0103486.12132341
                   089908.587439329
                   083434.3676302518
                   01352327.29867859
                   01310565.23974339
                   01228993.35872518
                   01111565.88672422
                   0964059.949252912
                   0793514.615403369
                   0608174.439863806
                   0419371.936900774
                   0283580.473889691
                   0221924.646731261
                   0171744.898953989
                   0132810.816422666
                   0104255.556046677
                   085118.1374649545
                   073945.2265090014
                   068616.3287737215
                   01110965.19869496
                   01075623.45985398
                   01007162.78762443
                   0908503.240223741
                   0784844.557826902
                   0642308.458298579
                   0488644.698865763
                   0335899.540679109
                   0228409.676498741
                   0178814.951822622
                   0138419.753666816
                   0107051.080668703
                   084032.9678578744
                   068602.5262260626
                   059593.5510567983
                   055295.5593183406
                   0893060.609484454
                   0864033.736211017
                   0807317.041778905
                   0725868.127259439
                   0624051.419161556
                   0507245.481627251
                   0382769.346189259
                   0262826.615701809
                   0179725.079625926
                   0140752.229368252
                   0108985.002571759
                   084295.5366253309
                   066168.717004947
                   054014.7302981813
                   046918.0439305381
                   043531.8767735125
                   0700838.042077743
                   0677074.084615841
                   0631116.188845682
                   0565179.857144786
                   0482965.791909478
                   0389768.235529103
                   0291354.658791299
                   0200337.731174607
                   0137717.879388375
                   0107893.752715644
                   083565.6014635023
                   064640.8648197302
                   050739.1641694987
                   041416.1362176204
                   035971.7638012039
                   033373.3471117651
                   0534541.66147616
                   0515775.990357372
                   0479187.031282079
                   0426872.950796477
                   0362163.890277589
                   0289279.376501989
                   0214527.511359027
                   0148129.162028676
                   0102309.881881643
                   080183.6421163669
                   062119.8274941306
                   048056.6533376349
                   037720.5502090297
                   030787.1249458804
                   026737.71302839
                   024804.5228501106
                   0394368.755437305
                   0379641.943490048
                   0351271.714063832
                   0311237.677049794
                   0261341.913128313
                   0206422.80886853
                   0151908.185538132
                   0105610.940960029
                   073243.5701665582
                   057424.448522698
                   044500.3734080815
                   034428.8994699959
                   027023.0691970864
                   022053.8062308694
                   019151.3684768791
                   017765.2926308031
                   0278633.107954161
                   0267631.900970925
                   0246289.459156782
                   0216214.057717007
                   0179750.947792423
                   0140096.983322532
                   0102450.457805177
                   071859.4534804553
                   050015.3279508232
                   039227.3345629273
                   030406.9910629122
                   023527.2904798065
                   018465.4595037311
                   015068.388070472
                   013083.8207227191
                   012135.7834467527
                   0185332.54817175
                   0177320.695798352
                   0162035.018343006
                   0140697.255268775
                   0115314.045640093
                   088667.6451765026
                   064603.5433655322
                   045771.9026809328
                   031961.1442038276
                   025076.577398513
                   019443.4575756633
                   015045.3611768607
                   011807.8558127282
                   09634.32560107136
                   08364.27911632092
                   07757.56864512669
